0 0.5515625 0.6333333333333333 0.534375 0.4864583333333333
2 0.03125 0.5083333333333333 0.053125 0.12708333333333333
2 0.17890625 0.4635416666666667 0.0296875 0.07604166666666666
2 0.24921875 0.5083333333333333 0.0453125 0.12291666666666666
2 0.2671875 0.503125 0.0375 0.12291666666666666
2 0.321875 0.5083333333333333 0.04375 0.12291666666666666
2 0.8640625 0.4875 0.03125 0.12291666666666666
2 0.88203125 0.47708333333333336 0.0265625 0.11875
2 0.20234375 0.46041666666666664 0.0234375 0.053125
0 0.73828125 0.459375 0.0703125 0.08541666666666667
0 0.928125 0.47708333333333336 0.028125 0.06666666666666667
0 0.9859375 0.7302083333333333 0.025 0.23020833333333332