0 0.96953125 0.4479166666666667 0.0578125 0.053125
0 0.903125 0.4427083333333333 0.05 0.05625
0 0.8171875 0.490625 0.159375 0.15625
2 0.2453125 0.46875 0.04375 0.15625
2 0.28125 0.475 0.034375 0.15625
2 0.3328125 0.46041666666666664 0.034375 0.103125
2 0.3640625 0.4552083333333333 0.03125 0.109375
2 0.38515625 0.4552083333333333 0.0296875 0.10520833333333333
2 0.465625 0.4510416666666667 0.03125 0.10208333333333333
2 0.18203125 0.4791666666666667 0.0421875 0.15833333333333333
2 0.1453125 0.4708333333333333 0.03125 0.140625
0 0.07890625 0.4552083333333333 0.1015625 0.10520833333333333