2 0.2546875 0.5354166666666667 0.059375 0.24583333333333332
0 0.56171875 0.48333333333333334 0.0328125 0.03333333333333333
0 0.64453125 0.484375 0.0421875 0.046875
0 0.76015625 0.490625 0.0265625 0.022916666666666665
0 0.7953125 0.48541666666666666 0.03125 0.040625
0 0.81015625 0.48541666666666666 0.0515625 0.0375
0 0.85625 0.484375 0.034375 0.03958333333333333
0 0.9015625 0.48333333333333334 0.04375 0.04479166666666667
0 0.91796875 0.49583333333333335 0.0296875 0.03125
0 0.9625 0.49166666666666664 0.03125 0.053125
0 0.98515625 0.5010416666666667 0.0203125 0.040625