2 0.28828125 0.4979166666666667 0.0546875 0.16458333333333333
2 0.340625 0.49895833333333334 0.04375 0.165625
2 0.365625 0.49583333333333335 0.040625 0.16041666666666668
2 0.3875 0.48854166666666665 0.03125 0.140625
2 0.415625 0.4947916666666667 0.0375 0.15416666666666667
0 0.17578125 0.4635416666666667 0.1984375 0.11875
0 0.13828125 0.509375 0.2703125 0.19895833333333332
0 0.0875 0.553125 0.171875 0.21041666666666667
0 0.65625 0.5677083333333334 0.325 0.30625
0 0.8296875 0.46770833333333334 0.15 0.12291666666666666
0 0.853125 0.4979166666666667 0.1 0.12916666666666668
0 0.94140625 0.49270833333333336 0.1171875 0.30625
2 0.4953125 0.4625 0.028125 0.09375
2 0.44375 0.46041666666666664 0.025 0.09583333333333334
2 0.45703125 0.4552083333333333 0.0203125 0.078125