0 0.86328125 0.5552083333333333 0.1828125 0.15833333333333333
0 0.78046875 0.5197916666666667 0.1109375 0.10520833333333333
0 0.69140625 0.4864583333333333 0.0765625 0.078125
0 0.60546875 0.46145833333333336 0.0421875 0.040625
0 0.2984375 0.4875 0.1125 0.06875
2 0.47734375 0.4479166666666667 0.0203125 0.040625
0 0.115625 0.5177083333333333 0.08125 0.09791666666666667
0 0.2078125 0.509375 0.04375 0.09791666666666667
2 0.496875 0.45625 0.015625 0.040625
2 0.46171875 0.44895833333333335 0.0140625 0.03958333333333333
0 0.653125 0.48125 0.034375 0.053125
0 0.634375 0.4739583333333333 0.028125 0.05625
0 0.4078125 0.4479166666666667 0.028125 0.03333333333333333