0 0.246875 0.546875 0.1375 0.12083333333333333
0 0.33125 0.5052083333333334 0.08125 0.07604166666666666
0 0.37265625 0.48854166666666665 0.0359375 0.0625
0 0.3953125 0.47708333333333336 0.05 0.06666666666666667
0 0.60390625 0.48333333333333334 0.0609375 0.0875
0 0.65703125 0.5052083333333334 0.0703125 0.084375
0 0.7609375 0.5458333333333333 0.20625 0.209375
0 0.95234375 0.746875 0.0859375 0.275
2 0.48359375 0.46875 0.0203125 0.07395833333333333
2 0.53359375 0.47708333333333336 0.0265625 0.07083333333333333
2 0.5796875 0.49166666666666664 0.03125 0.07083333333333333
0 0.46640625 0.45 0.0265625 0.029166666666666667
0 0.42265625 0.46875 0.0203125 0.046875
0 0.43359375 0.46458333333333335 0.0234375 0.042708333333333334
0 0.446875 0.459375 0.01875 0.042708333333333334
0 0.04765625 0.50625 0.0953125 0.09791666666666667