2 0.1421875 0.46875 0.021875 0.07395833333333333
2 0.659375 0.5041666666666667 0.04375 0.13333333333333333
2 0.7953125 0.46979166666666666 0.025 0.03333333333333333
2 0.81015625 0.46875 0.0234375 0.03125
0 0.73671875 0.5364583333333334 0.1078125 0.12291666666666666
0 0.840625 0.5625 0.2 0.16770833333333332
0 0.8859375 0.6625 0.225 0.33541666666666664
0 0.06640625 0.5708333333333333 0.1296875 0.21875
0 0.2203125 0.5052083333333334 0.153125 0.165625
0 0.34765625 0.49166666666666664 0.1015625 0.084375
0 0.4015625 0.478125 0.053125 0.06666666666666667
0 0.48828125 0.46145833333333336 0.0328125 0.03333333333333333
0 0.60625 0.4708333333333333 0.03125 0.035416666666666666
0 0.43671875 0.48020833333333335 0.0265625 0.046875
0 0.4421875 0.46979166666666666 0.0375 0.05625
0 0.55078125 0.45416666666666666 0.0171875 0.021875
2 0.53203125 0.45625 0.0109375 0.029166666666666667
2 0.6921875 0.5052083333333334 0.0375 0.12708333333333333