0 0.809375 0.48020833333333335 0.096875 0.09375
0 0.7453125 0.47708333333333336 0.053125 0.06875
0 0.58828125 0.4635416666666667 0.0328125 0.0375
0 0.7078125 0.46770833333333334 0.021875 0.05625
2 0.38046875 0.48854166666666665 0.0453125 0.12083333333333333
2 0.409375 0.478125 0.0375 0.12916666666666668
2 0.3375 0.42916666666666664 0.03125 0.03958333333333333
2 0.29375 0.4479166666666667 0.028125 0.07604166666666666
2 0.25859375 0.471875 0.0296875 0.12291666666666666
2 0.22265625 0.4666666666666667 0.0328125 0.125
2 0.15625 0.46770833333333334 0.034375 0.13854166666666667
2 0.12578125 0.47291666666666665 0.0234375 0.13333333333333333
2 0.10078125 0.4666666666666667 0.0328125 0.13645833333333332
0 0.628125 0.4666666666666667 0.03125 0.027083333333333334