0 0.89921875 0.5541666666666667 0.1953125 0.240625
0 0.64609375 0.5145833333333333 0.2921875 0.20104166666666667
0 0.4796875 0.5197916666666667 0.09375 0.140625
0 0.403125 0.4583333333333333 0.1625 0.12291666666666666
0 0.275 0.46979166666666666 0.071875 0.15416666666666667
2 0.321875 0.5197916666666667 0.1125 0.27291666666666664
2 0.1953125 0.49583333333333335 0.03125 0.125
2 0.021875 0.48125 0.028125 0.09166666666666666
0 0.2296875 0.47291666666666665 0.046875 0.05416666666666667
0 0.1609375 0.4875 0.05625 0.06875
0 0.1015625 0.48541666666666666 0.059375 0.05625
2 0.07421875 0.47708333333333336 0.0234375 0.06875
2 0.9203125 0.428125 0.028125 0.03125