0 0.80703125 0.478125 0.0953125 0.08958333333333333
0 0.7265625 0.46979166666666666 0.06875 0.06875
0 0.6765625 0.46875 0.046875 0.042708333333333334
0 0.621875 0.459375 0.040625 0.03125
0 0.58828125 0.46458333333333335 0.0359375 0.03958333333333333
0 0.2984375 0.5166666666666667 0.425 0.1625
2 0.47109375 0.4583333333333333 0.0265625 0.09166666666666666
2 0.44375 0.45729166666666665 0.028125 0.06666666666666667
2 0.4125 0.45 0.0375 0.071875
2 0.22421875 0.421875 0.0359375 0.027083333333333334
2 0.1078125 0.44583333333333336 0.034375 0.09583333333333334
2 0.13828125 0.4395833333333333 0.0296875 0.07083333333333333
2 0.3765625 0.4354166666666667 0.021875 0.03958333333333333