2 0.58046875 0.48541666666666666 0.1203125 0.303125
2 0.2875 0.5114583333333333 0.06875 0.16458333333333333
2 0.3375 0.48125 0.01875 0.053125
2 0.3609375 0.46145833333333336 0.034375 0.09583333333333334
2 0.04375 0.4625 0.075 0.08958333333333333
0 0.5078125 0.465625 0.05 0.15
0 0.4640625 0.4635416666666667 0.059375 0.084375
2 0.1875 0.4864583333333333 0.071875 0.13645833333333332
2 0.1171875 0.4635416666666667 0.0375 0.07604166666666666
0 0.7265625 0.446875 0.03125 0.051041666666666666
0 0.684375 0.44479166666666664 0.03125 0.040625
0 0.83515625 0.43854166666666666 0.0921875 0.040625
0 0.93046875 0.45729166666666665 0.0421875 0.0625