2 0.07109375 0.5270833333333333 0.0359375 0.13333333333333333
2 0.090625 0.5145833333333333 0.01875 0.11875
2 0.1015625 0.5229166666666667 0.021875 0.125
2 0.13125 0.521875 0.03125 0.12916666666666668
2 0.15703125 0.5229166666666667 0.0234375 0.12291666666666666
2 0.19140625 0.51875 0.0203125 0.0875
2 0.21796875 0.521875 0.0203125 0.109375
2 0.2390625 0.521875 0.021875 0.08958333333333333
2 0.25546875 0.5177083333333333 0.0203125 0.078125
2 0.275 0.525 0.01875 0.09791666666666667
2 0.2890625 0.5125 0.0125 0.06875
2 0.3 0.509375 0.0125 0.06666666666666667
2 0.334375 0.49583333333333335 0.0125 0.0625
2 0.34375 0.48854166666666665 0.009375 0.051041666666666666
2 0.35078125 0.48854166666666665 0.0109375 0.051041666666666666
2 0.41015625 0.4864583333333333 0.0140625 0.051041666666666666
2 0.43125 0.4635416666666667 0.009375 0.029166666666666667
2 0.36640625 0.49375 0.0171875 0.058333333333333334
2 0.02421875 0.5208333333333334 0.0390625 0.146875
0 0.6140625 0.46875 0.03125 0.03125
2 0.61328125 0.48125 0.0109375 0.029166666666666667
2 0.62265625 0.4875 0.0109375 0.040625
0 0.54453125 0.4666666666666667 0.0734375 0.022916666666666665
0 0.5953125 0.5427083333333333 0.071875 0.11666666666666667
0 0.64296875 0.4947916666666667 0.0265625 0.053125
0 0.66640625 0.49166666666666664 0.0203125 0.040625
0 0.68984375 0.4979166666666667 0.0421875 0.051041666666666666
0 0.503125 0.5541666666666667 0.15625 0.15416666666666667
2 0.771875 0.49166666666666664 0.0125 0.053125
2 0.790625 0.49375 0.015625 0.05416666666666667
2 0.81328125 0.49583333333333335 0.0140625 0.058333333333333334
2 0.85703125 0.4875 0.0171875 0.0375
2 0.86484375 0.4864583333333333 0.0140625 0.03125
2 0.8953125 0.5375 0.028125 0.07395833333333333
0 0.928125 0.5208333333333334 0.103125 0.08020833333333334
2 0.46484375 0.46145833333333336 0.0140625 0.029166666666666667
2 0.2 0.459375 0.0125 0.035416666666666666
2 0.26171875 0.46145833333333336 0.0109375 0.029166666666666667
2 0.32109375 0.48854166666666665 0.0171875 0.0625
2 0.44296875 0.46458333333333335 0.0140625 0.027083333333333334
0 0.59375 0.46041666666666664 0.021875 0.022916666666666665
0 0.5625 0.44166666666666665 0.015625 0.019791666666666666