0 0.61015625 0.5104166666666666 0.0953125 0.09166666666666666
0 0.565625 0.48020833333333335 0.071875 0.07083333333333333
0 0.5328125 0.4583333333333333 0.046875 0.04479166666666667
0 0.45546875 0.446875 0.0328125 0.03125
0 0.3078125 0.49166666666666664 0.065625 0.06041666666666667
0 0.23046875 0.5270833333333333 0.0734375 0.08541666666666667
0 0.140625 0.5552083333333333 0.153125 0.13854166666666667
0 0.12890625 0.48854166666666665 0.0828125 0.058333333333333334
0 0.0234375 0.6489583333333333 0.046875 0.13854166666666667
2 0.69921875 0.63125 0.0890625 0.27291666666666664
0 0.73671875 0.42916666666666664 0.0609375 0.03958333333333333
0 0.7390625 0.4864583333333333 0.05 0.08958333333333333
0 0.3421875 0.46875 0.0375 0.051041666666666666
0 0.3734375 0.4666666666666667 0.03125 0.042708333333333334
0 0.33515625 0.47604166666666664 0.0515625 0.04479166666666667