2 0.834375 0.509375 0.065625 0.29270833333333335
2 0.1640625 0.471875 0.028125 0.1
2 0.03515625 0.48125 0.0359375 0.115625
0 0.9359375 0.528125 0.125 0.12708333333333333
0 0.76796875 0.5385416666666667 0.0734375 0.11875
0 0.7046875 0.540625 0.034375 0.08229166666666667
0 0.7390625 0.46145833333333336 0.11875 0.053125
0 0.61328125 0.5083333333333333 0.0953125 0.125
0 0.59765625 0.4791666666666667 0.1171875 0.0875
0 0.58359375 0.46458333333333335 0.1359375 0.09375
2 0.0109375 0.4864583333333333 0.01875 0.109375
2 0.1984375 0.4822916666666667 0.03125 0.07083333333333333
2 0.21640625 0.47708333333333336 0.0265625 0.06875
0 0.41015625 0.475 0.0328125 0.042708333333333334
0 0.49375 0.48020833333333335 0.034375 0.035416666666666666