0 0.20234375 0.509375 0.1484375 0.12916666666666668
0 0.603125 0.4822916666666667 0.046875 0.06666666666666667
0 0.65390625 0.49270833333333336 0.0921875 0.09166666666666666
0 0.6890625 0.521875 0.125 0.12083333333333333
0 0.8671875 0.6177083333333333 0.246875 0.3927083333333333
2 0.75 0.49166666666666664 0.03125 0.10520833333333333
2 0.784375 0.4822916666666667 0.028125 0.09791666666666667
2 0.5796875 0.47708333333333336 0.025 0.0875
2 0.40390625 0.46979166666666666 0.0265625 0.07604166666666666
2 0.3890625 0.44583333333333336 0.01875 0.0375
2 0.4546875 0.465625 0.025 0.05625
2 0.38359375 0.471875 0.0234375 0.06041666666666667
0 0.16328125 0.46458333333333335 0.0484375 0.05416666666666667
0 0.52421875 0.453125 0.0234375 0.027083333333333334
2 0.840625 0.4552083333333333 0.028125 0.042708333333333334
0 0.11484375 0.475 0.0234375 0.05416666666666667