2 0.63671875 0.478125 0.0484375 0.13645833333333332
0 0.40078125 0.471875 0.0609375 0.071875
0 0.32890625 0.465625 0.0546875 0.071875
0 0.29453125 0.48125 0.0453125 0.06875
0 0.26875 0.4822916666666667 0.03125 0.07083333333333333
0 0.2234375 0.4947916666666667 0.084375 0.07604166666666666
2 0.1734375 0.4864583333333333 0.021875 0.08229166666666667
2 0.1546875 0.48125 0.021875 0.0875
2 0.13828125 0.4875 0.0234375 0.084375
0 0.53984375 0.46875 0.0265625 0.03125
0 0.49609375 0.46875 0.0234375 0.022916666666666665
0 0.596875 0.484375 0.046875 0.0625
0 0.69765625 0.4947916666666667 0.0828125 0.09583333333333334
0 0.79453125 0.5291666666666667 0.1984375 0.15208333333333332
0 0.93515625 0.5427083333333333 0.1234375 0.28125
0 0.45703125 0.46875 0.0234375 0.022916666666666665