2 0.43828125 0.46041666666666664 0.0203125 0.03958333333333333
2 0.7375 0.5395833333333333 0.04375 0.146875
2 0.76875 0.496875 0.040625 0.084375
0 0.83984375 0.5802083333333333 0.1953125 0.16770833333333332
0 0.9140625 0.675 0.159375 0.31875
0 0.69921875 0.5083333333333333 0.0671875 0.11666666666666667
0 0.61484375 0.48020833333333335 0.0421875 0.042708333333333334
0 0.56328125 0.4625 0.0296875 0.03125
0 0.3421875 0.4583333333333333 0.078125 0.05625
0 0.26953125 0.44479166666666664 0.0640625 0.053125
0 0.203125 0.46145833333333336 0.053125 0.06041666666666667
0 0.0375 0.575 0.075 0.225
0 0.41640625 0.46041666666666664 0.0359375 0.0375
0 0.2609375 0.46145833333333336 0.059375 0.053125
0 0.50703125 0.459375 0.0203125 0.022916666666666665
0 0.6359375 0.49166666666666664 0.0375 0.058333333333333334
0 0.6578125 0.5020833333333333 0.040625 0.06666666666666667
0 0.67421875 0.5041666666666667 0.0421875 0.08229166666666667
0 0.12421875 0.4708333333333333 0.0953125 0.10520833333333333