0 0.0859375 0.5479166666666667 0.11875 0.11875
0 0.05625 0.7197916666666667 0.1125 0.43125
0 0.20546875 0.5875 0.2515625 0.25833333333333336
0 0.91484375 0.81875 0.1609375 0.35208333333333336
0 0.8109375 0.6375 0.271875 0.22083333333333333
0 0.671875 0.5583333333333333 0.146875 0.140625
0 0.40390625 0.46979166666666666 0.0296875 0.040625
0 0.32734375 0.4979166666666667 0.0421875 0.058333333333333334
0 0.34609375 0.4864583333333333 0.0296875 0.051041666666666666
2 0.4359375 0.45625 0.01875 0.05625
2 0.3734375 0.4791666666666667 0.021875 0.071875
2 0.5078125 0.4635416666666667 0.01875 0.053125
0 0.63515625 0.51875 0.1046875 0.09583333333333334
0 0.61875 0.48854166666666665 0.09375 0.09375
0 0.565625 0.4625 0.046875 0.0625
0 0.45234375 0.45 0.0203125 0.025
0 0.7421875 0.44583333333333336 0.0875 0.035416666666666666
0 0.68984375 0.4479166666666667 0.0421875 0.03333333333333333