2 0.7421875 0.515625 0.084375 0.24583333333333332
0 0.79296875 0.49895833333333334 0.0421875 0.11875
0 0.9046875 0.5052083333333334 0.04375 0.103125
2 0.834375 0.515625 0.065625 0.234375
2 0.87265625 0.5145833333333333 0.0359375 0.20104166666666667
0 0.41875 0.48125 0.078125 0.09166666666666666
0 0.3421875 0.46145833333333336 0.028125 0.03333333333333333
0 0.31875 0.47708333333333336 0.040625 0.035416666666666666
2 0.94453125 0.5625 0.0359375 0.14479166666666668
0 0.14140625 0.4791666666666667 0.0546875 0.053125
0 0.0328125 0.48541666666666666 0.065625 0.1
2 0.9546875 0.5260416666666666 0.0375 0.19375
2 0.96953125 0.553125 0.0578125 0.19166666666666668