2 0.4 0.46770833333333334 0.021875 0.06875
0 0.13984375 0.6510416666666666 0.2796875 0.38125
0 0.31328125 0.53125 0.1296875 0.16458333333333333
0 0.853125 0.746875 0.290625 0.4979166666666667
0 0.7203125 0.5875 0.159375 0.171875
0 0.6390625 0.534375 0.115625 0.12291666666666666
0 0.60703125 0.49375 0.0765625 0.09375
2 0.50703125 0.46458333333333335 0.0203125 0.058333333333333334
0 0.37734375 0.46979166666666666 0.0296875 0.040625
0 0.40703125 0.4635416666666667 0.0203125 0.03333333333333333
0 0.41875 0.45625 0.03125 0.03333333333333333
0 0.12890625 0.475 0.1921875 0.058333333333333334
0 0.5578125 0.45729166666666665 0.040625 0.058333333333333334
0 0.446875 0.44583333333333336 0.025 0.022916666666666665
2 0.43515625 0.45 0.0140625 0.04479166666666667
0 0.4984375 0.45208333333333334 0.034375 0.040625
0 0.6734375 0.45 0.03125 0.03333333333333333
0 0.71953125 0.44166666666666665 0.0546875 0.035416666666666666