2 0.2390625 0.46770833333333334 0.04375 0.146875
2 0.28984375 0.45 0.0265625 0.115625
2 0.30703125 0.4625 0.0328125 0.14479166666666668
0 0.509375 0.46041666666666664 0.028125 0.084375
0 0.5859375 0.46041666666666664 0.0875 0.1
0 0.675 0.48541666666666666 0.0625 0.071875
2 0.5390625 0.4979166666666667 0.08125 0.19895833333333332
2 0.6375 0.4979166666666667 0.05625 0.203125
2 0.7484375 0.50625 0.09375 0.23020833333333332
2 0.9234375 0.5114583333333333 0.053125 0.19166666666666668
2 0.96875 0.5041666666666667 0.05625 0.21041666666666667
0 0.16015625 0.459375 0.1359375 0.08541666666666667
0 0.4859375 0.46041666666666664 0.034375 0.051041666666666666