0 0.78203125 0.5177083333333333 0.1265625 0.12083333333333333
0 0.71484375 0.49583333333333335 0.0671875 0.08541666666666667
0 0.35234375 0.5635416666666667 0.1453125 0.146875
0 0.2484375 0.6166666666666667 0.24375 0.23229166666666667
0 0.11796875 0.7875 0.2328125 0.41458333333333336
0 0.65703125 0.4739583333333333 0.0515625 0.05625
0 0.55 0.45 0.03125 0.0375
0 0.39140625 0.5083333333333333 0.1234375 0.14791666666666667
0 0.94140625 0.778125 0.1171875 0.31875
0 0.96953125 0.590625 0.0609375 0.1
0 0.51640625 0.44583333333333336 0.0234375 0.03333333333333333
2 0.50234375 0.459375 0.0203125 0.042708333333333334
0 0.63046875 0.4666666666666667 0.0296875 0.03958333333333333
0 0.61484375 0.4625 0.0203125 0.035416666666666666
0 0.5734375 0.4479166666666667 0.021875 0.029166666666666667
0 0.45 0.48333333333333334 0.040625 0.05625
0 0.459375 0.4635416666666667 0.046875 0.06041666666666667
0 0.48046875 0.46145833333333336 0.0234375 0.0375
0 0.8265625 0.47708333333333336 0.053125 0.03333333333333333
2 0.16796875 0.42604166666666665 0.0109375 0.027083333333333334
2 0.15625 0.4239583333333333 0.0125 0.027083333333333334
2 0.14609375 0.4270833333333333 0.0140625 0.0375