0 0.309375 0.5302083333333333 0.11875 0.10729166666666666
0 0.3671875 0.5083333333333333 0.046875 0.06875
0 0.634375 0.4822916666666667 0.0625 0.058333333333333334
0 0.953125 0.5083333333333333 0.0875 0.11875
0 0.97109375 0.5416666666666666 0.0546875 0.12291666666666666
0 0.89296875 0.50625 0.0578125 0.078125
2 0.8046875 0.565625 0.04375 0.15416666666666667
0 0.39140625 0.5 0.0328125 0.058333333333333334
0 0.409375 0.49166666666666664 0.028125 0.046875
0 0.428125 0.48854166666666665 0.03125 0.046875
0 0.44375 0.48020833333333335 0.028125 0.042708333333333334
0 0.46171875 0.4739583333333333 0.0234375 0.0375