2 0.24296875 0.478125 0.0296875 0.109375
2 0.38046875 0.46041666666666664 0.0203125 0.058333333333333334
0 0.72265625 0.5166666666666667 0.0703125 0.103125
0 0.8046875 0.5541666666666667 0.196875 0.178125
2 0.4796875 0.46041666666666664 0.01875 0.04479166666666667
2 0.4671875 0.46041666666666664 0.015625 0.042708333333333334
0 0.70078125 0.49270833333333336 0.0859375 0.09166666666666666
2 0.428125 0.4625 0.01875 0.046875
0 0.653125 0.475 0.046875 0.051041666666666666
2 0.21875 0.44166666666666665 0.01875 0.046875
2 0.40078125 0.4666666666666667 0.0203125 0.05416666666666667