2 0.54765625 0.5 0.0296875 0.10208333333333333
2 0.5765625 0.5072916666666667 0.021875 0.09583333333333334
2 0.60234375 0.5166666666666667 0.0546875 0.134375
0 0.640625 0.5177083333333333 0.0625 0.078125
0 0.68984375 0.5322916666666667 0.0796875 0.15
0 0.76953125 0.5666666666666667 0.2078125 0.21875
0 0.8625 0.6552083333333333 0.271875 0.290625
0 0.27734375 0.478125 0.0765625 0.06666666666666667
0 0.3015625 0.5135416666666667 0.09375 0.08541666666666667
0 0.36171875 0.5020833333333333 0.0421875 0.0625
0 0.3984375 0.490625 0.05625 0.042708333333333334
0 0.13671875 0.5510416666666667 0.1765625 0.15625
0 0.0484375 0.5541666666666667 0.096875 0.178125
0 0.43359375 0.48333333333333334 0.0359375 0.040625
0 0.45625 0.48020833333333335 0.01875 0.03125
0 0.46953125 0.47604166666666664 0.0234375 0.029166666666666667
0 0.47890625 0.471875 0.0234375 0.029166666666666667