2 0.52265625 0.45729166666666665 0.0328125 0.09375
2 0.49453125 0.45208333333333334 0.0296875 0.09166666666666666
2 0.4703125 0.4552083333333333 0.025 0.08958333333333333
2 0.55234375 0.47291666666666665 0.0359375 0.13333333333333333
2 0.584375 0.46458333333333335 0.028125 0.13333333333333333
0 0.7578125 0.46041666666666664 0.078125 0.06458333333333334
0 0.87265625 0.46041666666666664 0.0828125 0.084375
2 0.64765625 0.46979166666666666 0.0484375 0.134375
0 0.0140625 0.44166666666666665 0.028125 0.051041666666666666
0 0.1109375 0.5166666666666667 0.18125 0.18541666666666667
2 0.3984375 0.45 0.03125 0.0875
2 0.4328125 0.45416666666666666 0.028125 0.09166666666666666
2 0.93671875 0.4708333333333333 0.0671875 0.18333333333333332
2 0.7078125 0.4666666666666667 0.03125 0.12083333333333333
2 0.67109375 0.46770833333333334 0.0296875 0.12708333333333333