2 0.79921875 0.49166666666666664 0.0359375 0.109375
2 0.76953125 0.49375 0.0453125 0.11354166666666667
0 0.959375 0.5208333333333334 0.08125 0.115625
0 0.9390625 0.49895833333333334 0.1125 0.115625
0 0.8875 0.4822916666666667 0.075 0.078125
0 0.35234375 0.49166666666666664 0.0953125 0.08541666666666667
0 0.2359375 0.4895833333333333 0.171875 0.10729166666666666
0 0.14296875 0.5 0.1328125 0.12083333333333333
0 0.09140625 0.51875 0.1796875 0.15833333333333333
0 0.0421875 0.5614583333333333 0.08125 0.11875
0 0.5390625 0.4666666666666667 0.03125 0.035416666666666666
0 0.83984375 0.478125 0.0390625 0.07395833333333333
0 0.390625 0.4822916666666667 0.090625 0.078125
0 0.38828125 0.4875 0.0609375 0.071875