2 0.80859375 0.584375 0.1203125 0.5197916666666667
2 0.45390625 0.4875 0.0328125 0.10729166666666666
2 0.41015625 0.490625 0.0328125 0.11666666666666667
0 0.93125 0.540625 0.134375 0.25
0 0.70390625 0.50625 0.1203125 0.19895833333333332
0 0.88515625 0.45208333333333334 0.0515625 0.0875
0 0.58359375 0.5166666666666667 0.0734375 0.103125
0 0.56640625 0.496875 0.1359375 0.11875
0 0.215625 0.47291666666666665 0.04375 0.035416666666666666
0 0.1046875 0.496875 0.128125 0.115625
0 0.1578125 0.490625 0.0625 0.0625
0 0.05234375 0.5 0.1046875 0.125
0 0.38984375 0.478125 0.0328125 0.0625
2 0.328125 0.46770833333333334 0.01875 0.04479166666666667