2 0.59453125 0.46458333333333335 0.0203125 0.0625
0 0.06484375 0.7895833333333333 0.1265625 0.31875
0 0.146875 0.6489583333333333 0.290625 0.24791666666666667
0 0.3296875 0.5385416666666667 0.140625 0.12291666666666666
0 0.38125 0.49270833333333336 0.071875 0.09583333333333334
0 0.678125 0.49166666666666664 0.06875 0.071875
0 0.72265625 0.5135416666666667 0.0953125 0.09375
0 0.45 0.45729166666666665 0.04375 0.046875
0 0.42890625 0.47708333333333336 0.0359375 0.05416666666666667
0 0.5 0.4354166666666667 0.021875 0.027083333333333334
0 0.546875 0.44166666666666665 0.021875 0.022916666666666665
0 0.6796875 0.434375 0.040625 0.040625