2 0.93828125 0.478125 0.0765625 0.23854166666666668
2 0.7828125 0.46458333333333335 0.071875 0.265625
2 0.553125 0.47708333333333336 0.046875 0.16979166666666667
2 0.51015625 0.475 0.0421875 0.17604166666666668
2 0.3859375 0.44583333333333336 0.021875 0.058333333333333334
0 0.1625 0.44583333333333336 0.084375 0.08229166666666667
0 0.25390625 0.44375 0.0265625 0.027083333333333334
0 0.325 0.4552083333333333 0.059375 0.0625
0 0.034375 0.4510416666666667 0.0625 0.07395833333333333
0 0.871875 0.5083333333333333 0.08125 0.078125
0 0.971875 0.4822916666666667 0.053125 0.13333333333333333