2 0.8453125 0.49375 0.059375 0.25833333333333336
2 0.90625 0.49375 0.053125 0.25833333333333336
0 0.8 0.4625 0.040625 0.07395833333333333
0 0.96328125 0.4864583333333333 0.0703125 0.12083333333333333
2 0.64375 0.4635416666666667 0.028125 0.06041666666666667
2 0.6234375 0.46041666666666664 0.021875 0.07083333333333333
2 0.55 0.4583333333333333 0.01875 0.040625
2 0.56953125 0.46041666666666664 0.0203125 0.051041666666666666
0 0.7296875 0.45625 0.034375 0.06041666666666667
0 0.9546875 0.403125 0.071875 0.06041666666666667
2 0.16875 0.4864583333333333 0.01875 0.05416666666666667
2 0.128125 0.4864583333333333 0.021875 0.03125
2 0.3765625 0.46041666666666664 0.0125 0.027083333333333334