2 0.540625 0.4552083333333333 0.05 0.140625
2 0.58046875 0.45416666666666666 0.0265625 0.09583333333333334
2 0.07890625 0.4427083333333333 0.0453125 0.13854166666666667
2 0.009375 0.43125 0.01875 0.11666666666666667
2 0.2796875 0.459375 0.028125 0.13333333333333333
2 0.30703125 0.4552083333333333 0.0328125 0.14479166666666668
0 0.340625 0.4666666666666667 0.05625 0.06666666666666667
0 0.3625 0.45625 0.053125 0.071875
0 0.46796875 0.46145833333333336 0.0328125 0.040625
0 0.6359375 0.4666666666666667 0.05625 0.07395833333333333
0 0.6921875 0.47708333333333336 0.10625 0.10520833333333333
0 0.9640625 0.5135416666666667 0.065625 0.10520833333333333
0 0.39375 0.46041666666666664 0.021875 0.040625