0 0.90703125 0.6239583333333333 0.1828125 0.2791666666666667
2 0.88125 0.48854166666666665 0.021875 0.051041666666666666
2 0.86015625 0.49166666666666664 0.0203125 0.05625
2 0.84453125 0.490625 0.0203125 0.058333333333333334
0 0.4453125 0.5135416666666667 0.10625 0.10208333333333333
0 0.52734375 0.4822916666666667 0.0421875 0.042708333333333334
0 0.24453125 0.46458333333333335 0.0359375 0.03125
0 0.6453125 0.465625 0.05 0.03333333333333333
0 0.68046875 0.47291666666666665 0.0265625 0.022916666666666665
2 0.590625 0.47604166666666664 0.0125 0.0375
0 0.20625 0.4666666666666667 0.028125 0.027083333333333334