0 0.11484375 0.4625 0.0796875 0.07395833333333333
0 0.4546875 0.471875 0.078125 0.09166666666666666
0 0.43125 0.4479166666666667 0.065625 0.07604166666666666
2 0.88515625 0.49166666666666664 0.0515625 0.115625
2 0.7078125 0.484375 0.040625 0.11666666666666667
1 0.82578125 0.5364583333333334 0.0546875 0.040625
1 0.7421875 0.5260416666666666 0.053125 0.05625
2 0.32109375 0.434375 0.0234375 0.06875
2 0.25390625 0.4375 0.0234375 0.0625
2 0.20390625 0.440625 0.0265625 0.06875
0 0.16875 0.44375 0.05 0.05416666666666667
0 0.06875 0.43645833333333334 0.0375 0.05625
0 0.02578125 0.44583333333333336 0.0515625 0.06666666666666667
0 0.37109375 0.43020833333333336 0.0359375 0.04479166666666667
0 0.38828125 0.43854166666666666 0.0265625 0.053125