0 0.45546875 0.5020833333333333 0.0265625 0.027083333333333334
0 0.5578125 0.5020833333333333 0.0375 0.042708333333333334
0 0.50546875 0.5229166666666667 0.0671875 0.071875
0 0.609375 0.5041666666666667 0.04375 0.035416666666666666
2 0.0765625 0.49375 0.028125 0.046875
2 0.11796875 0.48541666666666666 0.0265625 0.03333333333333333
2 0.71171875 0.48854166666666665 0.0234375 0.035416666666666666
2 0.2046875 0.490625 0.025 0.035416666666666666
2 0.03359375 0.509375 0.0328125 0.051041666666666666
2 0.14921875 0.48541666666666666 0.0234375 0.0375
2 0.29296875 0.4864583333333333 0.0203125 0.035416666666666666