2 0.77578125 0.503125 0.0421875 0.12708333333333333
2 0.740625 0.49895833333333334 0.03125 0.12708333333333333
2 0.46328125 0.484375 0.0265625 0.11666666666666667
2 0.4359375 0.50625 0.0375 0.12916666666666668
0 0.09921875 0.6833333333333333 0.1921875 0.5083333333333333
0 0.3484375 0.5020833333333333 0.128125 0.14791666666666667
0 0.27109375 0.48125 0.0515625 0.084375
0 0.50703125 0.4666666666666667 0.0265625 0.027083333333333334
0 0.6171875 0.4864583333333333 0.121875 0.09791666666666667
0 0.67734375 0.48020833333333335 0.0609375 0.08958333333333333
0 0.71875 0.47708333333333336 0.0375 0.10729166666666666
0 0.84609375 0.5177083333333333 0.1234375 0.11666666666666667
0 0.40234375 0.49270833333333336 0.0296875 0.10729166666666666
0 0.9703125 0.4822916666666667 0.059375 0.078125
0 0.95859375 0.459375 0.0796875 0.08229166666666667
0 0.84375 0.46145833333333336 0.065625 0.040625