0 0.03671875 0.35833333333333334 0.0171875 0.09166666666666666
0 0.01796875 0.3260416666666667 0.0234375 0.027083333333333334
0 0.0859375 0.34479166666666666 0.08125 0.084375
0 0.2390625 0.34270833333333334 0.190625 0.09166666666666666
0 0.471875 0.346875 0.196875 0.1
2 0.671875 0.3260416666666667 0.015625 0.035416666666666666
0 0.7296875 0.346875 0.046875 0.05625
0 0.76875 0.32083333333333336 0.03125 0.03125
0 0.7703125 0.3625 0.028125 0.053125
0 0.878125 0.35520833333333335 0.159375 0.109375
0 0.97890625 0.36875 0.0421875 0.06666666666666667