0 0.7796875 0.5375 0.128125 0.140625
0 0.5734375 0.4583333333333333 0.046875 0.04479166666666667
0 0.4328125 0.45208333333333334 0.0375 0.040625
0 0.04375 0.7135416666666666 0.084375 0.20104166666666667
0 0.121875 0.50625 0.0875 0.10208333333333333
0 0.21875 0.490625 0.065625 0.07395833333333333
2 0.7015625 0.5239583333333333 0.040625 0.165625
2 0.615625 0.5197916666666667 0.04375 0.171875
2 0.66328125 0.5208333333333334 0.0484375 0.15833333333333333
2 0.26015625 0.49270833333333336 0.0265625 0.0875
2 0.225 0.6020833333333333 0.06875 0.24583333333333332
2 0.4078125 0.44583333333333336 0.01875 0.040625