0 0.9328125 0.7177083333333333 0.128125 0.228125
0 0.82578125 0.49166666666666664 0.0671875 0.08958333333333333
0 0.75078125 0.5270833333333333 0.1015625 0.109375
0 0.67421875 0.5614583333333333 0.1453125 0.15
0 0.38984375 0.49375 0.0765625 0.07083333333333333
0 0.3234375 0.5395833333333333 0.09375 0.12291666666666666
0 0.24296875 0.5708333333333333 0.1609375 0.1875
0 0.1 0.6166666666666667 0.19375 0.34375
2 0.48984375 0.47708333333333336 0.0234375 0.078125
2 0.45859375 0.48125 0.0265625 0.084375
2 0.43984375 0.48333333333333334 0.0234375 0.09583333333333334
2 0.525 0.5614583333333333 0.05625 0.18958333333333333
0 0.98125 0.5416666666666666 0.034375 0.0875
0 0.75234375 0.46145833333333336 0.0453125 0.0375
2 0.55859375 0.45625 0.0203125 0.040625