0 0.9046875 0.5822916666666667 0.190625 0.296875
0 0.5234375 0.5520833333333334 0.284375 0.290625
2 0.30703125 0.4895833333333333 0.0296875 0.084375
2 0.26328125 0.47708333333333336 0.0234375 0.05416666666666667
2 0.15078125 0.48854166666666665 0.0203125 0.078125
2 0.0671875 0.4625 0.021875 0.035416666666666666
2 0.053125 0.484375 0.03125 0.07395833333333333
2 0.334375 0.47708333333333336 0.01875 0.053125
2 0.2890625 0.47708333333333336 0.01875 0.071875
2 0.1703125 0.48020833333333335 0.028125 0.10520833333333333
2 0.82421875 0.475 0.0140625 0.051041666666666666
2 0.8125 0.46770833333333334 0.01875 0.029166666666666667
2 0.79296875 0.46875 0.0203125 0.03125