0 0.81015625 0.46041666666666664 0.0515625 0.07395833333333333
0 0.9265625 0.446875 0.14375 0.13645833333333332
0 0.953125 0.490625 0.090625 0.125
2 0.6578125 0.471875 0.025 0.09166666666666666
2 0.678125 0.46979166666666666 0.021875 0.084375
2 0.615625 0.46875 0.021875 0.06666666666666667
2 0.640625 0.46770833333333334 0.01875 0.06458333333333334
2 0.55 0.4635416666666667 0.01875 0.04895833333333333
0 0.41875 0.46458333333333335 0.040625 0.03125
2 0.359375 0.46770833333333334 0.009375 0.021875
2 0.36796875 0.4625 0.0078125 0.027083333333333334
2 0.37578125 0.46458333333333335 0.0109375 0.022916666666666665
2 0.16875 0.478125 0.01875 0.042708333333333334
2 0.128125 0.4864583333333333 0.01875 0.03125
2 0.1125 0.4895833333333333 0.01875 0.053125