2 0.81640625 0.4635416666666667 0.0296875 0.1
2 0.7921875 0.475 0.01875 0.07395833333333333
2 0.76875 0.475 0.021875 0.042708333333333334
0 0.52734375 0.49166666666666664 0.1421875 0.1625
0 0.45 0.5395833333333333 0.2 0.2125
0 0.9671875 0.7229166666666667 0.0625 0.25416666666666665
0 0.3515625 0.4864583333333333 0.034375 0.035416666666666666
0 0.29140625 0.4864583333333333 0.0234375 0.035416666666666666
0 0.26953125 0.484375 0.0234375 0.03125
0 0.2484375 0.49270833333333336 0.05 0.040625
0 0.11484375 0.49270833333333336 0.1484375 0.084375
0 0.02890625 0.5395833333333333 0.0578125 0.134375
2 0.3203125 0.49895833333333334 0.059375 0.196875