2 0.92734375 0.5760416666666667 0.0609375 0.09375
2 0.884375 0.5291666666666667 0.04375 0.06666666666666667
0 0.08515625 0.5322916666666667 0.1265625 0.07604166666666666
0 0.0625 0.6791666666666667 0.121875 0.21666666666666667
0 0.13515625 0.6239583333333333 0.1671875 0.15416666666666667
0 0.22578125 0.590625 0.1078125 0.11875
0 0.31484375 0.55 0.0703125 0.06458333333333334
0 0.346875 0.5239583333333333 0.059375 0.071875
0 0.38359375 0.51875 0.0328125 0.04479166666666667
0 0.90078125 0.8041666666666667 0.1953125 0.3770833333333333
2 0.45625 0.50625 0.021875 0.058333333333333334
0 0.42578125 0.49583333333333335 0.0359375 0.035416666666666666
0 0.41796875 0.5145833333333333 0.0265625 0.03333333333333333