0 0.83125 0.5291666666666667 0.046875 0.12916666666666668
0 0.9265625 0.5229166666666667 0.140625 0.19583333333333333
2 0.70703125 0.496875 0.0328125 0.084375
2 0.66875 0.4864583333333333 0.034375 0.08541666666666667
2 0.6453125 0.4864583333333333 0.025 0.0625
2 0.6046875 0.490625 0.021875 0.0625
2 0.5859375 0.490625 0.021875 0.046875
2 0.8796875 0.5083333333333333 0.05 0.09375
0 0.0390625 0.46041666666666664 0.06875 0.09583333333333334
0 0.76328125 0.5 0.1015625 0.07395833333333333
2 0.56875 0.48854166666666665 0.01875 0.046875
2 0.55234375 0.48854166666666665 0.0203125 0.05416666666666667