0 0.91875 0.5604166666666667 0.159375 0.22708333333333333
0 0.80625 0.5239583333333333 0.14375 0.15
0 0.61640625 0.4875 0.0609375 0.07604166666666666
0 0.5921875 0.47708333333333336 0.053125 0.071875
0 0.5515625 0.47291666666666665 0.046875 0.0625
0 0.515625 0.471875 0.03125 0.0375
0 0.13125 0.5927083333333333 0.25 0.225
2 0.3140625 0.47708333333333336 0.01875 0.06458333333333334
0 0.41328125 0.46458333333333335 0.0328125 0.03958333333333333
0 0.490625 0.46875 0.025 0.03125
2 0.46640625 0.46041666666666664 0.0140625 0.035416666666666666
2 0.453125 0.46041666666666664 0.0125 0.035416666666666666
2 0.3921875 0.46041666666666664 0.0125 0.029166666666666667
0 0.1140625 0.46979166666666666 0.103125 0.040625
0 0.17265625 0.4864583333333333 0.1109375 0.078125
0 0.2265625 0.48854166666666665 0.06875 0.0625
0 0.2625 0.478125 0.05625 0.06666666666666667
0 0.703125 0.496875 0.140625 0.13125