2 0.08984375 0.4666666666666667 0.0296875 0.078125
2 0.06484375 0.4666666666666667 0.0296875 0.078125
2 0.5859375 0.46875 0.021875 0.0625
2 0.6171875 0.5010416666666667 0.040625 0.12708333333333333
2 0.66484375 0.54375 0.0609375 0.11145833333333334
0 0.5234375 0.4708333333333333 0.053125 0.058333333333333334
0 0.7265625 0.475 0.0625 0.06666666666666667
2 0.77578125 0.5083333333333333 0.0546875 0.134375
2 0.846875 0.5166666666666667 0.0375 0.1625
2 0.91875 0.5197916666666667 0.046875 0.16458333333333333
2 0.95546875 0.521875 0.0421875 0.16770833333333332
0 0.4265625 0.4479166666666667 0.034375 0.029166666666666667
2 0.45078125 0.45208333333333334 0.0140625 0.0375
2 0.253125 0.44895833333333335 0.01875 0.035416666666666666
2 0.3171875 0.44375 0.0125 0.03125
2 0.57421875 0.4666666666666667 0.0203125 0.058333333333333334