2 0.16875 0.49166666666666664 0.04375 0.140625
2 0.20703125 0.49895833333333334 0.0328125 0.115625
2 0.30625 0.46458333333333335 0.0375 0.078125
2 0.33984375 0.490625 0.0453125 0.11354166666666667
2 0.3828125 0.4822916666666667 0.0375 0.12083333333333333
2 0.42109375 0.4875 0.0421875 0.11875
0 0.62578125 0.48125 0.0359375 0.040625
0 0.57109375 0.4895833333333333 0.0328125 0.0375
0 0.68125 0.484375 0.075 0.07083333333333333
2 0.45703125 0.47708333333333336 0.0265625 0.09166666666666666
2 0.47890625 0.478125 0.0234375 0.08958333333333333
2 0.440625 0.4791666666666667 0.021875 0.084375