2 0.79140625 0.521875 0.0515625 0.11666666666666667
2 0.77109375 0.5854166666666667 0.0546875 0.178125
2 0.72421875 0.575 0.0546875 0.2125
0 0.17265625 0.46875 0.1546875 0.051041666666666666
0 0.25390625 0.44583333333333336 0.0796875 0.04479166666666667
0 0.3484375 0.50625 0.1 0.13333333333333333
0 0.2875 0.5395833333333333 0.1125 0.13645833333333332
0 0.19765625 0.5822916666666667 0.1703125 0.171875
0 0.08828125 0.6822916666666666 0.1734375 0.30625
0 0.02421875 0.45729166666666665 0.0484375 0.0625
0 0.4265625 0.4739583333333333 0.05 0.05625
0 0.4640625 0.46041666666666664 0.03125 0.042708333333333334
0 0.559375 0.45 0.034375 0.040625
0 0.628125 0.46770833333333334 0.046875 0.053125
0 0.9265625 0.6916666666666667 0.134375 0.265625
0 0.8765625 0.5875 0.171875 0.1875