0 0.86015625 0.7895833333333333 0.2734375 0.41041666666666665
0 0.78359375 0.6385416666666667 0.3328125 0.296875
0 0.571875 0.5072916666666667 0.10625 0.115625
0 0.81015625 0.4739583333333333 0.1234375 0.05625
0 0.91640625 0.48020833333333335 0.0734375 0.078125
0 0.41640625 0.4635416666666667 0.0421875 0.0375
0 0.24296875 0.49270833333333336 0.0921875 0.06875
0 0.225 0.5166666666666667 0.05625 0.06041666666666667
0 0.10546875 0.5541666666666667 0.1671875 0.140625
2 0.19375 0.515625 0.04375 0.10520833333333333
0 0.28828125 0.49270833333333336 0.0265625 0.053125
0 0.309375 0.49166666666666664 0.03125 0.051041666666666666
0 0.34296875 0.45625 0.0328125 0.03333333333333333