2 0.81015625 0.4583333333333333 0.0359375 0.04479166666666667
2 0.84296875 0.46041666666666664 0.0296875 0.053125
2 0.4453125 0.459375 0.021875 0.046875
2 0.24375 0.4625 0.034375 0.11354166666666667
2 0.196875 0.4666666666666667 0.034375 0.10208333333333333
2 0.98671875 0.47708333333333336 0.0234375 0.146875
2 0.603125 0.46145833333333336 0.015625 0.04895833333333333
2 0.62265625 0.46145833333333336 0.0140625 0.053125
2 0.86484375 0.46875 0.0203125 0.07083333333333333
2 0.4296875 0.459375 0.015625 0.046875
2 0.41796875 0.45729166666666665 0.0140625 0.042708333333333334
2 0.4828125 0.459375 0.015625 0.03958333333333333
2 0.55859375 0.4635416666666667 0.0203125 0.04479166666666667
2 0.70703125 0.46041666666666664 0.0140625 0.027083333333333334
2 0.6984375 0.4625 0.0125 0.027083333333333334
2 0.68671875 0.4625 0.0171875 0.03125
0 0.534375 0.459375 0.021875 0.027083333333333334