2 0.21171875 0.484375 0.0515625 0.171875
2 0.25 0.4625 0.034375 0.09791666666666667
0 0.503125 0.471875 0.065625 0.10729166666666666
0 0.58203125 0.48125 0.1453125 0.1625
0 0.66171875 0.4822916666666667 0.0609375 0.08229166666666667
0 0.77265625 0.484375 0.1171875 0.08229166666666667
0 0.878125 0.49166666666666664 0.14375 0.11354166666666667
0 0.95703125 0.4864583333333333 0.0859375 0.16041666666666668
2 0.31875 0.4427083333333333 0.028125 0.040625
2 0.33828125 0.4395833333333333 0.0203125 0.03125
2 0.3546875 0.44166666666666665 0.021875 0.035416666666666666