2 0.60625 0.48125 0.025 0.06875
2 0.73125 0.471875 0.021875 0.07604166666666666
0 0.1671875 0.5 0.134375 0.08541666666666667
0 0.23359375 0.4875 0.0546875 0.06041666666666667
0 0.29609375 0.48020833333333335 0.0671875 0.046875
0 0.32734375 0.4708333333333333 0.0453125 0.05416666666666667
0 0.35625 0.475 0.0375 0.042708333333333334
0 0.43671875 0.45729166666666665 0.0234375 0.027083333333333334
0 0.3765625 0.4708333333333333 0.028125 0.035416666666666666
0 0.47265625 0.4583333333333333 0.0203125 0.017708333333333333
0 0.5109375 0.45729166666666665 0.0125 0.015625
2 0.5203125 0.453125 0.0125 0.03125