1 0.2546875 0.5291666666666667 0.053125 0.05416666666666667
1 0.1484375 0.5333333333333333 0.040625 0.042708333333333334
2 0.09296875 0.48854166666666665 0.0484375 0.12083333333333333
2 0.29453125 0.4822916666666667 0.0359375 0.12916666666666668
2 0.6671875 0.43020833333333336 0.03125 0.06875
2 0.74375 0.440625 0.025 0.0875
2 0.7875 0.43854166666666666 0.028125 0.07604166666666666
2 0.8046875 0.4427083333333333 0.028125 0.07604166666666666
0 0.88203125 0.4625 0.0921875 0.08229166666666667
0 0.53671875 0.4635416666666667 0.0796875 0.09166666666666666
0 0.55625 0.45 0.0625 0.084375
0 0.83203125 0.4427083333333333 0.0484375 0.06458333333333334
0 0.92890625 0.43020833333333336 0.0484375 0.06041666666666667
0 0.9734375 0.4354166666666667 0.053125 0.0625