2 0.015625 0.4270833333333333 0.028125 0.06458333333333334
2 0.0390625 0.37604166666666666 0.021875 0.04479166666666667
2 0.10546875 0.42083333333333334 0.0265625 0.09583333333333334
1 0.16171875 0.4625 0.0296875 0.03958333333333333
2 0.196875 0.4354166666666667 0.028125 0.07083333333333333
2 0.24140625 0.425 0.0265625 0.084375
2 0.2671875 0.4239583333333333 0.021875 0.0625
2 0.2859375 0.43020833333333336 0.021875 0.06875
2 0.3125 0.4270833333333333 0.021875 0.0875
0 0.48984375 0.4322916666666667 0.0265625 0.029166666666666667
0 0.52265625 0.42604166666666665 0.0234375 0.022916666666666665
0 0.55859375 0.42916666666666664 0.0421875 0.051041666666666666
0 0.63671875 0.43854166666666666 0.0234375 0.04479166666666667
0 0.671875 0.4395833333333333 0.05625 0.05416666666666667
0 0.96875 0.5552083333333333 0.0625 0.2125