2 0.54609375 0.46145833333333336 0.0203125 0.05625
2 0.3734375 0.4666666666666667 0.021875 0.07395833333333333
2 0.33203125 0.490625 0.0546875 0.19166666666666668
2 0.28203125 0.5041666666666667 0.0609375 0.22708333333333333
2 0.24375 0.4822916666666667 0.0375 0.17604166666666668
2 0.2109375 0.49166666666666664 0.059375 0.21666666666666667
2 0.12109375 0.5020833333333333 0.0578125 0.24583333333333332
2 0.06953125 0.49583333333333335 0.0703125 0.25833333333333336
0 0.03046875 0.4895833333333333 0.0578125 0.12291666666666666
2 0.79140625 0.48854166666666665 0.0203125 0.051041666666666666
2 0.875 0.4864583333333333 0.025 0.035416666666666666
2 0.8921875 0.4947916666666667 0.028125 0.053125
2 0.44765625 0.45625 0.0203125 0.04479166666666667