2 0.66484375 0.496875 0.0515625 0.12708333333333333
2 0.62421875 0.475 0.0328125 0.09375
0 0.95703125 0.48854166666666665 0.0765625 0.12083333333333333
0 0.86875 0.484375 0.059375 0.08229166666666667
0 0.8390625 0.4635416666666667 0.115625 0.10729166666666666
0 0.715625 0.4635416666666667 0.0625 0.06458333333333334
0 0.47109375 0.4625 0.0765625 0.0625
0 0.54140625 0.45729166666666665 0.0328125 0.042708333333333334
0 0.184375 0.45208333333333334 0.11875 0.10729166666666666
0 0.26484375 0.4625 0.0265625 0.06666666666666667
0 0.57421875 0.45625 0.0421875 0.0375
0 0.51875 0.459375 0.03125 0.046875
0 0.065625 0.41458333333333336 0.121875 0.06666666666666667