0 0.190625 0.4635416666666667 0.0625 0.07604166666666666
0 0.1671875 0.46875 0.021875 0.06666666666666667
0 0.07421875 0.446875 0.1453125 0.13645833333333332
0 0.05 0.4875 0.09375 0.12291666666666666
2 0.55546875 0.4791666666666667 0.0296875 0.07604166666666666
2 0.53515625 0.475 0.0296875 0.08958333333333333
2 0.38203125 0.4635416666666667 0.0234375 0.084375
0 0.353125 0.44895833333333335 0.025 0.035416666666666666
2 0.4046875 0.4635416666666667 0.021875 0.06875
2 0.32421875 0.42916666666666664 0.0234375 0.025
2 0.62109375 0.4625 0.0140625 0.03125
2 0.83125 0.4822916666666667 0.01875 0.03958333333333333
2 0.871875 0.49166666666666664 0.01875 0.0375
0 0.2734375 0.446875 0.040625 0.03958333333333333