2 0.1140625 0.48020833333333335 0.021875 0.08229166666666667
2 0.14453125 0.47604166666666664 0.0265625 0.09166666666666666
2 0.7734375 0.49166666666666664 0.028125 0.12083333333333333
2 0.74765625 0.465625 0.0203125 0.0875
2 0.70625 0.475 0.028125 0.08541666666666667
2 0.7296875 0.528125 0.053125 0.228125
0 0.3796875 0.46979166666666666 0.04375 0.03333333333333333
0 0.4546875 0.46770833333333334 0.034375 0.040625
0 0.49765625 0.4635416666666667 0.0515625 0.03333333333333333
2 0.29296875 0.44895833333333335 0.0171875 0.022916666666666665
2 0.27109375 0.4427083333333333 0.0171875 0.029166666666666667
2 0.25859375 0.4635416666666667 0.0203125 0.05625
2 0.2421875 0.46145833333333336 0.01875 0.06041666666666667
0 0.05078125 0.4666666666666667 0.0859375 0.051041666666666666
2 0.66328125 0.46770833333333334 0.0203125 0.04895833333333333
2 0.65 0.46770833333333334 0.0125 0.04895833333333333
2 0.64140625 0.465625 0.0140625 0.04895833333333333