0 0.91875 0.634375 0.159375 0.22291666666666668
0 0.84765625 0.5739583333333333 0.1578125 0.16458333333333333
0 0.7671875 0.5375 0.103125 0.125
0 0.715625 0.50625 0.103125 0.12083333333333333
0 0.66015625 0.49270833333333336 0.0484375 0.053125
0 0.6421875 0.47604166666666664 0.053125 0.05625
0 0.60625 0.46875 0.03125 0.046875
0 0.409375 0.4822916666666667 0.05625 0.046875
0 0.29609375 0.5541666666666667 0.1578125 0.13125
0 0.146875 0.5010416666666667 0.065625 0.07604166666666666
0 0.0984375 0.775 0.184375 0.38645833333333335
0 0.03984375 0.534375 0.0765625 0.115625
2 0.5671875 0.459375 0.01875 0.042708333333333334
0 0.25 0.48020833333333335 0.065625 0.078125
0 0.28125 0.4666666666666667 0.084375 0.03958333333333333
0 0.11015625 0.49895833333333334 0.0546875 0.11875