2 0.87265625 0.45416666666666666 0.0359375 0.15416666666666667
2 0.721875 0.42291666666666666 0.0125 0.05625
2 0.70078125 0.42083333333333334 0.0109375 0.053125
2 0.68359375 0.4375 0.0203125 0.07083333333333333
2 0.66953125 0.4239583333333333 0.0109375 0.05416666666666667
2 0.64296875 0.42916666666666664 0.0203125 0.078125
2 0.49140625 0.4354166666666667 0.0296875 0.08541666666666667
0 0.4703125 0.428125 0.021875 0.027083333333333334
0 0.4390625 0.42604166666666665 0.021875 0.022916666666666665
2 0.40078125 0.428125 0.0109375 0.03125
2 0.371875 0.4270833333333333 0.009375 0.029166666666666667
2 0.28125 0.4239583333333333 0.0125 0.035416666666666666
2 0.23515625 0.415625 0.0171875 0.019791666666666666
2 0.2203125 0.42291666666666666 0.015625 0.040625