0 0.759375 0.475 0.0375 0.07395833333333333
0 0.703125 0.4708333333333333 0.04375 0.08229166666666667
2 0.66953125 0.51875 0.0546875 0.18125
2 0.5359375 0.49583333333333335 0.0375 0.109375
2 0.521875 0.49166666666666664 0.025 0.11354166666666667
0 0.46171875 0.4666666666666667 0.0609375 0.051041666666666666
0 0.26484375 0.453125 0.1109375 0.07083333333333333
0 0.16953125 0.4354166666666667 0.1046875 0.05416666666666667
0 0.49375 0.46458333333333335 0.028125 0.03958333333333333
0 0.5828125 0.4625 0.028125 0.027083333333333334
0 0.6 0.46041666666666664 0.021875 0.025
0 0.62890625 0.45416666666666666 0.0203125 0.025