0 0.103125 0.49583333333333335 0.2 0.109375
0 0.31640625 0.49166666666666664 0.1015625 0.07604166666666666
0 0.36484375 0.48333333333333334 0.0421875 0.06875
0 0.57734375 0.4708333333333333 0.0484375 0.051041666666666666
0 0.62109375 0.48854166666666665 0.0453125 0.078125
0 0.628125 0.5041666666666667 0.04375 0.08229166666666667
0 0.64375 0.5177083333333333 0.05 0.08958333333333333
0 0.71328125 0.528125 0.1484375 0.16979166666666667
0 0.9015625 0.7052083333333333 0.1875 0.43333333333333335
0 0.16953125 0.46875 0.0765625 0.046875
0 0.3921875 0.459375 0.03125 0.035416666666666666
0 0.42890625 0.46770833333333334 0.0421875 0.040625
0 0.4515625 0.4666666666666667 0.025 0.035416666666666666
2 0.54921875 0.465625 0.0109375 0.0375
2 0.5390625 0.465625 0.0125 0.040625
2 0.4796875 0.4625 0.015625 0.03958333333333333