0 0.92421875 0.60625 0.1453125 0.240625
2 0.82109375 0.6291666666666667 0.0765625 0.265625
0 0.8296875 0.5427083333333333 0.134375 0.171875
0 0.74921875 0.5114583333333333 0.0828125 0.109375
0 0.70234375 0.48541666666666666 0.0796875 0.103125
0 0.6484375 0.48333333333333334 0.04375 0.071875
0 0.58671875 0.45 0.0421875 0.040625
0 0.4375 0.453125 0.046875 0.042708333333333334
0 0.3703125 0.525 0.090625 0.10208333333333333
0 0.28203125 0.540625 0.1546875 0.13333333333333333
0 0.19453125 0.609375 0.2453125 0.19895833333333332
0 0.07265625 0.7395833333333334 0.1421875 0.290625
0 0.546875 0.44166666666666665 0.028125 0.035416666666666666
0 0.33046875 0.43854166666666666 0.0328125 0.040625
0 0.26484375 0.43854166666666666 0.1015625 0.06458333333333334
0 0.52109375 0.440625 0.0234375 0.025
0 0.4875 0.43854166666666666 0.021875 0.025