0 0.39765625 0.4635416666666667 0.0609375 0.05625
0 0.43671875 0.4583333333333333 0.0328125 0.040625
0 0.12109375 0.4395833333333333 0.1734375 0.07395833333333333
0 0.0625 0.5697916666666667 0.121875 0.23229166666666667
0 0.16640625 0.5208333333333334 0.1703125 0.1625
0 0.2640625 0.4979166666666667 0.0875 0.12916666666666668
0 0.3234375 0.48333333333333334 0.065625 0.1
2 0.34453125 0.4427083333333333 0.0203125 0.053125
2 0.6234375 0.4552083333333333 0.01875 0.046875
2 0.6796875 0.484375 0.01875 0.058333333333333334
2 0.72734375 0.5208333333333334 0.0453125 0.165625
2 0.7984375 0.5541666666666667 0.06875 0.22291666666666668
0 0.91875 0.534375 0.146875 0.10729166666666666
0 0.86640625 0.5041666666666667 0.1203125 0.10208333333333333
0 0.7625 0.490625 0.046875 0.07395833333333333
0 0.6640625 0.4791666666666667 0.028125 0.0375
0 0.6453125 0.46041666666666664 0.028125 0.03958333333333333
0 0.5796875 0.4552083333333333 0.03125 0.03958333333333333
0 0.54765625 0.4427083333333333 0.0140625 0.021875
0 0.453125 0.4479166666666667 0.028125 0.040625
0 0.484375 0.44166666666666665 0.01875 0.027083333333333334