0 0.15234375 0.48125 0.1703125 0.0875
0 0.3375 0.4791666666666667 0.0875 0.06458333333333334
0 0.5703125 0.46041666666666664 0.040625 0.040625
0 0.61875 0.5010416666666667 0.034375 0.07604166666666666
0 0.6796875 0.5052083333333334 0.10625 0.13854166666666667
0 0.9234375 0.50625 0.15 0.078125
0 0.85234375 0.5979166666666667 0.2703125 0.22291666666666668
0 0.92578125 0.7145833333333333 0.1453125 0.34375
2 0.4796875 0.45625 0.015625 0.0375
2 0.54765625 0.46041666666666664 0.0109375 0.040625
2 0.53671875 0.459375 0.0140625 0.035416666666666666
0 0.453125 0.46041666666666664 0.021875 0.03125
0 0.43203125 0.46145833333333336 0.0328125 0.0375
0 0.39921875 0.4552083333333333 0.0234375 0.03125
0 0.38125 0.478125 0.034375 0.058333333333333334