0 0.9578125 0.6 0.084375 0.09791666666666667
0 0.61484375 0.6197916666666666 0.5328125 0.209375
2 0.45 0.515625 0.0375 0.12083333333333333
2 0.23984375 0.509375 0.0609375 0.10208333333333333
2 0.18046875 0.5083333333333333 0.0328125 0.11666666666666667
2 0.1484375 0.5114583333333333 0.046875 0.10208333333333333
0 0.50859375 0.5083333333333333 0.0453125 0.04479166666666667
2 0.8 0.4666666666666667 0.01875 0.035416666666666666
2 0.7828125 0.465625 0.01875 0.0375
2 0.775 0.4625 0.0125 0.027083333333333334
2 0.765625 0.46875 0.015625 0.027083333333333334
2 0.74765625 0.46875 0.0203125 0.022916666666666665