2 0.87421875 0.46041666666666664 0.0359375 0.140625
2 0.83984375 0.46875 0.0265625 0.11666666666666667
2 0.77109375 0.47291666666666665 0.0359375 0.12916666666666668
2 0.6296875 0.47708333333333336 0.0375 0.10729166666666666
2 0.6015625 0.471875 0.040625 0.11875
2 0.6921875 0.4427083333333333 0.01875 0.06875
0 0.2015625 0.47708333333333336 0.096875 0.08541666666666667
0 0.2796875 0.46979166666666666 0.071875 0.06875
0 0.334375 0.4625 0.04375 0.042708333333333334
0 0.37265625 0.46041666666666664 0.0359375 0.029166666666666667
0 0.4109375 0.46145833333333336 0.034375 0.03333333333333333
2 0.4890625 0.45625 0.01875 0.0375