0 0.90625 0.590625 0.1875 0.18541666666666667
0 0.80078125 0.5385416666666667 0.1078125 0.115625
0 0.7484375 0.509375 0.084375 0.08958333333333333
0 0.69296875 0.49270833333333336 0.0703125 0.06875
0 0.66015625 0.47291666666666665 0.0609375 0.07083333333333333
0 0.603125 0.446875 0.040625 0.03958333333333333
0 0.43671875 0.46875 0.0484375 0.07395833333333333
0 0.4015625 0.478125 0.071875 0.078125
0 0.378125 0.5020833333333333 0.09375 0.09791666666666667
0 0.29140625 0.46041666666666664 0.0359375 0.05625
0 0.11015625 0.46145833333333336 0.0921875 0.1
0 0.05 0.45 0.0375 0.053125
0 0.565625 0.44166666666666665 0.028125 0.022916666666666665
0 0.5234375 0.4270833333333333 0.01875 0.021875
0 0.4609375 0.4510416666666667 0.028125 0.046875
0 0.47109375 0.44375 0.0296875 0.03125
2 0.54375 0.4322916666666667 0.015625 0.029166666666666667
2 0.5078125 0.42916666666666664 0.015625 0.027083333333333334