0 0.60078125 0.48020833333333335 0.0921875 0.08229166666666667
0 0.55546875 0.4635416666666667 0.0609375 0.071875
0 0.53046875 0.4479166666666667 0.0359375 0.06458333333333334
0 0.50234375 0.4395833333333333 0.0203125 0.05416666666666667
0 0.4890625 0.41041666666666665 0.03125 0.035416666666666666
0 0.48359375 0.38229166666666664 0.0265625 0.025
0 0.46171875 0.38125 0.0203125 0.022916666666666665
0 0.37578125 0.3854166666666667 0.0234375 0.025
0 0.3578125 0.39375 0.01875 0.03333333333333333
0 0.34921875 0.40625 0.0234375 0.03125
0 0.33515625 0.41041666666666665 0.0234375 0.027083333333333334
0 0.3203125 0.4322916666666667 0.025 0.04479166666666667
0 0.296875 0.4479166666666667 0.05 0.053125
0 0.2171875 0.475 0.0875 0.078125
0 0.0859375 0.4427083333333333 0.075 0.06041666666666667
0 0.03046875 0.44375 0.0296875 0.0625
2 0.4265625 0.49895833333333334 0.078125 0.14270833333333333