0 0.040625 0.5052083333333334 0.078125 0.05625
0 0.0296875 0.6479166666666667 0.05625 0.22291666666666668
0 0.3859375 0.5177083333333333 0.075 0.078125
0 0.43046875 0.49895833333333334 0.0296875 0.040625
0 0.48984375 0.54375 0.1203125 0.12708333333333333
2 0.5796875 0.5114583333333333 0.025 0.07395833333333333
2 0.63515625 0.50625 0.0203125 0.058333333333333334
2 0.65546875 0.503125 0.0203125 0.053125
2 0.6921875 0.5052083333333334 0.021875 0.06875
2 0.71953125 0.5052083333333334 0.0203125 0.06458333333333334
2 0.23984375 0.49895833333333334 0.0234375 0.071875
2 0.8671875 0.49166666666666664 0.025 0.046875
2 0.21015625 0.490625 0.0203125 0.0625
2 0.25859375 0.49270833333333336 0.0203125 0.053125