0 0.84921875 0.5291666666666667 0.2984375 0.296875
0 0.534375 0.47291666666666665 0.04375 0.05416666666666667
0 0.4390625 0.478125 0.0375 0.042708333333333334
0 0.2859375 0.475 0.08125 0.06666666666666667
0 0.028125 0.5458333333333333 0.053125 0.103125
0 0.09296875 0.49166666666666664 0.0515625 0.06041666666666667
0 0.03125 0.4822916666666667 0.05625 0.058333333333333334
0 0.14375 0.44166666666666665 0.084375 0.035416666666666666
0 0.21171875 0.4666666666666667 0.0234375 0.051041666666666666
0 0.359375 0.48020833333333335 0.028125 0.035416666666666666
2 0.4921875 0.4822916666666667 0.028125 0.078125