0 0.359375 0.4552083333333333 0.0875 0.11354166666666667
0 0.64765625 0.43645833333333334 0.0734375 0.06458333333333334
2 0.415625 0.44583333333333336 0.025 0.09583333333333334
2 0.4359375 0.44479166666666664 0.025 0.09166666666666666
2 0.60546875 0.43020833333333336 0.0234375 0.0875
0 0.56796875 0.42916666666666664 0.0265625 0.040625
0 0.8015625 0.42916666666666664 0.0625 0.06458333333333334
0 0.94296875 0.428125 0.0859375 0.08541666666666667
0 0.88515625 0.4270833333333333 0.0546875 0.071875
0 0.73984375 0.453125 0.1234375 0.10520833333333333
0 0.8984375 0.4 0.109375 0.078125
0 0.546875 0.42604166666666665 0.025 0.035416666666666666
0 0.53828125 0.41875 0.0296875 0.0375