2 0.84140625 0.42916666666666664 0.0234375 0.10520833333333333
2 0.65390625 0.44166666666666665 0.0265625 0.08958333333333333
2 0.625 0.4395833333333333 0.025 0.09375
0 0.60078125 0.4125 0.0265625 0.078125
0 0.484375 0.428125 0.040625 0.046875
0 0.42421875 0.39791666666666664 0.0140625 0.021875
0 0.446875 0.396875 0.015625 0.019791666666666666
0 0.45390625 0.4114583333333333 0.0171875 0.021875
0 0.45859375 0.42604166666666665 0.0140625 0.022916666666666665
0 0.38828125 0.3927083333333333 0.0171875 0.019791666666666666
0 0.3796875 0.42291666666666666 0.025 0.040625
0 0.3640625 0.43333333333333335 0.028125 0.051041666666666666
0 0.31796875 0.43854166666666666 0.0828125 0.09166666666666666