0 0.27421875 0.4822916666666667 0.0859375 0.09791666666666667
0 0.42890625 0.4708333333333333 0.0515625 0.0625
2 0.60390625 0.4875 0.0296875 0.1
2 0.58046875 0.48020833333333335 0.0296875 0.11666666666666667
2 0.81953125 0.4666666666666667 0.0296875 0.11354166666666667
2 0.79375 0.46875 0.025 0.12083333333333333
2 0.85859375 0.465625 0.0296875 0.115625
2 0.8875 0.4635416666666667 0.03125 0.11875
2 0.134375 0.4625 0.015625 0.03125
2 0.14765625 0.4625 0.0171875 0.03958333333333333
2 0.159375 0.459375 0.01875 0.03125
0 0.40234375 0.4666666666666667 0.0203125 0.046875
0 0.37890625 0.4708333333333333 0.0265625 0.03125