2 0.05859375 0.37604166666666666 0.0546875 0.20104166666666667
2 0.0171875 0.346875 0.034375 0.10729166666666666
0 0.115625 0.39375 0.103125 0.103125
0 0.17890625 0.384375 0.0578125 0.078125
0 0.24140625 0.38229166666666664 0.0765625 0.06458333333333334
0 0.3234375 0.37916666666666665 0.046875 0.03958333333333333
0 0.559375 0.4197916666666667 0.11875 0.109375
0 0.5078125 0.39166666666666666 0.05625 0.07604166666666666
0 0.9125 0.4510416666666667 0.171875 0.22291666666666668
0 0.4421875 0.3854166666666667 0.025 0.029166666666666667
0 0.284375 0.38125 0.0375 0.058333333333333334
0 0.36328125 0.38229166666666664 0.0296875 0.0375
0 0.3828125 0.38333333333333336 0.021875 0.03125
2 0.465625 0.3854166666666667 0.0125 0.0375
2 0.4234375 0.38229166666666664 0.015625 0.040625
2 0.40703125 0.38125 0.0171875 0.03958333333333333