0 0.5078125 0.47291666666666665 0.06875 0.07395833333333333
2 0.04921875 0.39479166666666665 0.0359375 0.058333333333333334
2 0.06875 0.4 0.028125 0.042708333333333334
2 0.11484375 0.4 0.0296875 0.046875
2 0.1875 0.41354166666666664 0.025 0.03333333333333333
2 0.22265625 0.42083333333333334 0.0234375 0.025
2 0.8 0.415625 0.021875 0.027083333333333334
2 0.81484375 0.41770833333333335 0.0203125 0.022916666666666665
2 0.83828125 0.41770833333333335 0.0203125 0.022916666666666665
2 0.8640625 0.4197916666666667 0.01875 0.03125
2 0.88359375 0.41458333333333336 0.0234375 0.025