2 0.1859375 0.471875 0.03125 0.06041666666666667
0 0.340625 0.48541666666666666 0.084375 0.09166666666666666
0 0.053125 0.5114583333333333 0.10625 0.14791666666666667
0 0.13359375 0.5875 0.2359375 0.1875
0 0.72734375 0.5260416666666666 0.1046875 0.12291666666666666
0 0.62265625 0.48854166666666665 0.0546875 0.058333333333333334
0 0.7484375 0.5635416666666667 0.115625 0.13125
0 0.8703125 0.5822916666666667 0.25 0.265625
0 0.91875 0.7364583333333333 0.159375 0.38645833333333335
0 0.2171875 0.4791666666666667 0.053125 0.07604166666666666
0 0.11953125 0.475 0.0609375 0.06666666666666667
0 0.24921875 0.4635416666666667 0.0296875 0.05625
0 0.5875 0.46979166666666666 0.0375 0.04479166666666667
0 0.56484375 0.46041666666666664 0.0265625 0.0375
0 0.55546875 0.4510416666666667 0.0265625 0.03125
0 0.71171875 0.509375 0.1265625 0.10520833333333333