0 0.13125 0.46979166666666666 0.034375 0.0875
2 0.0421875 0.49166666666666664 0.0625 0.265625
2 0.09140625 0.5083333333333333 0.0703125 0.2520833333333333
2 0.184375 0.49375 0.075 0.23020833333333332
2 0.2328125 0.4864583333333333 0.0375 0.18333333333333332
2 0.27265625 0.5010416666666667 0.0609375 0.240625
2 0.32265625 0.4979166666666667 0.0578125 0.1875
2 0.78984375 0.4864583333333333 0.0203125 0.058333333333333334
2 0.55859375 0.46145833333333336 0.0234375 0.06041666666666667
2 0.87421875 0.4875 0.0234375 0.03333333333333333
2 0.890625 0.496875 0.021875 0.053125
2 0.37109375 0.46041666666666664 0.0265625 0.07395833333333333
2 0.39453125 0.4510416666666667 0.0234375 0.046875
2 0.4453125 0.453125 0.021875 0.051041666666666666