2 0.7765625 0.5041666666666667 0.046875 0.11666666666666667
2 0.6015625 0.49895833333333334 0.021875 0.0875
2 0.3203125 0.47708333333333336 0.021875 0.058333333333333334
2 0.265625 0.4635416666666667 0.021875 0.05625
2 0.14609375 0.48020833333333335 0.0234375 0.07083333333333333
0 0.19765625 0.5541666666666667 0.1828125 0.15416666666666667
0 0.4359375 0.446875 0.04375 0.027083333333333334
0 0.46640625 0.45 0.0296875 0.029166666666666667
0 0.70234375 0.4583333333333333 0.0671875 0.040625
0 0.5578125 0.4583333333333333 0.03125 0.03333333333333333
0 0.621875 0.47291666666666665 0.040625 0.05416666666666667