2 0.709375 0.4625 0.025 0.046875
0 0.60234375 0.4552083333333333 0.0546875 0.042708333333333334
0 0.56796875 0.4427083333333333 0.0265625 0.03333333333333333
0 0.5609375 0.425 0.0375 0.04479166666666667
0 0.5359375 0.4322916666666667 0.021875 0.03333333333333333
0 0.51953125 0.4354166666666667 0.0203125 0.027083333333333334
2 0.5609375 0.5052083333333334 0.059375 0.134375
0 0.4703125 0.4395833333333333 0.015625 0.015625
0 0.409375 0.43333333333333335 0.034375 0.03958333333333333
2 0.5015625 0.5197916666666667 0.01875 0.03125
2 0.37578125 0.4510416666666667 0.0171875 0.08958333333333333
0 0.3265625 0.4666666666666667 0.084375 0.09791666666666667
0 0.0703125 0.6166666666666667 0.140625 0.25625