0 0.02109375 0.6020833333333333 0.0390625 0.15208333333333332
0 0.090625 0.5145833333333333 0.178125 0.225
2 0.228125 0.47708333333333336 0.0875 0.18333333333333332
0 0.28359375 0.5010416666666667 0.0390625 0.10729166666666666
0 0.3171875 0.478125 0.103125 0.12083333333333333
0 0.54765625 0.5125 0.2546875 0.290625
0 0.67734375 0.48020833333333335 0.0203125 0.046875
0 0.703125 0.4864583333333333 0.0375 0.058333333333333334
0 0.73046875 0.49166666666666664 0.0359375 0.0625
0 0.78125 0.496875 0.109375 0.084375
0 0.9109375 0.49270833333333336 0.175 0.18958333333333333
0 0.95625 0.6291666666666667 0.0875 0.25