1 0.25078125 0.5395833333333333 0.0296875 0.0375
0 0.05390625 0.69375 0.1046875 0.17916666666666667
0 0.8609375 0.6020833333333333 0.25 0.30625
0 0.75859375 0.44895833333333335 0.0453125 0.046875
0 0.69140625 0.47708333333333336 0.0578125 0.058333333333333334
0 0.671875 0.4625 0.04375 0.042708333333333334
0 0.9125 0.7416666666666667 0.16875 0.38125
0 0.45703125 0.49270833333333336 0.0609375 0.05625
0 0.47265625 0.478125 0.0578125 0.058333333333333334
0 0.02421875 0.53125 0.0421875 0.078125
2 0.1921875 0.525 0.034375 0.07395833333333333
2 0.234375 0.5104166666666666 0.025 0.09583333333333334
0 0.81875 0.4395833333333333 0.04375 0.03125
0 0.50234375 0.46979166666666666 0.0296875 0.040625
0 0.5171875 0.46770833333333334 0.021875 0.0375