2 0.3015625 0.4875 0.021875 0.06875
2 0.32109375 0.475 0.0265625 0.08541666666666667
2 0.6046875 0.4739583333333333 0.025 0.084375
2 0.64296875 0.46041666666666664 0.0328125 0.10520833333333333
0 0.80546875 0.4625 0.0609375 0.07083333333333333
0 0.92734375 0.45 0.1421875 0.146875
0 0.95 0.4864583333333333 0.09375 0.12916666666666668
2 0.6671875 0.43645833333333334 0.015625 0.04479166666666667
2 0.6265625 0.46458333333333335 0.01875 0.07395833333333333
2 0.55078125 0.46041666666666664 0.0203125 0.042708333333333334
0 0.728125 0.45729166666666665 0.0375 0.05416666666666667
2 0.16875 0.4791666666666667 0.01875 0.040625
2 0.12890625 0.48854166666666665 0.0203125 0.035416666666666666