2 0.025 0.34791666666666665 0.04375 0.09375
2 0.0765625 0.3802083333333333 0.05625 0.19375
0 0.1265625 0.39479166666666665 0.096875 0.10208333333333333
0 0.184375 0.384375 0.05625 0.07395833333333333
0 0.24453125 0.38333333333333336 0.0609375 0.0625
0 0.3234375 0.3802083333333333 0.05 0.053125
0 0.5625 0.421875 0.11875 0.12083333333333333
0 0.50703125 0.4010416666666667 0.0546875 0.071875
0 0.43828125 0.3885416666666667 0.0234375 0.022916666666666665
0 0.90234375 0.47708333333333336 0.1859375 0.16979166666666667
0 0.03828125 0.46041666666666664 0.0703125 0.225
2 0.4625 0.3885416666666667 0.0125 0.035416666666666666
2 0.41953125 0.38333333333333336 0.0140625 0.0375
2 0.4078125 0.38229166666666664 0.01875 0.0375
0 0.28515625 0.38333333333333336 0.0359375 0.05625
0 0.359375 0.38333333333333336 0.03125 0.0375
0 0.38125 0.38645833333333335 0.021875 0.03125
0 0.48671875 0.384375 0.0328125 0.0625