2 0.25859375 0.6572916666666667 0.2578125 0.6541666666666667
2 0.43125 0.490625 0.04375 0.08541666666666667
2 0.365625 0.4895833333333333 0.015625 0.084375
0 0.87734375 0.5395833333333333 0.2421875 0.15
0 0.12890625 0.4822916666666667 0.2328125 0.109375
0 0.71328125 0.5125 0.0921875 0.0875
0 0.54296875 0.475 0.0234375 0.03125
0 0.665625 0.496875 0.059375 0.06875
0 0.52734375 0.46770833333333334 0.0203125 0.025
0 0.47734375 0.4583333333333333 0.0171875 0.021875
0 0.39453125 0.46770833333333334 0.0484375 0.06041666666666667
0 0.40703125 0.4666666666666667 0.0296875 0.051041666666666666
2 0.38046875 0.48854166666666665 0.0203125 0.09375
2 0.3640625 0.49166666666666664 0.028125 0.07604166666666666