0 0.92109375 0.559375 0.1546875 0.196875
0 0.7484375 0.46458333333333335 0.075 0.07395833333333333
0 0.7296875 0.50625 0.10625 0.09375
0 0.66015625 0.48541666666666666 0.0609375 0.071875
0 0.60234375 0.4791666666666667 0.0515625 0.053125
0 0.3453125 0.5114583333333333 0.075 0.09791666666666667
0 0.16796875 0.58125 0.2859375 0.2791666666666667
0 0.0984375 0.7458333333333333 0.190625 0.453125
2 0.39765625 0.509375 0.0421875 0.13333333333333333
2 0.4265625 0.48333333333333334 0.021875 0.09166666666666666
2 0.45859375 0.49583333333333335 0.0296875 0.09375
0 0.57734375 0.47604166666666664 0.0265625 0.0375
0 0.5734375 0.46458333333333335 0.034375 0.035416666666666666
0 0.53828125 0.4583333333333333 0.0296875 0.03333333333333333
0 0.521875 0.45416666666666666 0.021875 0.029166666666666667