0 0.7859375 0.44583333333333336 0.03125 0.027083333333333334
0 0.8484375 0.440625 0.03125 0.03333333333333333
0 0.68203125 0.4479166666666667 0.0265625 0.0375
0 0.63046875 0.45208333333333334 0.0734375 0.053125
2 0.421875 0.4270833333333333 0.025 0.040625
0 0.37578125 0.43333333333333335 0.0453125 0.03125
0 0.34296875 0.4322916666666667 0.0265625 0.029166666666666667
0 0.21171875 0.43333333333333335 0.0703125 0.042708333333333334
0 0.15390625 0.446875 0.1171875 0.051041666666666666
0 0.04765625 0.4375 0.0921875 0.0625
2 0.31484375 0.48020833333333335 0.0546875 0.15625
0 0.7515625 0.44479166666666664 0.0375 0.04479166666666667
0 0.709375 0.446875 0.03125 0.042708333333333334