2 0.97421875 0.49166666666666664 0.0359375 0.15416666666666667
2 0.94140625 0.43854166666666666 0.0296875 0.07604166666666666
2 0.8984375 0.4947916666666667 0.0375 0.146875
2 0.86015625 0.47708333333333336 0.0203125 0.046875
2 0.8375 0.48020833333333335 0.01875 0.042708333333333334
2 0.81875 0.47604166666666664 0.01875 0.0375
2 0.803125 0.4791666666666667 0.01875 0.04479166666666667
0 0.7265625 0.47291666666666665 0.025 0.03125
0 0.70625 0.471875 0.021875 0.025
0 0.64296875 0.48020833333333335 0.0359375 0.042708333333333334
0 0.6078125 0.48020833333333335 0.034375 0.035416666666666666