2 0.5296875 0.4822916666666667 0.084375 0.27291666666666664
2 0.6546875 0.4875 0.021875 0.05625
2 0.63125 0.46041666666666664 0.028125 0.103125
2 0.69296875 0.50625 0.0578125 0.14791666666666667
2 0.76953125 0.484375 0.0890625 0.12916666666666668
2 0.9 0.47604166666666664 0.071875 0.09166666666666666
2 0.9609375 0.46041666666666664 0.0625 0.196875
0 0.43515625 0.47291666666666665 0.1296875 0.16041666666666668
0 0.32890625 0.45416666666666666 0.0484375 0.053125
0 0.1734375 0.44583333333333336 0.0875 0.03958333333333333
2 0.8609375 0.446875 0.04375 0.0625
2 0.83203125 0.4635416666666667 0.0328125 0.06875