0 0.95390625 0.5229166666666667 0.0890625 0.16041666666666668
0 0.8828125 0.48020833333333335 0.221875 0.19583333333333333
0 0.81328125 0.47708333333333336 0.1359375 0.16041666666666668
0 0.59765625 0.496875 0.2484375 0.321875
0 0.41015625 0.471875 0.1453125 0.1625
0 0.3671875 0.4822916666666667 0.0375 0.12916666666666668
0 0.29453125 0.46979166666666666 0.1390625 0.178125
2 0.225 0.5114583333333333 0.146875 0.32083333333333336
0 0.090625 0.48020833333333335 0.165625 0.25
0 0.03671875 0.5229166666666667 0.0734375 0.178125
0 0.278125 0.490625 0.1 0.15208333333333332