2 0.6515625 0.5083333333333333 0.053125 0.171875
2 0.5828125 0.48125 0.0375 0.13854166666666667
2 0.27578125 0.48020833333333335 0.0421875 0.17916666666666667
2 0.21328125 0.48125 0.0453125 0.18125
0 0.18046875 0.459375 0.0453125 0.07083333333333333
0 0.07421875 0.44895833333333335 0.1453125 0.140625
0 0.04921875 0.490625 0.0953125 0.12083333333333333
2 0.35625 0.45 0.021875 0.029166666666666667
2 0.83125 0.47708333333333336 0.01875 0.0375
2 0.87265625 0.48541666666666666 0.0203125 0.03333333333333333
2 0.8859375 0.490625 0.01875 0.051041666666666666
2 0.40390625 0.4583333333333333 0.0203125 0.05625
2 0.38515625 0.46145833333333336 0.0203125 0.05625