0 0.5796875 0.46979166666666666 0.059375 0.06041666666666667
0 0.4125 0.4666666666666667 0.040625 0.042708333333333334
0 0.3171875 0.465625 0.040625 0.040625
0 0.2546875 0.4625 0.059375 0.05416666666666667
0 0.16171875 0.5291666666666667 0.1421875 0.13645833333333332
0 0.06484375 0.5541666666666667 0.1234375 0.196875
0 0.7234375 0.5302083333333333 0.1625 0.16979166666666667
0 0.8296875 0.5979166666666667 0.26875 0.234375
0 0.89296875 0.7541666666666667 0.2078125 0.47291666666666665
2 0.528125 0.46041666666666664 0.021875 0.046875
2 0.4515625 0.4635416666666667 0.01875 0.04479166666666667
0 0.3734375 0.475 0.05625 0.058333333333333334
0 0.34609375 0.46041666666666664 0.0296875 0.03958333333333333