2 0.634375 0.44895833333333335 0.015625 0.051041666666666666
2 0.56875 0.459375 0.021875 0.058333333333333334
0 0.2546875 0.4583333333333333 0.075 0.071875
0 0.19453125 0.4552083333333333 0.0546875 0.058333333333333334
0 0.15234375 0.471875 0.1078125 0.084375
0 0.05078125 0.459375 0.0828125 0.046875
2 0.5 0.46041666666666664 0.015625 0.058333333333333334
2 0.55078125 0.46041666666666664 0.0140625 0.05625
0 0.45625 0.45625 0.075 0.084375
0 0.34140625 0.44895833333333335 0.0234375 0.027083333333333334
0 0.315625 0.4510416666666667 0.025 0.03125
0 0.3 0.4583333333333333 0.01875 0.04895833333333333
2 0.646875 0.45729166666666665 0.015625 0.051041666666666666