0 0.19140625 0.4625 0.0578125 0.078125
0 0.0765625 0.4479166666666667 0.14375 0.146875
0 0.05234375 0.49166666666666664 0.0953125 0.11875
2 0.3609375 0.47708333333333336 0.025 0.09791666666666667
2 0.334375 0.4666666666666667 0.03125 0.12916666666666668
2 0.83203125 0.490625 0.0203125 0.05416666666666667
2 0.4109375 0.4583333333333333 0.01875 0.053125
2 0.3921875 0.46145833333333336 0.01875 0.053125
2 0.6234375 0.46145833333333336 0.0125 0.025
0 0.2734375 0.4583333333333333 0.034375 0.053125
2 0.87265625 0.490625 0.0203125 0.035416666666666666
2 0.8875 0.49166666666666664 0.01875 0.05416666666666667