2 0.98046875 0.4864583333333333 0.0359375 0.14479166666666668
2 0.80546875 0.459375 0.0203125 0.05416666666666667
0 0.8890625 0.5010416666666667 0.140625 0.115625
0 0.7859375 0.5239583333333333 0.06875 0.071875
0 0.26484375 0.4791666666666667 0.0671875 0.053125
0 0.315625 0.459375 0.028125 0.027083333333333334
0 0.21953125 0.4666666666666667 0.0296875 0.035416666666666666
0 0.1984375 0.47604166666666664 0.0375 0.0375
0 0.17109375 0.47708333333333336 0.0484375 0.040625
0 0.0765625 0.4947916666666667 0.153125 0.134375
0 0.44453125 0.5354166666666667 0.3046875 0.25416666666666665