0 0.7125 0.5333333333333333 0.146875 0.14791666666666667
0 0.6015625 0.48020833333333335 0.0625 0.07083333333333333
0 0.39375 0.465625 0.053125 0.053125
0 0.44140625 0.45729166666666665 0.0296875 0.03958333333333333
0 0.35234375 0.4791666666666667 0.0421875 0.06458333333333334
0 0.321875 0.490625 0.05 0.07395833333333333
0 0.2578125 0.496875 0.1125 0.09583333333333334
0 0.0953125 0.5208333333333334 0.1875 0.196875
0 0.56328125 0.47708333333333336 0.0203125 0.03958333333333333
2 0.52109375 0.45416666666666666 0.0140625 0.025
2 0.509375 0.45416666666666666 0.015625 0.029166666666666667