0 0.69296875 0.5 0.0671875 0.10208333333333333
0 0.61484375 0.490625 0.0703125 0.0625
0 0.57734375 0.4864583333333333 0.0359375 0.042708333333333334
0 0.38203125 0.4979166666666667 0.0484375 0.06666666666666667
0 0.31875 0.5114583333333333 0.134375 0.15625
0 0.15546875 0.5708333333333333 0.3015625 0.30625
0 0.7734375 0.5166666666666667 0.15 0.12291666666666666
0 0.65625 0.48333333333333334 0.03125 0.04479166666666667
0 0.4078125 0.4947916666666667 0.025 0.05625
2 0.4203125 0.4875 0.01875 0.05625
2 0.4390625 0.4822916666666667 0.01875 0.051041666666666666
2 0.46875 0.48333333333333334 0.025 0.06041666666666667
2 0.5125 0.4739583333333333 0.015625 0.021875
2 0.52578125 0.47708333333333336 0.0140625 0.040625
2 0.5359375 0.47708333333333336 0.009375 0.04479166666666667