0 0.02421875 0.5291666666666667 0.0484375 0.13333333333333333
0 0.15078125 0.48020833333333335 0.1328125 0.12916666666666668
0 0.2296875 0.4822916666666667 0.065625 0.09375
0 0.32578125 0.4708333333333333 0.0609375 0.05416666666666667
0 0.371875 0.4791666666666667 0.03125 0.0375
0 0.40390625 0.47604166666666664 0.0296875 0.029166666666666667
0 0.4390625 0.47604166666666664 0.040625 0.040625
0 0.58359375 0.478125 0.0921875 0.09375
2 0.53359375 0.47708333333333336 0.0203125 0.06458333333333334
0 0.5046875 0.471875 0.040625 0.04479166666666667
0 0.484375 0.46770833333333334 0.028125 0.0375