2 0.18984375 0.4583333333333333 0.0359375 0.04479166666666667
2 0.15703125 0.46041666666666664 0.0296875 0.053125
2 0.5546875 0.459375 0.021875 0.046875
2 0.75625 0.4625 0.034375 0.11354166666666667
2 0.803125 0.4666666666666667 0.034375 0.10208333333333333
2 0.01328125 0.47708333333333336 0.0234375 0.146875
2 0.396875 0.46145833333333336 0.015625 0.04895833333333333
2 0.37734375 0.46145833333333336 0.0140625 0.053125
2 0.13515625 0.46875 0.0203125 0.07083333333333333
2 0.5703125 0.459375 0.015625 0.046875
2 0.58203125 0.45729166666666665 0.0140625 0.042708333333333334
2 0.5171875 0.459375 0.015625 0.03958333333333333
2 0.44140625 0.4635416666666667 0.0203125 0.04479166666666667
2 0.29296875 0.46041666666666664 0.0140625 0.027083333333333334
2 0.3015625 0.4625 0.0125 0.027083333333333334
2 0.31328125 0.4625 0.0171875 0.03125
0 0.465625 0.459375 0.021875 0.027083333333333334