2 0.45546875 0.5135416666666667 0.0265625 0.109375
2 0.2875 0.47708333333333336 0.025 0.07083333333333333
2 0.31015625 0.4625 0.0203125 0.051041666666666666
0 0.83203125 0.7572916666666667 0.3328125 0.3729166666666667
0 0.6671875 0.6197916666666666 0.225 0.19375
0 0.578125 0.553125 0.14375 0.12083333333333333
0 0.5109375 0.5041666666666667 0.08125 0.11666666666666667
0 0.4265625 0.475 0.040625 0.051041666666666666
0 0.0484375 0.5895833333333333 0.096875 0.171875
0 0.0953125 0.5510416666666667 0.1125 0.125
0 0.134375 0.51875 0.078125 0.09166666666666666
0 0.17421875 0.503125 0.0578125 0.071875
0 0.2265625 0.49270833333333336 0.0875 0.06041666666666667
0 0.70625 0.46979166666666666 0.059375 0.05625
0 0.04296875 0.48020833333333335 0.0859375 0.05416666666666667
0 0.4078125 0.47291666666666665 0.034375 0.03958333333333333