2 0.93515625 0.44166666666666665 0.0484375 0.06666666666666667
2 0.34296875 0.47604166666666664 0.0234375 0.04479166666666667
2 0.296875 0.5125 0.0375 0.13854166666666667
2 0.2671875 0.5364583333333334 0.046875 0.18125
0 0.78203125 0.4395833333333333 0.1359375 0.051041666666666666
0 0.88515625 0.553125 0.2046875 0.17916666666666667
0 0.77109375 0.521875 0.1046875 0.11666666666666667
0 0.690625 0.5020833333333333 0.09375 0.11666666666666667
0 0.6453125 0.4895833333333333 0.05 0.084375
0 0.61328125 0.475 0.0328125 0.07083333333333333
0 0.5671875 0.46458333333333335 0.05 0.051041666666666666
0 0.08359375 0.51875 0.1453125 0.10729166666666666
0 0.1203125 0.49583333333333335 0.19375 0.109375
0 0.20625 0.49166666666666664 0.08125 0.07083333333333333
0 0.23671875 0.49166666666666664 0.0515625 0.071875
2 0.3765625 0.46041666666666664 0.015625 0.042708333333333334
0 0.41171875 0.46041666666666664 0.0265625 0.03333333333333333
0 0.44140625 0.4479166666666667 0.0171875 0.021875
0 0.5359375 0.46041666666666664 0.025 0.035416666666666666
0 0.52734375 0.453125 0.0328125 0.03958333333333333
0 0.51015625 0.45416666666666666 0.0203125 0.025