2 0.2578125 0.5114583333333333 0.115625 0.27291666666666664
0 0.34140625 0.4625 0.0359375 0.042708333333333334
0 0.39453125 0.4583333333333333 0.0234375 0.029166666666666667
0 0.4265625 0.46979166666666666 0.0375 0.04479166666666667
2 0.47578125 0.46458333333333335 0.0203125 0.03125
2 0.7796875 0.45 0.034375 0.09583333333333334
2 0.821875 0.43645833333333334 0.034375 0.09166666666666666
2 0.95 0.41458333333333336 0.01875 0.06041666666666667
2 0.953125 0.48020833333333335 0.03125 0.10208333333333333
2 0.92890625 0.43020833333333336 0.0203125 0.10729166666666666
0 0.66875 0.4947916666666667 0.234375 0.228125