2 0.71875 0.5125 0.040625 0.15833333333333333
2 0.7671875 0.540625 0.053125 0.19895833333333332
2 0.66640625 0.471875 0.0203125 0.053125
2 0.62265625 0.453125 0.0203125 0.03958333333333333
0 0.95 0.5302083333333333 0.09375 0.12291666666666666
0 0.41875 0.46041666666666664 0.05625 0.05416666666666667
0 0.36171875 0.4822916666666667 0.0671875 0.10208333333333333
0 0.32109375 0.49166666666666664 0.0609375 0.115625
0 0.2453125 0.5072916666666667 0.125 0.15
0 0.14140625 0.53125 0.1671875 0.16458333333333333
0 0.05546875 0.5614583333333333 0.1078125 0.228125
0 0.175 0.43125 0.165625 0.046875
0 0.828125 0.490625 0.103125 0.07083333333333333
0 0.8828125 0.5114583333333333 0.15625 0.10208333333333333
0 0.58359375 0.45729166666666665 0.0296875 0.03958333333333333
0 0.4484375 0.45729166666666665 0.03125 0.035416666666666666