0 0.3859375 0.4822916666666667 0.034375 0.06666666666666667
2 0.4140625 0.46458333333333335 0.025 0.051041666666666666
2 0.7078125 0.46145833333333336 0.021875 0.071875
2 0.684375 0.4583333333333333 0.021875 0.06875
0 0.3453125 0.49583333333333335 0.090625 0.09791666666666667
2 0.31484375 0.45416666666666666 0.0203125 0.03333333333333333
2 0.45 0.4583333333333333 0.01875 0.03333333333333333
2 0.4609375 0.45729166666666665 0.0125 0.035416666666666666
2 0.4671875 0.45729166666666665 0.0125 0.035416666666666666
2 0.521875 0.46041666666666664 0.015625 0.0375
2 0.665625 0.4583333333333333 0.01875 0.053125
2 0.65625 0.45729166666666665 0.01875 0.05416666666666667
2 0.596875 0.45208333333333334 0.015625 0.029166666666666667