2 0.79140625 0.525 0.1421875 0.390625
2 0.64296875 0.5625 0.1359375 0.46041666666666664
2 0.365625 0.4791666666666667 0.03125 0.103125
2 0.33125 0.478125 0.03125 0.09791666666666667
0 0.9125 0.5177083333333333 0.171875 0.28958333333333336
1 0.86640625 0.66875 0.0734375 0.09166666666666666
0 0.56796875 0.48020833333333335 0.0671875 0.14479166666666668
0 0.71796875 0.43854166666666666 0.0421875 0.06458333333333334
0 0.5328125 0.478125 0.05625 0.10208333333333333
0 0.4984375 0.5020833333333333 0.059375 0.09791666666666667
0 0.4796875 0.48020833333333335 0.1125 0.09791666666666667
0 0.4125 0.47708333333333336 0.040625 0.071875
0 0.07578125 0.4864583333333333 0.1078125 0.10208333333333333
0 0.0359375 0.49375 0.071875 0.10520833333333333