2 0.50859375 0.475 0.0234375 0.078125
2 0.53515625 0.46875 0.0359375 0.08958333333333333
2 0.16875 0.48541666666666666 0.01875 0.053125
0 0.8109375 0.46145833333333336 0.05625 0.07604166666666666
0 0.925 0.44895833333333335 0.146875 0.140625
0 0.953125 0.490625 0.090625 0.11666666666666667
2 0.128125 0.48541666666666666 0.01875 0.03333333333333333
2 0.38515625 0.46041666666666664 0.0109375 0.029166666666666667
2 0.5734375 0.465625 0.021875 0.06458333333333334
2 0.59453125 0.46145833333333336 0.0265625 0.06041666666666667
2 0.61953125 0.46145833333333336 0.0203125 0.07604166666666666
0 0.64453125 0.446875 0.0203125 0.03125
2 0.675 0.42916666666666664 0.025 0.029166666666666667
0 0.7296875 0.45729166666666665 0.034375 0.05416666666666667