2 0.2484375 0.525 0.06875 0.23854166666666668
2 0.3515625 0.49270833333333336 0.034375 0.13125
2 0.696875 0.434375 0.028125 0.03333333333333333
0 0.09765625 0.615625 0.1859375 0.24166666666666667
0 0.0859375 0.49270833333333336 0.16875 0.13125
0 0.73203125 0.5010416666666667 0.1328125 0.10729166666666666
0 0.6453125 0.490625 0.06875 0.08541666666666667
0 0.59609375 0.471875 0.0484375 0.071875
0 0.5625 0.46041666666666664 0.034375 0.058333333333333334
0 0.52734375 0.4552083333333333 0.0421875 0.046875
0 0.30234375 0.4635416666666667 0.0484375 0.04479166666666667
0 0.17421875 0.48125 0.0734375 0.09583333333333334
0 0.5078125 0.45 0.025 0.029166666666666667
0 0.5046875 0.44166666666666665 0.028125 0.03125
0 0.4046875 0.4479166666666667 0.028125 0.029166666666666667
2 0.33671875 0.4666666666666667 0.0234375 0.078125