0 0.9484375 0.5135416666666667 0.103125 0.140625
0 0.934375 0.47604166666666664 0.13125 0.1
0 0.59375 0.47708333333333336 0.0375 0.05416666666666667
0 0.55 0.46875 0.06875 0.0625
0 0.53984375 0.484375 0.0578125 0.058333333333333334
0 0.48671875 0.47708333333333336 0.0828125 0.084375
0 0.46796875 0.4791666666666667 0.0734375 0.06875
0 0.45078125 0.5 0.0453125 0.07395833333333333
0 0.375 0.48333333333333334 0.13125 0.13125
0 0.35546875 0.5041666666666667 0.0734375 0.11666666666666667
0 0.2546875 0.4864583333333333 0.1625 0.16770833333333332
0 0.23046875 0.5197916666666667 0.1015625 0.15208333333333332
0 0.06953125 0.5260416666666666 0.1359375 0.196875
0 0.025 0.5958333333333333 0.046875 0.17916666666666667
2 0.14765625 0.5197916666666667 0.1046875 0.35520833333333335
0 0.63984375 0.47708333333333336 0.0421875 0.040625
0 0.6578125 0.47604166666666664 0.04375 0.040625
0 0.72421875 0.47604166666666664 0.0265625 0.029166666666666667
0 0.86171875 0.478125 0.0515625 0.07395833333333333