2 0.93515625 0.49166666666666664 0.0265625 0.09166666666666666
0 0.971875 0.496875 0.053125 0.084375
2 0.896875 0.490625 0.025 0.08958333333333333
2 0.76796875 0.4739583333333333 0.0234375 0.05625
2 0.3 0.47708333333333336 0.01875 0.05416666666666667
2 0.2515625 0.46875 0.03125 0.07395833333333333
2 0.17578125 0.5052083333333334 0.0296875 0.12708333333333333
2 0.22265625 0.55 0.0734375 0.271875
0 0.50390625 0.46770833333333334 0.0453125 0.0375
0 0.54296875 0.48125 0.0484375 0.053125
0 0.58671875 0.47708333333333336 0.0234375 0.029166666666666667
0 0.61796875 0.48125 0.0359375 0.040625
2 0.70390625 0.459375 0.0171875 0.027083333333333334
2 0.7515625 0.4739583333333333 0.021875 0.06458333333333334
2 0.33515625 0.4708333333333333 0.0171875 0.046875
2 0.32265625 0.4739583333333333 0.0140625 0.04895833333333333