2 0.765625 0.4875 0.0875 0.2635416666666667
2 0.6140625 0.48854166666666665 0.03125 0.10520833333333333
0 0.58125 0.47604166666666664 0.046875 0.08020833333333334
0 0.43359375 0.49166666666666664 0.1078125 0.115625
2 0.21796875 0.45729166666666665 0.0171875 0.019791666666666666
0 0.5078125 0.4708333333333333 0.028125 0.027083333333333334
0 0.45390625 0.44479166666666664 0.0578125 0.04479166666666667
2 0.10390625 0.45625 0.0203125 0.03333333333333333
2 0.13671875 0.46041666666666664 0.0203125 0.040625
2 0.15625 0.46145833333333336 0.01875 0.0375
2 0.165625 0.46041666666666664 0.0125 0.035416666666666666
2 0.175 0.4625 0.01875 0.027083333333333334