2 0.1828125 0.55 0.059375 0.1625
2 0.4953125 0.46875 0.025 0.058333333333333334
2 0.425 0.46458333333333335 0.021875 0.051041666666666666
0 0.08671875 0.5958333333333333 0.1734375 0.17604166666666668
0 0.1921875 0.5302083333333333 0.125 0.103125
0 0.25859375 0.51875 0.0828125 0.07604166666666666
0 0.29921875 0.5010416666666667 0.0703125 0.06875
0 0.34921875 0.4947916666666667 0.0609375 0.06041666666666667
0 0.37734375 0.47708333333333336 0.0546875 0.05625
0 0.846875 0.715625 0.303125 0.334375
0 0.74140625 0.5864583333333333 0.1796875 0.18958333333333333
0 0.684375 0.5354166666666667 0.1375 0.17604166666666668
0 0.5125 0.4583333333333333 0.0375 0.053125
0 0.415625 0.45416666666666666 0.034375 0.040625
0 0.446875 0.4510416666666667 0.025 0.027083333333333334
0 0.615625 0.5114583333333333 0.04375 0.09791666666666667
0 0.60390625 0.49375 0.0484375 0.07395833333333333
0 0.58359375 0.46770833333333334 0.0578125 0.07604166666666666
0 0.80078125 0.45 0.0984375 0.04479166666666667
0 0.7234375 0.4395833333333333 0.034375 0.022916666666666665