2 0.98125 0.4864583333333333 0.03125 0.203125
2 0.9234375 0.4875 0.034375 0.146875
2 0.8859375 0.47604166666666664 0.0375 0.15
2 0.8359375 0.48854166666666665 0.03125 0.10520833333333333
2 0.81015625 0.46041666666666664 0.0265625 0.07083333333333333
2 0.79609375 0.490625 0.0296875 0.109375
2 0.7421875 0.47708333333333336 0.01875 0.08020833333333334
0 0.765625 0.44479166666666664 0.028125 0.071875
2 0.7328125 0.45 0.021875 0.053125
2 0.71328125 0.428125 0.0234375 0.027083333333333334
2 0.709375 0.4791666666666667 0.021875 0.084375
2 0.6875 0.46770833333333334 0.021875 0.06875
2 0.659375 0.46875 0.025 0.07083333333333333
0 0.22890625 0.48541666666666666 0.0953125 0.0875
0 0.953125 0.4375 0.028125 0.109375