0 0.81796875 0.5677083333333334 0.1828125 0.15416666666666667
0 0.7234375 0.53125 0.0875 0.09375
0 0.6078125 0.47708333333333336 0.0375 0.035416666666666666
0 0.54375 0.46770833333333334 0.040625 0.04479166666666667
2 0.25625 0.4625 0.021875 0.051041666666666666
2 0.2359375 0.4552083333333333 0.01875 0.0625
2 0.425 0.465625 0.021875 0.053125
0 0.58984375 0.465625 0.0234375 0.03333333333333333
0 0.578125 0.465625 0.01875 0.025
2 0.6828125 0.4708333333333333 0.021875 0.035416666666666666
2 0.6578125 0.465625 0.01875 0.04479166666666667
0 0.44375 0.46458333333333335 0.028125 0.035416666666666666
2 0.3203125 0.459375 0.015625 0.042708333333333334
2 0.34375 0.4583333333333333 0.01875 0.03333333333333333
2 0.35703125 0.453125 0.0203125 0.022916666666666665