2 0.196875 0.571875 0.06875 0.19895833333333332
0 0.28984375 0.5395833333333333 0.1453125 0.11875
0 0.59765625 0.45416666666666666 0.0859375 0.03333333333333333
0 0.56171875 0.47708333333333336 0.0828125 0.05625
0 0.48046875 0.4864583333333333 0.1015625 0.09375
2 0.3921875 0.46458333333333335 0.03125 0.08229166666666667
2 0.4140625 0.47291666666666665 0.021875 0.08541666666666667
2 0.66328125 0.45625 0.0203125 0.04479166666666667
0 0.70546875 0.43333333333333335 0.0453125 0.022916666666666665
0 0.86484375 0.45625 0.0359375 0.03333333333333333
2 0.6484375 0.45416666666666666 0.01875 0.04479166666666667