2 0.8921875 0.496875 0.034375 0.1
2 0.7921875 0.47708333333333336 0.021875 0.08541666666666667
2 0.7734375 0.47604166666666664 0.021875 0.1
2 0.428125 0.44583333333333336 0.01875 0.03333333333333333
0 0.6109375 0.4708333333333333 0.071875 0.078125
0 0.28046875 0.4895833333333333 0.1421875 0.15
0 0.8453125 0.453125 0.084375 0.08958333333333333
0 0.91484375 0.47708333333333336 0.0359375 0.06875
0 0.98046875 0.47708333333333336 0.0359375 0.07604166666666666
2 0.49296875 0.4479166666666667 0.0109375 0.0375
2 0.48203125 0.446875 0.0109375 0.035416666666666666
0 0.86796875 0.47708333333333336 0.0359375 0.05625