0 0.56015625 0.43645833333333334 0.0578125 0.029166666666666667
0 0.55078125 0.48854166666666665 0.0984375 0.10208333333333333
2 0.0984375 0.459375 0.040625 0.06666666666666667
2 0.02109375 0.45729166666666665 0.0390625 0.07395833333333333
2 0.25859375 0.4739583333333333 0.0203125 0.06875
2 0.134375 0.453125 0.025 0.06666666666666667
2 0.4140625 0.46458333333333335 0.01875 0.03125
2 0.225 0.45625 0.0125 0.040625
2 0.48125 0.46041666666666664 0.021875 0.03958333333333333
0 0.459375 0.478125 0.034375 0.035416666666666666
2 0.7234375 0.46875 0.01875 0.03958333333333333
2 0.97890625 0.45416666666666666 0.0234375 0.06458333333333334
2 0.90703125 0.45729166666666665 0.0296875 0.03958333333333333