2 0.73203125 0.5010416666666667 0.0296875 0.13125
0 0.75703125 0.5083333333333333 0.0203125 0.05416666666666667
0 0.70078125 0.496875 0.0359375 0.071875
0 0.94765625 0.5395833333333333 0.1046875 0.165625
0 0.61328125 0.46979166666666666 0.0484375 0.05625
0 0.17578125 0.47708333333333336 0.0546875 0.05416666666666667
0 0.090625 0.4822916666666667 0.04375 0.05416666666666667
0 0.41640625 0.46875 0.0453125 0.046875
0 0.32578125 0.4625 0.0328125 0.046875
0 0.5609375 0.4635416666666667 0.034375 0.040625
0 0.6671875 0.4875 0.053125 0.06458333333333334
0 0.640625 0.478125 0.04375 0.0625
0 0.5859375 0.4739583333333333 0.028125 0.040625
0 0.5390625 0.46145833333333336 0.025 0.03333333333333333
0 0.52265625 0.45729166666666665 0.0234375 0.03125
2 0.4640625 0.46145833333333336 0.0125 0.040625
2 0.453125 0.46041666666666664 0.015625 0.046875
0 0.0375 0.47708333333333336 0.05625 0.10520833333333333