0 0.571875 0.48125 0.1 0.04479166666666667
2 0.8515625 0.5114583333333333 0.05 0.109375
2 0.8234375 0.5010416666666667 0.028125 0.10729166666666666
2 0.80078125 0.5052083333333334 0.0359375 0.103125
2 0.2 0.5020833333333333 0.05 0.109375
2 0.39375 0.484375 0.0375 0.07395833333333333
2 0.3453125 0.4708333333333333 0.021875 0.07395833333333333
2 0.26015625 0.4666666666666667 0.0203125 0.07083333333333333
0 0.96953125 0.4947916666666667 0.0515625 0.06041666666666667
0 0.9265625 0.509375 0.028125 0.03125
0 0.44609375 0.47291666666666665 0.0484375 0.046875
2 0.28359375 0.46979166666666666 0.0234375 0.06875
2 0.3265625 0.46145833333333336 0.01875 0.053125