0 0.88125 0.578125 0.234375 0.40625
0 0.575 0.48020833333333335 0.059375 0.07083333333333333
0 0.5421875 0.471875 0.021875 0.05625
0 0.5296875 0.46458333333333335 0.01875 0.042708333333333334
2 0.5125 0.465625 0.01875 0.04479166666666667
0 0.4484375 0.465625 0.0375 0.0375
0 0.415625 0.43125 0.015625 0.019791666666666666
0 0.4203125 0.45625 0.015625 0.021875
0 0.37578125 0.46770833333333334 0.0328125 0.0375
0 0.340625 0.4822916666666667 0.04375 0.05416666666666667
0 0.2875 0.484375 0.075 0.09375
2 0.22734375 0.46979166666666666 0.0203125 0.071875
2 0.20703125 0.47708333333333336 0.0203125 0.058333333333333334