2 0.06171875 0.4625 0.0421875 0.12083333333333333
0 0.52578125 0.47708333333333336 0.0578125 0.06041666666666667
0 0.37265625 0.47291666666666665 0.0421875 0.0625
0 0.32578125 0.48125 0.0859375 0.09166666666666666
2 0.7484375 0.46770833333333334 0.034375 0.0875
2 0.71640625 0.46145833333333336 0.0359375 0.09583333333333334
2 0.68671875 0.46458333333333335 0.0265625 0.08541666666666667
2 0.1671875 0.46145833333333336 0.01875 0.040625
0 0.48203125 0.4625 0.0296875 0.035416666666666666
0 0.4078125 0.46041666666666664 0.021875 0.025
0 0.453125 0.46041666666666664 0.021875 0.027083333333333334