0 0.6421875 0.4510416666666667 0.090625 0.10208333333333333
0 0.36015625 0.434375 0.0796875 0.06875
0 0.1984375 0.42916666666666664 0.065625 0.05625
2 0.409375 0.43333333333333335 0.025 0.08229166666666667
2 0.55703125 0.4395833333333333 0.0203125 0.078125
2 0.58125 0.44166666666666665 0.025 0.08229166666666667
0 0.06640625 0.4270833333333333 0.0859375 0.09166666666666666
0 0.12265625 0.4239583333333333 0.0515625 0.07395833333333333
0 0.109375 0.39895833333333336 0.103125 0.071875
0 0.2671875 0.44895833333333335 0.11875 0.10208333333333333
0 0.43046875 0.428125 0.0328125 0.042708333333333334
0 0.4515625 0.425 0.021875 0.0375
0 0.459375 0.41875 0.034375 0.0375