0 0.4 0.475 0.059375 0.05416666666666667
0 0.53671875 0.4864583333333333 0.0890625 0.08958333333333333
0 0.49140625 0.47604166666666664 0.0359375 0.06875
0 0.47109375 0.475 0.0296875 0.05416666666666667
2 0.628125 0.46979166666666666 0.021875 0.06041666666666667
2 0.65390625 0.46770833333333334 0.0171875 0.06875
0 0.9828125 0.4739583333333333 0.03125 0.11145833333333334
0 0.93203125 0.48125 0.0359375 0.09166666666666666
2 0.29375 0.459375 0.01875 0.03958333333333333
2 0.2796875 0.459375 0.0125 0.03958333333333333
2 0.21875 0.45208333333333334 0.025 0.0375
2 0.1484375 0.4510416666666667 0.021875 0.03958333333333333
2 0.01640625 0.4510416666666667 0.0265625 0.042708333333333334