0 0.65 0.44895833333333335 0.06875 0.10208333333333333
2 0.6109375 0.45208333333333334 0.03125 0.103125
2 0.58359375 0.453125 0.0328125 0.10208333333333333
2 0.38359375 0.4375 0.0265625 0.08958333333333333
0 0.3453125 0.43854166666666666 0.059375 0.071875
0 0.1953125 0.434375 0.05625 0.05625
0 0.05390625 0.4239583333333333 0.0828125 0.08958333333333333
0 0.1171875 0.42604166666666665 0.046875 0.07083333333333333
0 0.10390625 0.403125 0.1046875 0.07604166666666666
0 0.2640625 0.45208333333333334 0.11875 0.103125
0 0.4109375 0.43333333333333335 0.028125 0.05416666666666667
0 0.4328125 0.43020833333333336 0.03125 0.04479166666666667
0 0.4515625 0.428125 0.01875 0.035416666666666666
0 0.46015625 0.421875 0.0296875 0.03958333333333333