2 0.8703125 0.49166666666666664 0.021875 0.09375
2 0.88984375 0.49895833333333334 0.0203125 0.07604166666666666
2 0.85078125 0.490625 0.0203125 0.09791666666666667
2 0.8234375 0.49166666666666664 0.01875 0.10520833333333333
2 0.80078125 0.49270833333333336 0.0234375 0.09166666666666666
2 0.77890625 0.49270833333333336 0.0234375 0.0875
2 0.76328125 0.490625 0.0203125 0.08229166666666667
2 0.74921875 0.490625 0.0203125 0.08229166666666667
2 0.709375 0.490625 0.021875 0.07083333333333333
2 0.678125 0.47291666666666665 0.01875 0.05416666666666667
2 0.6640625 0.4947916666666667 0.01875 0.053125
2 0.640625 0.47291666666666665 0.01875 0.03958333333333333
2 0.6265625 0.4666666666666667 0.01875 0.042708333333333334
0 0.47421875 0.446875 0.0203125 0.022916666666666665
0 0.45625 0.490625 0.065625 0.07083333333333333
0 0.3109375 0.46041666666666664 0.03125 0.029166666666666667