2 0.36796875 0.5041666666666667 0.0609375 0.28541666666666665
0 0.43671875 0.48333333333333334 0.0734375 0.1
0 0.48203125 0.48125 0.0453125 0.07604166666666666
0 0.51328125 0.4895833333333333 0.0234375 0.06458333333333334
0 0.55390625 0.484375 0.0796875 0.078125
0 0.65546875 0.4822916666666667 0.0765625 0.08229166666666667
0 0.7234375 0.471875 0.04375 0.053125
2 0.74609375 0.503125 0.0203125 0.09166666666666666
2 0.76796875 0.48333333333333334 0.0265625 0.11875
0 0.84375 0.4875 0.128125 0.14270833333333333
0 0.9359375 0.5072916666666667 0.128125 0.196875