2 0.1140625 0.478125 0.053125 0.14791666666666667
2 0.23515625 0.47604166666666664 0.0671875 0.146875
0 0.28125 0.465625 0.053125 0.1
0 0.3453125 0.46458333333333335 0.028125 0.08229166666666667
2 0.321875 0.47708333333333336 0.059375 0.12916666666666668
2 0.7359375 0.45729166666666665 0.025 0.07083333333333333
2 0.98828125 0.44166666666666665 0.0234375 0.14479166666666668
0 0.65859375 0.4625 0.0453125 0.07395833333333333
0 0.365625 0.46041666666666664 0.040625 0.06666666666666667
0 0.63203125 0.46041666666666664 0.0296875 0.07083333333333333
0 0.60859375 0.46041666666666664 0.0234375 0.046875
0 0.70703125 0.4666666666666667 0.0359375 0.07083333333333333
0 0.4359375 0.453125 0.059375 0.07083333333333333
0 0.40625 0.465625 0.046875 0.06041666666666667
0 0.5140625 0.46041666666666664 0.0375 0.040625