2 0.42890625 0.646875 0.1859375 0.6333333333333333
2 0.59765625 0.6145833333333334 0.1671875 0.36875
2 0.5484375 0.5395833333333333 0.15625 0.384375
2 0.91171875 0.5770833333333333 0.1671875 0.5375
2 0.8734375 0.571875 0.165625 0.453125
0 0.1546875 0.540625 0.246875 0.109375
0 0.2875 0.5041666666666667 0.090625 0.078125
0 0.33359375 0.49583333333333335 0.0546875 0.07083333333333333
0 0.78671875 0.49375 0.0671875 0.12083333333333333
2 0.73046875 0.46979166666666666 0.0234375 0.071875
2 0.68671875 0.4583333333333333 0.0234375 0.040625
2 0.75625 0.4625 0.01875 0.07395833333333333
0 0.61640625 0.46458333333333335 0.0390625 0.051041666666666666
0 0.97109375 0.4125 0.0578125 0.125