0 0.81640625 0.6177083333333333 0.2828125 0.228125
0 0.63828125 0.553125 0.1828125 0.125
0 0.59296875 0.4875 0.0921875 0.04479166666666667
2 0.5359375 0.47708333333333336 0.021875 0.06875
2 0.51484375 0.48020833333333335 0.0234375 0.06666666666666667
0 0.17421875 0.471875 0.0703125 0.06041666666666667
0 0.11640625 0.475 0.0546875 0.042708333333333334
0 0.06796875 0.4708333333333333 0.0578125 0.042708333333333334
0 0.690625 0.49375 0.084375 0.0625
0 0.76796875 0.4875 0.0515625 0.05625
0 0.84296875 0.4979166666666667 0.0703125 0.0625
0 0.97109375 0.49166666666666664 0.0546875 0.05625