2 0.95546875 0.5197916666666667 0.0234375 0.09375
2 0.92734375 0.5197916666666667 0.0296875 0.09791666666666667
2 0.22578125 0.5291666666666667 0.0359375 0.08958333333333333
0 0.5578125 0.4822916666666667 0.046875 0.042708333333333334
0 0.5078125 0.509375 0.05 0.06666666666666667
0 0.54375 0.528125 0.075 0.071875
0 0.3859375 0.46979166666666666 0.021875 0.025
2 0.4453125 0.4708333333333333 0.015625 0.035416666666666666
2 0.9734375 0.5041666666666667 0.0375 0.09791666666666667
2 0.01328125 0.5 0.0203125 0.078125
2 0.02578125 0.4979166666666667 0.0203125 0.078125