0 0.07734375 0.49375 0.1515625 0.23020833333333332
2 0.08828125 0.38333333333333336 0.0359375 0.046875
2 0.1265625 0.39791666666666664 0.0375 0.11354166666666667
0 0.2421875 0.428125 0.06875 0.0625
0 0.19296875 0.43125 0.0546875 0.078125
0 0.3171875 0.421875 0.046875 0.046875
0 0.50703125 0.4427083333333333 0.0765625 0.06875
0 0.54453125 0.46979166666666666 0.1078125 0.103125
0 0.87890625 0.47291666666666665 0.2359375 0.078125
0 0.4265625 0.42916666666666664 0.025 0.025
2 0.40625 0.425 0.015625 0.0375
0 0.1609375 0.43645833333333334 0.046875 0.0875
0 0.27890625 0.4270833333333333 0.0328125 0.06041666666666667
0 0.3484375 0.425 0.028125 0.0375
0 0.36953125 0.42604166666666665 0.0203125 0.03125
2 0.45234375 0.428125 0.0140625 0.035416666666666666
2 0.3921875 0.421875 0.01875 0.03958333333333333
0 0.86171875 0.5479166666666667 0.2046875 0.07604166666666666
0 0.946875 0.42604166666666665 0.103125 0.042708333333333334