2 0.05390625 0.48541666666666666 0.0609375 0.134375
2 0.7421875 0.4635416666666667 0.025 0.09166666666666666
2 0.484375 0.453125 0.021875 0.0625
2 0.88828125 0.47291666666666665 0.0484375 0.125
2 0.91640625 0.465625 0.0421875 0.10729166666666666
0 0.3875 0.47708333333333336 0.10625 0.08541666666666667
0 0.52890625 0.46458333333333335 0.0296875 0.046875
0 0.5625 0.475 0.0625 0.06666666666666667
2 0.08828125 0.4322916666666667 0.0234375 0.029166666666666667
2 0.10703125 0.44166666666666665 0.0265625 0.03958333333333333
2 0.66640625 0.45625 0.0234375 0.06458333333333334
2 0.95546875 0.4427083333333333 0.0265625 0.040625
2 0.8109375 0.44375 0.025 0.027083333333333334