0 0.190625 0.46145833333333336 0.053125 0.07604166666666666
0 0.50703125 0.47604166666666664 0.0515625 0.06458333333333334
0 0.53984375 0.4583333333333333 0.0359375 0.0375
0 0.44296875 0.47604166666666664 0.0734375 0.06041666666666667
2 0.396875 0.4625 0.028125 0.09375
2 0.284375 0.49166666666666664 0.05 0.1625
2 0.2375 0.47708333333333336 0.046875 0.18125
2 0.08046875 0.55625 0.1296875 0.39479166666666665
2 0.81484375 0.48125 0.0171875 0.040625
0 0.65859375 0.6 0.5578125 0.27291666666666664
2 0.79375 0.47708333333333336 0.01875 0.03958333333333333
2 0.8734375 0.48854166666666665 0.021875 0.035416666666666666
2 0.88984375 0.4947916666666667 0.0203125 0.04479166666666667
2 0.375 0.46041666666666664 0.01875 0.0875
2 0.365625 0.46458333333333335 0.025 0.078125
2 0.3453125 0.46041666666666664 0.028125 0.08541666666666667
0 0.03125 0.4 0.059375 0.05416666666666667