2 0.03984375 0.5083333333333333 0.0578125 0.23020833333333332
2 0.09765625 0.49270833333333336 0.0359375 0.15
2 0.13046875 0.490625 0.0421875 0.16770833333333332
2 0.25859375 0.4979166666666667 0.0421875 0.13645833333333332
0 0.83046875 0.49166666666666664 0.1015625 0.09791666666666667
0 0.746875 0.4895833333333333 0.06875 0.071875
0 0.65390625 0.48125 0.0328125 0.040625
0 0.58359375 0.4739583333333333 0.0296875 0.0375
2 0.36953125 0.453125 0.0234375 0.03958333333333333
2 0.215625 0.5 0.0375 0.13645833333333332
2 0.4453125 0.4666666666666667 0.01875 0.046875
2 0.2875 0.471875 0.021875 0.1
0 0.7171875 0.484375 0.03125 0.05416666666666667
0 0.6296875 0.47708333333333336 0.025 0.03125