2 0.7234375 0.5104166666666666 0.059375 0.15
2 0.5921875 0.4979166666666667 0.01875 0.022916666666666665
0 0.54375 0.53125 0.096875 0.08541666666666667
0 0.4671875 0.50625 0.0375 0.042708333333333334
0 0.44453125 0.5052083333333334 0.0203125 0.025
0 0.41953125 0.49895833333333334 0.0296875 0.025
0 0.40078125 0.503125 0.0203125 0.025
0 0.38515625 0.49583333333333335 0.0203125 0.022916666666666665
0 0.3484375 0.5083333333333333 0.053125 0.06666666666666667
0 0.35234375 0.51875 0.0203125 0.0375
0 0.33125 0.5260416666666666 0.034375 0.053125
0 0.290625 0.5270833333333333 0.06875 0.078125
0 0.171875 0.5104166666666666 0.05 0.06041666666666667
0 0.225 0.55 0.115625 0.115625
0 0.08125 0.5822916666666667 0.1625 0.33958333333333335