0 0.0453125 0.528125 0.090625 0.18125
0 0.121875 0.5322916666666667 0.096875 0.13854166666666667
0 0.16796875 0.49583333333333335 0.1296875 0.12916666666666668
0 0.2421875 0.49895833333333334 0.040625 0.0875
0 0.26484375 0.4947916666666667 0.0609375 0.071875
0 0.29296875 0.48125 0.0671875 0.06875
0 0.43984375 0.4864583333333333 0.0671875 0.0625
0 0.590625 0.49166666666666664 0.05625 0.084375
0 0.62109375 0.5020833333333333 0.0734375 0.109375
0 0.68359375 0.50625 0.0953125 0.171875
0 0.83515625 0.5083333333333333 0.3265625 0.30625
0 0.5015625 0.46770833333333334 0.021875 0.0375
0 0.38125 0.47291666666666665 0.0375 0.035416666666666666