2 0.3015625 0.47708333333333336 0.025 0.084375
2 0.2859375 0.4895833333333333 0.021875 0.071875
2 0.64296875 0.4635416666666667 0.0296875 0.1
2 0.603125 0.4625 0.028125 0.078125
0 0.8328125 0.47604166666666664 0.021875 0.06875
0 0.80390625 0.4625 0.0546875 0.08229166666666667
0 0.92421875 0.44583333333333336 0.1453125 0.140625
0 0.94921875 0.4895833333333333 0.0921875 0.115625
0 0.7265625 0.459375 0.034375 0.05416666666666667
2 0.58046875 0.45625 0.0203125 0.05625
2 0.17265625 0.478125 0.0203125 0.042708333333333334
2 0.1265625 0.490625 0.021875 0.035416666666666666