2 0.6109375 0.5739583333333333 0.090625 0.234375
2 0.44765625 0.5541666666666667 0.0546875 0.21666666666666667
2 0.3828125 0.4739583333333333 0.03125 0.071875
2 0.290625 0.5145833333333333 0.028125 0.10729166666666666
0 0.86953125 0.70625 0.2578125 0.4354166666666667
0 0.7421875 0.5979166666666667 0.15625 0.18333333333333332
0 0.7 0.5208333333333334 0.103125 0.09166666666666666
0 0.32421875 0.5 0.0484375 0.08229166666666667
0 0.2625 0.5135416666666667 0.059375 0.11666666666666667
0 0.15390625 0.546875 0.1828125 0.17916666666666667
0 0.05859375 0.634375 0.1140625 0.21458333333333332
0 0.75703125 0.453125 0.0734375 0.03958333333333333
0 0.73984375 0.44583333333333336 0.0828125 0.04479166666666667
0 0.63046875 0.44583333333333336 0.0703125 0.029166666666666667
0 0.3609375 0.478125 0.025 0.07083333333333333
0 0.40546875 0.465625 0.0234375 0.040625
0 0.465625 0.44583333333333336 0.025 0.03125
0 0.578125 0.4739583333333333 0.046875 0.06458333333333334
0 0.56796875 0.4635416666666667 0.0453125 0.05625
0 0.54453125 0.45625 0.0296875 0.0375