0 0.0359375 0.459375 0.065625 0.07083333333333333
0 0.0234375 0.5708333333333333 0.04375 0.10729166666666666
0 0.10078125 0.4625 0.0734375 0.0625
0 0.184375 0.4479166666666667 0.096875 0.0875
2 0.30546875 0.41875 0.0265625 0.053125
2 0.34765625 0.39166666666666666 0.0203125 0.029166666666666667
0 0.58984375 0.43125 0.0328125 0.051041666666666666
0 0.39375 0.48854166666666665 0.403125 0.17916666666666667
0 0.64140625 0.440625 0.0328125 0.029166666666666667
0 0.6890625 0.434375 0.05625 0.06875
0 0.7484375 0.47708333333333336 0.103125 0.1
0 0.91015625 0.484375 0.1546875 0.125