0 0.49453125 0.5177083333333333 0.1359375 0.125
0 0.1921875 0.4666666666666667 0.05625 0.07395833333333333
2 0.36796875 0.46458333333333335 0.0296875 0.09375
2 0.10078125 0.5020833333333333 0.0796875 0.23854166666666668
2 0.03203125 0.4875 0.0546875 0.2125
2 0.39765625 0.46041666666666664 0.0234375 0.05625
2 0.4171875 0.46041666666666664 0.021875 0.06041666666666667
0 0.7375 0.47708333333333336 0.05 0.0375
2 0.87265625 0.4875 0.0234375 0.0375
2 0.8875 0.49583333333333335 0.028125 0.05416666666666667
0 0.2703125 0.46041666666666664 0.034375 0.07083333333333333
0 0.60390625 0.46770833333333334 0.0328125 0.029166666666666667
2 0.334375 0.44166666666666665 0.01875 0.03958333333333333