2 0.97890625 0.515625 0.0296875 0.15625
0 0.98203125 0.4125 0.0328125 0.051041666666666666
0 0.940625 0.440625 0.025 0.09583333333333334
2 0.9 0.5 0.0625 0.30104166666666665
0 0.85078125 0.4510416666666667 0.0328125 0.051041666666666666
0 0.8359375 0.43333333333333335 0.0625 0.078125
0 0.79296875 0.43020833333333336 0.0359375 0.06458333333333334
0 0.75625 0.440625 0.040625 0.0375
0 0.70546875 0.428125 0.0421875 0.051041666666666666
0 0.33984375 0.434375 0.0515625 0.05625
0 0.43203125 0.41770833333333335 0.0203125 0.019791666666666666
2 0.6015625 0.4041666666666667 0.015625 0.03958333333333333