2 0.465625 0.4979166666666667 0.034375 0.12083333333333333
2 0.3859375 0.50625 0.034375 0.125
0 0.0296875 0.6947916666666667 0.053125 0.165625
0 0.10078125 0.6177083333333333 0.1953125 0.178125
0 0.2171875 0.5572916666666666 0.13125 0.11875
0 0.28046875 0.528125 0.1046875 0.084375
0 0.61875 0.5052083333333334 0.071875 0.0875
0 0.659375 0.5260416666666666 0.078125 0.12291666666666666
0 0.82109375 0.5854166666666667 0.2765625 0.259375
0 0.94140625 0.6989583333333333 0.1171875 0.28125
0 0.53359375 0.4552083333333333 0.0328125 0.03958333333333333
2 0.56796875 0.45 0.0203125 0.0375
2 0.584375 0.440625 0.01875 0.029166666666666667
2 0.5953125 0.440625 0.01875 0.025
0 0.5921875 0.49166666666666664 0.040625 0.071875
0 0.575 0.48020833333333335 0.034375 0.0625
0 0.06484375 0.5 0.1015625 0.06666666666666667
0 0.32265625 0.49895833333333334 0.0703125 0.071875