0 0.09609375 0.5041666666666667 0.1484375 0.10208333333333333
0 0.48984375 0.46041666666666664 0.0234375 0.027083333333333334
0 0.44375 0.471875 0.05625 0.053125
2 0.6546875 0.49375 0.04375 0.13333333333333333
2 0.86484375 0.5083333333333333 0.0421875 0.07395833333333333
2 0.91015625 0.5125 0.0328125 0.06875
2 0.93671875 0.49375 0.0265625 0.05416666666666667
0 0.14609375 0.46041666666666664 0.0609375 0.053125
0 0.18515625 0.46145833333333336 0.0359375 0.04479166666666667
0 0.2140625 0.45625 0.03125 0.040625
0 0.2453125 0.46041666666666664 0.025 0.04479166666666667
2 0.30546875 0.46041666666666664 0.0171875 0.046875
2 0.325 0.459375 0.015625 0.05416666666666667
2 0.34296875 0.4552083333333333 0.0140625 0.046875
2 0.35234375 0.45729166666666665 0.0140625 0.051041666666666666
2 0.678125 0.4708333333333333 0.021875 0.058333333333333334
2 0.6375 0.4666666666666667 0.01875 0.046875