2 0.165625 0.509375 0.065625 0.29270833333333335
2 0.8359375 0.471875 0.028125 0.1
2 0.96484375 0.48125 0.0359375 0.115625
0 0.0640625 0.528125 0.125 0.12708333333333333
0 0.23203125 0.5385416666666667 0.0734375 0.11875
0 0.2953125 0.540625 0.034375 0.08229166666666667
0 0.2609375 0.46145833333333336 0.11875 0.053125
0 0.38671875 0.5083333333333333 0.0953125 0.125
0 0.40234375 0.4791666666666667 0.1171875 0.0875
0 0.41640625 0.46458333333333335 0.1359375 0.09375
2 0.9890625 0.4864583333333333 0.01875 0.109375
2 0.8015625 0.4822916666666667 0.03125 0.07083333333333333
2 0.78359375 0.47708333333333336 0.0265625 0.06875
0 0.58984375 0.475 0.0328125 0.042708333333333334
0 0.50625 0.48020833333333335 0.034375 0.035416666666666666