2 0.14765625 0.490625 0.0203125 0.058333333333333334
2 0.1265625 0.4864583333333333 0.021875 0.07395833333333333
2 0.66171875 0.4583333333333333 0.0328125 0.1
2 0.63203125 0.4739583333333333 0.0328125 0.09166666666666666
0 0.93203125 0.41354166666666664 0.1328125 0.06041666666666667
0 0.8015625 0.5427083333333333 0.390625 0.21875
2 0.5515625 0.459375 0.01875 0.051041666666666666
0 0.7296875 0.446875 0.034375 0.03958333333333333
0 0.80078125 0.4197916666666667 0.0515625 0.03958333333333333
0 0.88671875 0.41354166666666664 0.0734375 0.040625
0 0.45625 0.46041666666666664 0.03125 0.027083333333333334
2 0.3765625 0.4625 0.009375 0.03125
2 0.37109375 0.46041666666666664 0.0109375 0.03125
2 0.60234375 0.46041666666666664 0.0234375 0.06666666666666667
2 0.57890625 0.4625 0.0234375 0.07083333333333333