2 0.29765625 0.4635416666666667 0.0421875 0.115625
2 0.63125 0.4947916666666667 0.065625 0.19375
2 0.72421875 0.484375 0.0515625 0.19895833333333332
2 0.77421875 0.49166666666666664 0.0484375 0.18125
2 0.14453125 0.4635416666666667 0.0265625 0.06875
2 0.1296875 0.46145833333333336 0.028125 0.07604166666666666
2 0.0375 0.46770833333333334 0.028125 0.06875
2 0.26015625 0.465625 0.0296875 0.0875
2 0.37109375 0.459375 0.0296875 0.09791666666666667
2 0.3375 0.45 0.034375 0.071875
2 0.21171875 0.4635416666666667 0.0359375 0.10729166666666666