0 0.08828125 0.6020833333333333 0.1703125 0.17395833333333333
0 0.32421875 0.49166666666666664 0.0578125 0.0625
0 0.3515625 0.4739583333333333 0.046875 0.05625
0 0.434375 0.45208333333333334 0.01875 0.029166666666666667
0 0.584375 0.4875 0.05 0.06458333333333334
0 0.6046875 0.5020833333333333 0.075 0.078125
0 0.6640625 0.5427083333333333 0.109375 0.11354166666666667
0 0.7453125 0.5791666666666667 0.1875 0.16979166666666667
2 0.41875 0.4552083333333333 0.01875 0.051041666666666666
2 0.4015625 0.44895833333333335 0.0125 0.035416666666666666
0 0.553125 0.4708333333333333 0.025 0.042708333333333334
0 0.53671875 0.45729166666666665 0.0265625 0.035416666666666666
0 0.490625 0.43645833333333334 0.01875 0.025