2 0.0203125 0.4864583333333333 0.0375 0.23854166666666668
2 0.1140625 0.4635416666666667 0.034375 0.1
0 0.30546875 0.45625 0.0484375 0.0875
0 0.2265625 0.4354166666666667 0.1 0.046875
2 0.346875 0.475 0.025 0.10520833333333333
2 0.3828125 0.48541666666666666 0.028125 0.12291666666666666
2 0.46875 0.4635416666666667 0.021875 0.084375
0 0.50078125 0.4635416666666667 0.0234375 0.040625
2 0.521875 0.46145833333333336 0.015625 0.04895833333333333
0 0.54765625 0.453125 0.0265625 0.027083333333333334
0 0.6046875 0.45625 0.028125 0.0375
2 0.653125 0.46979166666666666 0.01875 0.053125
2 0.6796875 0.4583333333333333 0.021875 0.06041666666666667
0 0.7359375 0.44583333333333336 0.04375 0.0375
0 0.8625 0.5145833333333333 0.275 0.19375