2 0.87890625 0.521875 0.0265625 0.109375
2 0.84375 0.5145833333333333 0.028125 0.1
2 0.81875 0.5208333333333334 0.028125 0.1
2 0.73046875 0.521875 0.0296875 0.08541666666666667
2 0.70078125 0.5322916666666667 0.0203125 0.071875
2 0.6796875 0.534375 0.025 0.0875
2 0.65859375 0.534375 0.0203125 0.07604166666666666
2 0.63203125 0.5385416666666667 0.0203125 0.071875
2 0.61484375 0.540625 0.0203125 0.0625
2 0.59375 0.54375 0.01875 0.05625
2 0.58046875 0.540625 0.0203125 0.058333333333333334
2 0.5640625 0.5447916666666667 0.01875 0.05416666666666667
0 0.41171875 0.49895833333333334 0.0171875 0.021875
0 0.43203125 0.5197916666666667 0.0203125 0.019791666666666666
0 0.3828125 0.5416666666666666 0.028125 0.04479166666666667
0 0.3453125 0.5416666666666666 0.028125 0.040625
0 0.41015625 0.5541666666666667 0.0296875 0.058333333333333334
0 0.4625 0.5479166666666667 0.071875 0.07604166666666666
2 0.32734375 0.5416666666666666 0.0140625 0.040625
2 0.2734375 0.5416666666666666 0.0125 0.04479166666666667
2 0.26171875 0.540625 0.0140625 0.042708333333333334
2 0.2421875 0.5458333333333333 0.01875 0.04479166666666667
0 0.2109375 0.565625 0.021875 0.03333333333333333
0 0.1859375 0.5552083333333333 0.01875 0.04479166666666667
2 0.01875 0.5604166666666667 0.028125 0.08958333333333333