0 0.1515625 0.6177083333333333 0.296875 0.2833333333333333
0 0.27265625 0.55 0.1203125 0.15416666666666667
0 0.34453125 0.5166666666666667 0.0828125 0.1
0 0.70078125 0.5072916666666667 0.0734375 0.084375
0 0.7609375 0.5177083333333333 0.08125 0.109375
0 0.859375 0.5208333333333334 0.153125 0.15416666666666667
0 0.9453125 0.5541666666666667 0.10625 0.178125
0 0.484375 0.47291666666666665 0.046875 0.035416666666666666
2 0.64296875 0.48854166666666665 0.0265625 0.08229166666666667
2 0.61875 0.4875 0.028125 0.07604166666666666
2 0.39765625 0.5166666666666667 0.0421875 0.146875
2 0.42578125 0.49166666666666664 0.0296875 0.10208333333333333
0 0.59296875 0.46458333333333335 0.0453125 0.042708333333333334
0 0.459375 0.471875 0.025 0.029166666666666667