0 0.11796875 0.56875 0.2328125 0.24583333333333332
0 0.3046875 0.50625 0.171875 0.15208333333333332
0 0.371875 0.48125 0.115625 0.13125
0 0.425 0.48854166666666665 0.03125 0.078125
0 0.44765625 0.4864583333333333 0.0359375 0.0625
0 0.9921875 0.5385416666666667 0.015625 0.11145833333333334
0 0.95078125 0.5229166666666667 0.0984375 0.115625
0 0.9359375 0.46979166666666666 0.128125 0.071875
0 0.5046875 0.46145833333333336 0.040625 0.04479166666666667
0 0.5265625 0.46145833333333336 0.015625 0.0375
0 0.5390625 0.46145833333333336 0.01875 0.029166666666666667
0 0.55078125 0.46458333333333335 0.0203125 0.022916666666666665
0 0.56484375 0.46041666666666664 0.0203125 0.022916666666666665
0 0.6046875 0.46041666666666664 0.021875 0.022916666666666665
0 0.6234375 0.465625 0.021875 0.025
0 0.64375 0.4635416666666667 0.021875 0.029166666666666667
0 0.67421875 0.4666666666666667 0.0453125 0.03958333333333333
2 0.7765625 0.46041666666666664 0.03125 0.05625