0 0.0265625 0.4239583333333333 0.053125 0.08958333333333333
0 0.13046875 0.39791666666666664 0.1421875 0.058333333333333334
2 0.0828125 0.43333333333333335 0.05 0.09375
2 0.128125 0.43854166666666666 0.0375 0.084375
2 0.20859375 0.44375 0.0421875 0.11354166666666667
2 0.2828125 0.42916666666666664 0.03125 0.084375
2 0.36328125 0.43645833333333334 0.0296875 0.10729166666666666
2 0.5234375 0.42604166666666665 0.03125 0.078125
2 0.4875 0.4322916666666667 0.028125 0.071875
2 0.4515625 0.440625 0.034375 0.07604166666666666
0 0.88046875 0.425 0.0703125 0.0875
2 0.4171875 0.42083333333333334 0.03125 0.07604166666666666
2 0.40078125 0.425 0.0234375 0.05625
2 0.24453125 0.42916666666666664 0.0265625 0.03958333333333333
2 0.25859375 0.434375 0.0328125 0.053125
2 0.16875 0.43020833333333336 0.03125 0.06041666666666667
2 0.3390625 0.428125 0.03125 0.03958333333333333
2 0.30234375 0.42916666666666664 0.0296875 0.04479166666666667