2 0.0921875 0.42291666666666666 0.021875 0.103125
2 0.22109375 0.41041666666666665 0.0203125 0.06666666666666667
2 0.24140625 0.39895833333333336 0.0203125 0.053125
2 0.265625 0.4 0.01875 0.051041666666666666
2 0.29609375 0.396875 0.0140625 0.046875
2 0.30859375 0.4 0.0140625 0.042708333333333334
2 0.35625 0.41458333333333336 0.01875 0.06458333333333334
2 0.38046875 0.41041666666666665 0.0203125 0.05416666666666667
0 0.4453125 0.44583333333333336 0.08125 0.07604166666666666
0 0.50234375 0.42291666666666666 0.0453125 0.053125
0 0.5703125 0.4354166666666667 0.090625 0.109375
0 0.62109375 0.415625 0.0265625 0.035416666666666666
0 0.64453125 0.4166666666666667 0.0296875 0.0375
0 0.6734375 0.4166666666666667 0.028125 0.04479166666666667
0 0.73203125 0.44895833333333335 0.1171875 0.08958333333333333
2 0.1984375 0.41041666666666665 0.01875 0.058333333333333334