2 0.3171875 0.515625 0.040625 0.140625
0 0.65 0.46875 0.046875 0.042708333333333334
0 0.62734375 0.4625 0.0328125 0.03958333333333333
0 0.52265625 0.4666666666666667 0.0359375 0.035416666666666666
0 0.60078125 0.4625 0.0203125 0.03125
0 0.5828125 0.4666666666666667 0.01875 0.027083333333333334
0 0.5734375 0.46145833333333336 0.01875 0.029166666666666667
0 0.54453125 0.465625 0.0203125 0.025
0 0.48671875 0.465625 0.0203125 0.017708333333333333
2 0.41015625 0.4666666666666667 0.0140625 0.035416666666666666
2 0.4375 0.4635416666666667 0.015625 0.0375
2 0.45859375 0.4635416666666667 0.0171875 0.040625