2 0.978125 0.484375 0.040625 0.12083333333333333
2 0.94140625 0.4895833333333333 0.0421875 0.115625
2 0.7890625 0.484375 0.03125 0.125
2 0.77109375 0.4822916666666667 0.0296875 0.12083333333333333
0 0.8265625 0.484375 0.0625 0.078125
0 0.74375 0.4791666666666667 0.059375 0.06875
0 0.70546875 0.47604166666666664 0.0328125 0.05625
0 0.5875 0.4666666666666667 0.0375 0.042708333333333334
2 0.29140625 0.46145833333333336 0.0234375 0.103125
2 0.31796875 0.471875 0.0453125 0.115625
2 0.18515625 0.4708333333333333 0.0359375 0.125
2 0.2171875 0.4479166666666667 0.01875 0.071875
2 0.13046875 0.4739583333333333 0.0328125 0.134375
2 0.10234375 0.46770833333333334 0.0296875 0.13854166666666667
2 0.2265625 0.484375 0.03125 0.13333333333333333
2 0.2421875 0.47604166666666664 0.021875 0.11875
2 0.5078125 0.4635416666666667 0.01875 0.03333333333333333