0 0.86484375 0.5260416666666666 0.2265625 0.134375
0 0.58359375 0.48333333333333334 0.1046875 0.06875
0 0.190625 0.4708333333333333 0.090625 0.046875
0 0.115625 0.46041666666666664 0.075 0.03958333333333333
2 0.36953125 0.46979166666666666 0.0203125 0.071875
2 0.3171875 0.46979166666666666 0.025 0.071875
2 0.2859375 0.465625 0.028125 0.06458333333333334
2 0.65703125 0.5 0.0234375 0.09375
2 0.67421875 0.49583333333333335 0.0203125 0.10208333333333333
2 0.68828125 0.49895833333333334 0.0203125 0.103125
2 0.7171875 0.48854166666666665 0.028125 0.10520833333333333
2 0.73828125 0.49166666666666664 0.0203125 0.11354166666666667
2 0.07109375 0.45729166666666665 0.0140625 0.042708333333333334
2 0.078125 0.4510416666666667 0.0125 0.03958333333333333
2 0.090625 0.4479166666666667 0.01875 0.03333333333333333
2 0.15859375 0.446875 0.0203125 0.03125
0 0.01953125 0.46145833333333336 0.0265625 0.040625
2 0.02421875 0.44583333333333336 0.0140625 0.027083333333333334
2 0.7640625 0.4666666666666667 0.021875 0.046875
2 0.78671875 0.46145833333333336 0.0234375 0.040625