0 0.1671875 0.515625 0.315625 0.234375
0 0.340625 0.48854166666666665 0.13125 0.14479166666666668
2 0.440625 0.4708333333333333 0.01875 0.046875
2 0.45546875 0.471875 0.0140625 0.04479166666666667
0 0.5390625 0.5114583333333333 0.15625 0.16041666666666668
0 0.625 0.478125 0.021875 0.027083333333333334
0 0.64609375 0.478125 0.0203125 0.03958333333333333
0 0.68046875 0.4822916666666667 0.0453125 0.051041666666666666
2 0.7671875 0.47708333333333336 0.01875 0.04479166666666667
0 0.7328125 0.48333333333333334 0.059375 0.06041666666666667
0 0.9484375 0.5125 0.103125 0.11875