0 0.08125 0.5739583333333333 0.159375 0.28541666666666665
2 0.2125 0.5291666666666667 0.059375 0.28541666666666665
0 0.2515625 0.5114583333333333 0.0375 0.14791666666666667
0 0.26484375 0.47708333333333336 0.2640625 0.17604166666666668
0 0.434375 0.478125 0.08125 0.09791666666666667
0 0.48203125 0.47708333333333336 0.1234375 0.07604166666666666
0 0.55703125 0.4739583333333333 0.0796875 0.06041666666666667
2 0.60703125 0.4708333333333333 0.0234375 0.06666666666666667
0 0.6375 0.4666666666666667 0.034375 0.05416666666666667
0 0.6671875 0.47604166666666664 0.025 0.03333333333333333
0 0.69609375 0.4666666666666667 0.0328125 0.035416666666666666
0 0.74609375 0.475 0.0421875 0.058333333333333334
0 0.80078125 0.4895833333333333 0.1046875 0.11875
0 0.82734375 0.5020833333333333 0.0578125 0.12916666666666668
0 0.96796875 0.5072916666666667 0.0640625 0.23645833333333333
0 0.08984375 0.45208333333333334 0.1765625 0.22083333333333333