0 0.071875 0.47708333333333336 0.14375 0.17916666666666667
0 0.18203125 0.48541666666666666 0.1109375 0.09583333333333334
0 0.2671875 0.4708333333333333 0.09375 0.06666666666666667
0 0.36328125 0.47708333333333336 0.0484375 0.08541666666666667
0 0.5078125 0.4635416666666667 0.059375 0.09583333333333334
0 0.4359375 0.475 0.1375 0.15208333333333332
2 0.97109375 0.47291666666666665 0.0484375 0.15208333333333332
2 0.7421875 0.46041666666666664 0.03125 0.09375
2 0.68125 0.44479166666666664 0.01875 0.04479166666666667
2 0.6640625 0.4395833333333333 0.01875 0.027083333333333334
2 0.6515625 0.4427083333333333 0.01875 0.03333333333333333