2 0.0203125 0.534375 0.034375 0.1625
0 0.2203125 0.503125 0.159375 0.0875
0 0.7015625 0.4875 0.103125 0.05625
0 0.78828125 0.484375 0.0828125 0.046875
0 0.88984375 0.4739583333333333 0.0984375 0.06458333333333334
2 0.51015625 0.48854166666666665 0.0265625 0.08229166666666667
2 0.60078125 0.4791666666666667 0.0234375 0.09166666666666666
2 0.6328125 0.47708333333333336 0.028125 0.078125
0 0.14296875 0.48125 0.0703125 0.06875
2 0.73359375 0.45625 0.0203125 0.025
2 0.82734375 0.46458333333333335 0.0203125 0.03958333333333333
2 0.81484375 0.4625 0.0171875 0.03958333333333333
0 0.95390625 0.47708333333333336 0.0421875 0.040625
2 0.990625 0.46770833333333334 0.015625 0.04479166666666667