0 0.04453125 0.5114583333333333 0.0859375 0.12916666666666668
0 0.25546875 0.484375 0.0703125 0.05416666666666667
2 0.3265625 0.471875 0.0125 0.0375
0 0.4125 0.4708333333333333 0.046875 0.046875
0 0.44765625 0.4510416666666667 0.0140625 0.022916666666666665
0 0.51796875 0.47708333333333336 0.0921875 0.09375
0 0.5734375 0.4625 0.021875 0.035416666666666666
0 0.69375 0.48125 0.071875 0.040625
0 0.75703125 0.471875 0.0484375 0.040625
2 0.796875 0.46875 0.01875 0.051041666666666666
2 0.84453125 0.4583333333333333 0.0203125 0.025
2 0.84609375 0.49166666666666664 0.0234375 0.0375
2 0.8671875 0.47604166666666664 0.01875 0.06041666666666667
2 0.88125 0.46979166666666666 0.015625 0.053125
2 0.9125 0.484375 0.021875 0.07083333333333333
2 0.94375 0.48020833333333335 0.01875 0.0625
0 0.98203125 0.47708333333333336 0.0359375 0.06875