2 0.49453125 0.46979166666666666 0.0203125 0.053125
2 0.5265625 0.46875 0.021875 0.046875
0 0.6609375 0.496875 0.075 0.071875
0 0.7140625 0.5229166666666667 0.1125 0.11354166666666667
0 0.8640625 0.5760416666666667 0.265625 0.234375
0 0.41171875 0.46041666666666664 0.0359375 0.03958333333333333
0 0.36796875 0.48854166666666665 0.0296875 0.07083333333333333
0 0.3125 0.490625 0.084375 0.10208333333333333
0 0.275 0.509375 0.084375 0.12083333333333333
0 0.1296875 0.5177083333333333 0.234375 0.203125
0 0.540625 0.4666666666666667 0.025 0.046875
0 0.5625 0.47291666666666665 0.040625 0.051041666666666666