0 0.765625 0.590625 0.184375 0.18125
0 0.69296875 0.5291666666666667 0.1203125 0.12916666666666668
0 0.63359375 0.5083333333333333 0.0734375 0.10729166666666666
0 0.50390625 0.4427083333333333 0.0234375 0.025
0 0.23046875 0.4822916666666667 0.1421875 0.058333333333333334
0 0.03515625 0.4947916666666667 0.0703125 0.11875
0 0.07890625 0.4875 0.0484375 0.07604166666666666
0 0.1203125 0.46979166666666666 0.04375 0.05625
0 0.27890625 0.4635416666666667 0.0828125 0.053125
0 0.32265625 0.4583333333333333 0.0421875 0.053125
0 0.38359375 0.44895833333333335 0.0296875 0.03958333333333333
0 0.58125 0.465625 0.04375 0.06041666666666667
0 0.59375 0.48125 0.0375 0.06875
2 0.4421875 0.4552083333333333 0.01875 0.03958333333333333