0 0.86171875 0.6572916666666667 0.2703125 0.3260416666666667
0 0.75703125 0.575 0.2109375 0.21666666666666667
0 0.29765625 0.4864583333333333 0.1171875 0.058333333333333334
0 0.05390625 0.6260416666666667 0.1078125 0.19375
2 0.6015625 0.49166666666666664 0.021875 0.0625
2 0.06875 0.4552083333333333 0.025 0.05416666666666667
2 0.0453125 0.4552083333333333 0.028125 0.042708333333333334
2 0.0109375 0.46145833333333336 0.01875 0.06041666666666667
0 0.34609375 0.459375 0.0578125 0.051041666666666666
0 0.0890625 0.5229166666666667 0.134375 0.08958333333333333
2 0.12421875 0.47708333333333336 0.0140625 0.04895833333333333
0 0.18125 0.47708333333333336 0.06875 0.058333333333333334
0 0.47578125 0.46770833333333334 0.0421875 0.040625
0 0.49765625 0.4635416666666667 0.0265625 0.0375
0 0.5359375 0.459375 0.03125 0.03125
0 0.63046875 0.4666666666666667 0.0359375 0.035416666666666666
0 0.28203125 0.459375 0.0546875 0.042708333333333334