0 0.1203125 0.5489583333333333 0.08125 0.09791666666666667
0 0.2875 0.5125 0.090625 0.10729166666666666
0 0.40859375 0.5083333333333333 0.1578125 0.103125
0 0.58828125 0.490625 0.1671875 0.11666666666666667
0 0.6859375 0.4791666666666667 0.05625 0.06458333333333334
0 0.825 0.47604166666666664 0.090625 0.06875
2 0.171875 0.5125 0.04375 0.22083333333333333
2 0.2328125 0.5114583333333333 0.078125 0.20729166666666668
2 0.31640625 0.46041666666666664 0.0203125 0.05625
2 0.75078125 0.47708333333333336 0.0234375 0.084375
2 0.471875 0.4625 0.025 0.051041666666666666
2 0.453125 0.45208333333333334 0.01875 0.0375
2 0.4359375 0.4479166666666667 0.01875 0.025
2 0.4109375 0.4479166666666667 0.021875 0.025
2 0.3921875 0.45 0.01875 0.025
2 0.371875 0.4479166666666667 0.01875 0.03333333333333333
2 0.29453125 0.46041666666666664 0.0265625 0.05625
2 0.7921875 0.45729166666666665 0.01875 0.03125
2 0.76640625 0.47291666666666665 0.0140625 0.058333333333333334
2 0.72578125 0.4708333333333333 0.0171875 0.0625