0 0.115625 0.6520833333333333 0.221875 0.31666666666666665
0 0.18828125 0.5583333333333333 0.2109375 0.21875
0 0.31328125 0.5114583333333333 0.1078125 0.11354166666666667
0 0.3421875 0.49583333333333335 0.078125 0.125
0 0.459375 0.45208333333333334 0.028125 0.025
0 0.61484375 0.48020833333333335 0.0359375 0.07083333333333333
0 0.6 0.4479166666666667 0.046875 0.0375
0 0.421875 0.45625 0.028125 0.03333333333333333
0 0.55078125 0.44895833333333335 0.0296875 0.027083333333333334
2 0.53203125 0.45 0.0109375 0.029166666666666667
2 0.03359375 0.4739583333333333 0.0515625 0.06041666666666667
2 0.39609375 0.49166666666666664 0.0390625 0.13333333333333333
2 0.640625 0.48020833333333335 0.028125 0.10208333333333333
2 0.66015625 0.47708333333333336 0.0265625 0.109375
2 0.68046875 0.48333333333333334 0.0296875 0.1
0 0.9546875 0.496875 0.090625 0.11875
2 0.7640625 0.5104166666666666 0.05625 0.1625