0 0.95 0.61875 0.1 0.22708333333333333
0 0.85078125 0.578125 0.1515625 0.14791666666666667
0 0.7671875 0.534375 0.109375 0.10729166666666666
0 0.67109375 0.5020833333333333 0.0765625 0.07395833333333333
0 0.62734375 0.4875 0.0609375 0.06458333333333334
2 0.51015625 0.47291666666666665 0.0203125 0.0625
0 0.46875 0.4635416666666667 0.053125 0.06458333333333334
2 0.590625 0.475 0.01875 0.05416666666666667
0 0.14296875 0.634375 0.2828125 0.328125
0 0.0625 0.8520833333333333 0.11875 0.275
0 0.27421875 0.5802083333333333 0.1203125 0.16041666666666668
0 0.31796875 0.5322916666666667 0.0828125 0.09583333333333334
0 0.35 0.5125 0.05625 0.084375
0 0.1671875 0.44895833333333335 0.06875 0.046875
0 0.20859375 0.459375 0.0515625 0.051041666666666666
0 0.3078125 0.453125 0.053125 0.035416666666666666
0 0.11015625 0.45 0.1359375 0.040625
0 0.371875 0.4791666666666667 0.075 0.084375
0 0.4109375 0.46875 0.028125 0.05416666666666667
0 0.58125 0.46770833333333334 0.025 0.0375
0 0.57734375 0.4583333333333333 0.0421875 0.040625
0 0.540625 0.44895833333333335 0.025 0.027083333333333334