2 0.36484375 0.4635416666666667 0.0328125 0.12708333333333333
2 0.115625 0.44166666666666665 0.04375 0.13333333333333333
2 0.078125 0.5052083333333334 0.03125 0.18541666666666667
2 0.05390625 0.42604166666666665 0.0328125 0.17604166666666668
0 0.74296875 0.48333333333333334 0.0703125 0.06875
0 0.70078125 0.4708333333333333 0.0359375 0.0625
0 0.56875 0.49166666666666664 0.196875 0.22708333333333333
0 0.453125 0.49166666666666664 0.0625 0.10520833333333333
2 0.80546875 0.4635416666666667 0.0203125 0.05625
2 0.82265625 0.46458333333333335 0.0203125 0.058333333333333334
2 0.01484375 0.46770833333333334 0.0265625 0.23229166666666667