2 0.26953125 0.4583333333333333 0.0328125 0.115625
2 0.31875 0.45 0.0375 0.1
2 0.5015625 0.4895833333333333 0.053125 0.15416666666666667
2 0.546875 0.4791666666666667 0.05625 0.15833333333333333
2 0.5984375 0.45729166666666665 0.046875 0.16770833333333332
2 0.628125 0.4083333333333333 0.025 0.05416666666666667
2 0.67265625 0.46041666666666664 0.0453125 0.15416666666666667
0 0.86796875 0.49375 0.2609375 0.15208333333333332
0 0.2078125 0.4625 0.06875 0.07083333333333333
0 0.05546875 0.45416666666666666 0.0421875 0.040625
0 0.1234375 0.45208333333333334 0.028125 0.03333333333333333
0 0.1578125 0.45 0.021875 0.029166666666666667