2 0.5578125 0.4979166666666667 0.03125 0.109375
2 0.38203125 0.4708333333333333 0.0203125 0.0625
0 0.52265625 0.4635416666666667 0.0453125 0.04479166666666667
0 0.315625 0.4864583333333333 0.06875 0.07395833333333333
0 0.2390625 0.521875 0.084375 0.08958333333333333
0 0.16484375 0.5520833333333334 0.1234375 0.134375
0 0.075 0.5979166666666667 0.15 0.19583333333333333
0 0.959375 0.5520833333333334 0.078125 0.11875
0 0.83203125 0.5020833333333333 0.0828125 0.08541666666666667
0 0.7765625 0.49583333333333335 0.084375 0.09791666666666667
0 0.6265625 0.49583333333333335 0.10625 0.09791666666666667
0 0.9296875 0.49166666666666664 0.134375 0.109375
0 0.68515625 0.4666666666666667 0.0359375 0.07395833333333333