2 0.01328125 0.41041666666666665 0.0234375 0.09375
2 0.05859375 0.41041666666666665 0.0453125 0.08958333333333333
0 0.95234375 0.5364583333333334 0.0953125 0.18541666666666667
0 0.878125 0.5041666666666667 0.13125 0.125
0 0.8046875 0.4864583333333333 0.071875 0.08958333333333333
0 0.63828125 0.46770833333333334 0.0453125 0.0375
2 0.7640625 0.4666666666666667 0.0125 0.035416666666666666
2 0.090625 0.42916666666666664 0.021875 0.0375
2 0.11171875 0.43333333333333335 0.0203125 0.046875
2 0.3359375 0.4552083333333333 0.01875 0.046875
2 0.3703125 0.4552083333333333 0.01875 0.03958333333333333
2 0.3859375 0.45416666666666666 0.0125 0.0375
2 0.41953125 0.4239583333333333 0.0609375 0.12083333333333333
2 0.52578125 0.4354166666666667 0.0484375 0.10208333333333333
2 0.5578125 0.4739583333333333 0.021875 0.103125
2 0.6015625 0.44583333333333336 0.03125 0.05416666666666667