0 0.0171875 0.5291666666666667 0.034375 0.11666666666666667
0 0.14609375 0.5010416666666667 0.1234375 0.0875
0 0.2140625 0.47708333333333336 0.09375 0.09791666666666667
0 0.27265625 0.47708333333333336 0.0515625 0.071875
0 0.3890625 0.4625 0.0375 0.03125
0 0.78515625 0.478125 0.0296875 0.03125
0 0.81875 0.478125 0.021875 0.03958333333333333
0 0.30546875 0.47708333333333336 0.0296875 0.046875
0 0.41015625 0.46041666666666664 0.0203125 0.029166666666666667
0 0.4265625 0.459375 0.01875 0.027083333333333334
0 0.45078125 0.4510416666666667 0.0203125 0.022916666666666665
2 0.5890625 0.46458333333333335 0.01875 0.051041666666666666