2 0.0671875 0.51875 0.034375 0.15416666666666667
2 0.0953125 0.5135416666666667 0.028125 0.13333333333333333
2 0.1265625 0.521875 0.03125 0.13645833333333332
2 0.1703125 0.5083333333333333 0.021875 0.09375
2 0.1953125 0.515625 0.025 0.08958333333333333
2 0.225 0.5208333333333334 0.021875 0.09583333333333334
2 0.24765625 0.5104166666666666 0.0203125 0.09166666666666666
2 0.26640625 0.5145833333333333 0.0171875 0.084375
2 0.28828125 0.5104166666666666 0.0171875 0.0875
2 0.3234375 0.49583333333333335 0.015625 0.06666666666666667
2 0.384375 0.4864583333333333 0.0125 0.05416666666666667
2 0.4046875 0.48125 0.0125 0.04895833333333333
2 0.35078125 0.4822916666666667 0.0140625 0.05416666666666667
2 0.43203125 0.459375 0.0109375 0.03958333333333333
0 0.59375 0.4552083333333333 0.01875 0.027083333333333334
0 0.546875 0.471875 0.06875 0.0375
2 0.6375 0.49166666666666664 0.0125 0.058333333333333334
2 0.03203125 0.5197916666666667 0.0390625 0.15208333333333332
0 0.59296875 0.54375 0.0796875 0.11145833333333334
0 0.66953125 0.4864583333333333 0.0171875 0.042708333333333334
0 0.69453125 0.49375 0.0484375 0.05416666666666667
0 0.5015625 0.5520833333333334 0.159375 0.1625
2 0.775 0.48854166666666665 0.0125 0.058333333333333334
2 0.8 0.49375 0.01875 0.0625
2 0.815625 0.4947916666666667 0.01875 0.06041666666666667
2 0.87734375 0.4864583333333333 0.0171875 0.042708333333333334
2 0.890625 0.48541666666666666 0.015625 0.040625
2 0.93515625 0.53125 0.0265625 0.08229166666666667
0 0.9390625 0.5208333333333334 0.11875 0.08020833333333334
2 0.46328125 0.459375 0.0140625 0.03958333333333333
2 0.2640625 0.4583333333333333 0.01875 0.029166666666666667
0 0.615625 0.46875 0.040625 0.035416666666666666
0 0.6359375 0.48541666666666666 0.04375 0.04895833333333333
0 0.5609375 0.43645833333333334 0.015625 0.017708333333333333
0 0.5875 0.43854166666666666 0.01875 0.017708333333333333
2 0.28046875 0.459375 0.0140625 0.027083333333333334
2 0.296875 0.46458333333333335 0.015625 0.035416666666666666
2 0.1859375 0.4510416666666667 0.0125 0.03958333333333333
2 0.2 0.45208333333333334 0.0125 0.0375