2 0.2828125 0.5114583333333333 0.025 0.08229166666666667
0 0.41484375 0.49166666666666664 0.0359375 0.03333333333333333
0 0.94140625 0.584375 0.1171875 0.19166666666666668
0 0.8453125 0.5395833333333333 0.203125 0.17916666666666667
0 0.36015625 0.503125 0.0484375 0.053125
0 0.61171875 0.5145833333333333 0.0609375 0.06041666666666667
0 0.57265625 0.5072916666666667 0.0546875 0.04479166666666667
0 0.67109375 0.5229166666666667 0.1109375 0.07604166666666666
0 0.50859375 0.4875 0.0359375 0.040625
2 0.44921875 0.48854166666666665 0.0203125 0.042708333333333334
0 0.54453125 0.49895833333333334 0.0265625 0.04479166666666667
0 0.5234375 0.49583333333333335 0.025 0.035416666666666666
0 0.025 0.85625 0.046875 0.2791666666666667