2 0.26875 0.5239583333333333 0.078125 0.165625
2 0.31796875 0.5104166666666666 0.0609375 0.196875
2 0.48671875 0.5010416666666667 0.0359375 0.178125
2 0.51328125 0.5020833333333333 0.0453125 0.171875
2 0.58203125 0.475 0.0546875 0.14791666666666667
2 0.6109375 0.434375 0.025 0.1
2 0.63671875 0.4583333333333333 0.0484375 0.15833333333333333
2 0.66875 0.4510416666666667 0.028125 0.13333333333333333
2 0.71640625 0.47291666666666665 0.0421875 0.12916666666666668
2 0.76953125 0.44895833333333335 0.0421875 0.125
0 0.81640625 0.4354166666666667 0.0703125 0.07083333333333333
0 0.3734375 0.46770833333333334 0.109375 0.084375
0 0.5390625 0.44583333333333336 0.053125 0.06458333333333334
0 0.09453125 0.45 0.1296875 0.03333333333333333
0 0.1578125 0.42916666666666664 0.09375 0.0375
2 0.68984375 0.46875 0.0203125 0.140625
2 0.7453125 0.446875 0.025 0.13645833333333332