0 0.03046875 0.4479166666666667 0.0578125 0.053125
0 0.096875 0.4427083333333333 0.05 0.05625
0 0.1828125 0.490625 0.159375 0.15625
2 0.7546875 0.46875 0.04375 0.15625
2 0.71875 0.475 0.034375 0.15625
2 0.6671875 0.46041666666666664 0.034375 0.103125
2 0.6359375 0.4552083333333333 0.03125 0.109375
2 0.61484375 0.4552083333333333 0.0296875 0.10520833333333333
2 0.534375 0.4510416666666667 0.03125 0.10208333333333333
2 0.81796875 0.4791666666666667 0.0421875 0.15833333333333333
2 0.8546875 0.4708333333333333 0.03125 0.140625
0 0.92109375 0.4552083333333333 0.1015625 0.10520833333333333