2 0.928125 0.534375 0.053125 0.1625
2 0.76484375 0.46979166666666666 0.0296875 0.071875
2 0.734375 0.4739583333333333 0.025 0.071875
2 0.58046875 0.47291666666666665 0.0265625 0.07395833333333333
2 0.6 0.4625 0.021875 0.051041666666666666
2 0.65625 0.48541666666666666 0.0375 0.0875
2 0.13515625 0.5114583333333333 0.0359375 0.11666666666666667
2 0.11328125 0.51875 0.0234375 0.10729166666666666
2 0.096875 0.5083333333333333 0.021875 0.11875
2 0.06015625 0.515625 0.0359375 0.125
0 0.4515625 0.48020833333333335 0.04375 0.046875
2 0.69140625 0.47604166666666664 0.0265625 0.084375
0 0.2640625 0.4635416666666667 0.078125 0.0375
0 0.30234375 0.459375 0.0671875 0.03958333333333333
0 0.55546875 0.47708333333333336 0.0453125 0.05416666666666667
2 0.634375 0.4791666666666667 0.025 0.0875
0 0.40234375 0.46979166666666666 0.0546875 0.029166666666666667