2 0.70390625 0.4708333333333333 0.0328125 0.07395833333333333
0 0.565625 0.46145833333333336 0.040625 0.053125
0 0.53515625 0.46145833333333336 0.0296875 0.03333333333333333
2 0.49296875 0.459375 0.0203125 0.051041666666666666
2 0.32578125 0.453125 0.0203125 0.08229166666666667
2 0.18828125 0.4583333333333333 0.0296875 0.084375
2 0.221875 0.4552083333333333 0.03125 0.08229166666666667
2 0.24375 0.45208333333333334 0.028125 0.07604166666666666
2 0.8890625 0.4552083333333333 0.021875 0.046875
2 0.78984375 0.45416666666666666 0.0203125 0.040625
2 0.840625 0.44479166666666664 0.021875 0.0375