0 0.8140625 0.43333333333333335 0.075 0.06666666666666667
2 0.759375 0.4239583333333333 0.021875 0.06666666666666667
2 0.71484375 0.465625 0.0515625 0.15
2 0.6765625 0.48854166666666665 0.046875 0.15625
2 0.6234375 0.48854166666666665 0.05625 0.16770833333333332
2 0.5875 0.48541666666666666 0.04375 0.15
2 0.5296875 0.5052083333333334 0.05 0.178125
2 0.49375 0.48125 0.0375 0.13854166666666667
2 0.453125 0.5010416666666667 0.046875 0.196875
2 0.40703125 0.509375 0.0578125 0.171875
2 0.215625 0.51875 0.10625 0.2125
0 0.38046875 0.465625 0.0546875 0.08020833333333334
2 0.1796875 0.5104166666666666 0.059375 0.196875
2 0.73984375 0.4166666666666667 0.0234375 0.071875
0 0.14296875 0.43020833333333336 0.0765625 0.029166666666666667
0 0.09140625 0.44166666666666665 0.0859375 0.022916666666666665
0 0.3109375 0.446875 0.075 0.042708333333333334