2 0.421875 0.490625 0.0375 0.14479166666666668
2 0.37578125 0.5 0.0421875 0.13645833333333332
0 0.2671875 0.5145833333333333 0.15625 0.16979166666666667
0 0.13671875 0.5708333333333333 0.2609375 0.20104166666666667
0 0.59921875 0.4739583333333333 0.0546875 0.06875
0 0.640625 0.4875 0.075 0.06458333333333334
0 0.7609375 0.5010416666666667 0.146875 0.134375
0 0.91328125 0.5520833333333334 0.1703125 0.2125
0 0.5640625 0.4708333333333333 0.0375 0.042708333333333334
0 0.55078125 0.459375 0.0359375 0.042708333333333334
0 0.50625 0.45729166666666665 0.025 0.022916666666666665
0 0.33671875 0.49375 0.0421875 0.078125