0 0.90703125 0.6822916666666666 0.1828125 0.384375
0 0.690625 0.48333333333333334 0.08125 0.07604166666666666
0 0.78515625 0.49166666666666664 0.0671875 0.06666666666666667
2 0.7375 0.496875 0.0375 0.12708333333333333
0 0.62265625 0.4739583333333333 0.0296875 0.05625
0 0.5640625 0.4864583333333333 0.06875 0.06666666666666667
0 0.51171875 0.46041666666666664 0.0296875 0.035416666666666666
0 0.44765625 0.47291666666666665 0.0765625 0.0625
2 0.38203125 0.459375 0.0234375 0.05416666666666667
0 0.359375 0.4625 0.04375 0.058333333333333334
0 0.34765625 0.47604166666666664 0.0296875 0.053125
0 0.290625 0.478125 0.075 0.07395833333333333