0 0.8109375 0.628125 0.253125 0.21666666666666667
0 0.69453125 0.5635416666666667 0.1296875 0.13854166666666667
0 0.61796875 0.5104166666666666 0.0796875 0.084375
0 0.590625 0.49166666666666664 0.053125 0.07395833333333333
0 0.43203125 0.45416666666666666 0.0234375 0.029166666666666667
0 0.3109375 0.4947916666666667 0.06875 0.06041666666666667
0 0.3453125 0.47604166666666664 0.04375 0.053125
0 0.0484375 0.628125 0.096875 0.18125
0 0.53984375 0.4552083333333333 0.0296875 0.042708333333333334
0 0.55859375 0.4708333333333333 0.0296875 0.042708333333333334
0 0.4890625 0.4354166666666667 0.021875 0.022916666666666665
2 0.415625 0.459375 0.01875 0.058333333333333334
2 0.4 0.45 0.01875 0.040625