0 0.08984375 0.5333333333333333 0.0796875 0.058333333333333334
0 0.159375 0.534375 0.059375 0.053125
2 0.01953125 0.5260416666666666 0.0234375 0.053125
2 0.04609375 0.5239583333333333 0.0234375 0.06041666666666667
2 0.73359375 0.5395833333333333 0.0265625 0.12083333333333333
2 0.70390625 0.5645833333333333 0.0265625 0.078125
2 0.590625 0.5666666666666667 0.025 0.07395833333333333
2 0.5640625 0.55 0.028125 0.103125
2 0.82265625 0.55 0.0265625 0.084375
2 0.8796875 0.5833333333333334 0.03125 0.06458333333333334
2 0.83203125 0.575 0.0265625 0.053125