2 0.85078125 0.659375 0.0921875 0.3729166666666667
2 0.21171875 0.6083333333333333 0.1109375 0.240625
0 0.93359375 0.6458333333333334 0.1265625 0.35
0 0.796875 0.6645833333333333 0.040625 0.12916666666666668
0 0.6984375 0.5166666666666667 0.11875 0.134375
0 0.48671875 0.45729166666666665 0.0484375 0.042708333333333334
0 0.40625 0.4791666666666667 0.059375 0.06875
0 0.36328125 0.49583333333333335 0.0609375 0.08229166666666667
0 0.31484375 0.5114583333333333 0.1046875 0.09375
0 0.2390625 0.5354166666666667 0.065625 0.109375
0 0.08828125 0.6270833333333333 0.1734375 0.23020833333333332
0 0.428125 0.4666666666666667 0.03125 0.0625
0 0.44375 0.46041666666666664 0.025 0.051041666666666666
0 0.5953125 0.44583333333333336 0.028125 0.03333333333333333
0 0.64140625 0.49166666666666664 0.0453125 0.06666666666666667
0 0.62109375 0.484375 0.0359375 0.051041666666666666
2 0.54375 0.4552083333333333 0.01875 0.03958333333333333
0 0.94375 0.459375 0.078125 0.046875
0 0.1203125 0.4947916666666667 0.134375 0.03333333333333333