0 0.3859375 0.5416666666666666 0.178125 0.13125
0 0.2234375 0.590625 0.29375 0.18125
0 0.09140625 0.6833333333333333 0.1734375 0.265625
2 0.55625 0.478125 0.040625 0.078125
2 0.7328125 0.4510416666666667 0.01875 0.05416666666666667
2 0.90859375 0.4583333333333333 0.0203125 0.053125
0 0.465625 0.4635416666666667 0.05625 0.06458333333333334
0 0.4046875 0.4666666666666667 0.05 0.0625
0 0.3109375 0.47291666666666665 0.0875 0.06666666666666667
0 0.0765625 0.44895833333333335 0.03125 0.03958333333333333
0 0.93984375 0.45625 0.0515625 0.040625
0 0.98359375 0.4552083333333333 0.0328125 0.046875
2 0.8203125 0.44895833333333335 0.021875 0.042708333333333334
2 0.80546875 0.46041666666666664 0.0328125 0.051041666666666666