2 0.371875 0.46979166666666666 0.025 0.103125
2 0.34921875 0.4635416666666667 0.0265625 0.12291666666666666
2 0.09375 0.48854166666666665 0.075 0.24583333333333332
2 0.83203125 0.4864583333333333 0.0171875 0.05416666666666667
0 0.1921875 0.46458333333333335 0.059375 0.08541666666666667
0 0.03671875 0.4895833333333333 0.0703125 0.12708333333333333
2 0.38828125 0.46041666666666664 0.0203125 0.05625
2 0.61875 0.4625 0.0125 0.035416666666666666
2 0.3234375 0.42916666666666664 0.01875 0.025
0 0.2734375 0.459375 0.0375 0.058333333333333334
2 0.871875 0.490625 0.021875 0.03125