0 0.575 0.471875 0.065625 0.06458333333333334
2 0.53828125 0.45729166666666665 0.0234375 0.0625
0 0.41953125 0.471875 0.0796875 0.071875
2 0.7453125 0.46458333333333335 0.034375 0.09375
2 0.85078125 0.47604166666666664 0.0578125 0.12291666666666666
2 0.04296875 0.43333333333333335 0.0265625 0.03125
2 0.06328125 0.42916666666666664 0.0234375 0.03125
2 0.08125 0.4322916666666667 0.025 0.029166666666666667
0 0.5125 0.4479166666666667 0.01875 0.025
2 0.984375 0.44583333333333336 0.021875 0.042708333333333334
2 0.88359375 0.4708333333333333 0.0359375 0.11354166666666667