0 0.90703125 0.49583333333333335 0.1453125 0.11354166666666667
0 0.79140625 0.48854166666666665 0.0765625 0.07083333333333333
0 0.7390625 0.48541666666666666 0.034375 0.06458333333333334
0 0.6828125 0.478125 0.0375 0.035416666666666666
0 0.59609375 0.47291666666666665 0.0296875 0.03125
0 0.646875 0.475 0.03125 0.035416666666666666
2 0.10390625 0.5052083333333334 0.0578125 0.178125
2 0.1765625 0.5041666666666667 0.046875 0.19166666666666668
2 0.20078125 0.465625 0.0296875 0.1
2 0.27421875 0.45208333333333334 0.0265625 0.07604166666666666
2 0.37578125 0.45625 0.0296875 0.06458333333333334
2 0.44375 0.465625 0.025 0.05625
2 0.01328125 0.49583333333333335 0.0203125 0.17604166666666668