0 0.89375 0.5739583333333333 0.2 0.15208333333333332
0 0.7859375 0.5260416666666666 0.115625 0.12291666666666666
0 0.71953125 0.5145833333333333 0.0484375 0.084375
0 0.684375 0.4979166666666667 0.053125 0.07083333333333333
0 0.6640625 0.48541666666666666 0.053125 0.06458333333333334
0 0.59609375 0.490625 0.0703125 0.06666666666666667
0 0.56875 0.4625 0.05 0.058333333333333334
0 0.06640625 0.815625 0.1265625 0.365625
0 0.1515625 0.6541666666666667 0.296875 0.24583333333333332
0 0.2703125 0.578125 0.1625 0.16458333333333333
0 0.3390625 0.5479166666666667 0.103125 0.12291666666666666
0 0.37265625 0.5041666666666667 0.0953125 0.12083333333333333
0 0.5421875 0.459375 0.028125 0.046875
0 0.50234375 0.4479166666666667 0.0296875 0.0375
0 0.43125 0.484375 0.04375 0.058333333333333334
0 0.45703125 0.4510416666666667 0.0421875 0.042708333333333334
2 0.490625 0.46458333333333335 0.01875 0.051041666666666666
0 0.32734375 0.440625 0.0703125 0.029166666666666667
2 0.0296875 0.42916666666666664 0.0125 0.0375
2 0.04296875 0.43020833333333336 0.0140625 0.040625