0 0.96484375 0.63125 0.0703125 0.17916666666666667
0 0.89296875 0.5802083333333333 0.1578125 0.15208333333333332
0 0.796875 0.5333333333333333 0.11875 0.11666666666666667
0 0.72734375 0.509375 0.0828125 0.08541666666666667
0 0.68359375 0.4822916666666667 0.0796875 0.07395833333333333
0 0.63671875 0.465625 0.0421875 0.03333333333333333
0 0.615625 0.45416666666666666 0.05 0.04479166666666667
0 0.4296875 0.47291666666666665 0.065625 0.07083333333333333
0 0.3921875 0.49166666666666664 0.0875 0.07083333333333333
0 0.3625 0.51875 0.115625 0.12291666666666666
0 0.26796875 0.46458333333333335 0.0546875 0.07083333333333333
0 0.571875 0.44479166666666664 0.028125 0.025
0 0.52734375 0.434375 0.0203125 0.025
2 0.54609375 0.44375 0.0171875 0.035416666666666666
2 0.509375 0.4375 0.015625 0.027083333333333334
0 0.0484375 0.46458333333333335 0.090625 0.109375
0 0.46171875 0.4635416666666667 0.0296875 0.04479166666666667
0 0.478125 0.4479166666666667 0.025 0.03333333333333333
0 0.5921875 0.45416666666666666 0.028125 0.0375