2 0.08828125 0.4197916666666667 0.0234375 0.078125
2 0.1234375 0.41875 0.028125 0.084375
0 0.171875 0.41875 0.096875 0.09583333333333334
0 0.2453125 0.440625 0.09375 0.09583333333333334
0 0.47890625 0.421875 0.0703125 0.058333333333333334
0 0.659375 0.44375 0.08125 0.08541666666666667
2 0.91640625 0.41354166666666664 0.0359375 0.1
2 0.9703125 0.4114583333333333 0.046875 0.12708333333333333
0 0.23984375 0.3875 0.0359375 0.03333333333333333
0 0.778125 0.396875 0.065625 0.05416666666666667
2 0.7265625 0.3802083333333333 0.021875 0.040625
2 0.6984375 0.3802083333333333 0.021875 0.040625
0 0.853125 0.4010416666666667 0.059375 0.06041666666666667
0 0.28359375 0.396875 0.0296875 0.046875
0 0.4546875 0.40520833333333334 0.053125 0.053125
0 0.428125 0.4 0.028125 0.03958333333333333
0 0.3671875 0.3885416666666667 0.01875 0.022916666666666665
0 0.303125 0.39791666666666664 0.021875 0.03333333333333333
0 0.74921875 0.421875 0.0953125 0.051041666666666666