2 0.959375 0.484375 0.04375 0.140625
2 0.89453125 0.4947916666666667 0.0359375 0.134375
2 0.8125 0.48020833333333335 0.03125 0.10520833333333333
2 0.703125 0.47708333333333336 0.025 0.0625
2 0.6859375 0.46979166666666666 0.0125 0.04895833333333333
2 0.675 0.465625 0.009375 0.05625
2 0.659375 0.47708333333333336 0.0125 0.040625
2 0.64453125 0.47604166666666664 0.0140625 0.06041666666666667
2 0.615625 0.475 0.01875 0.0625
2 0.54765625 0.4791666666666667 0.0171875 0.04479166666666667
0 0.4046875 0.48541666666666666 0.071875 0.084375
0 0.3625 0.47708333333333336 0.021875 0.03125
0 0.34140625 0.478125 0.0234375 0.03125
0 0.3046875 0.4864583333333333 0.053125 0.05416666666666667
2 0.13125 0.49270833333333336 0.0125 0.05625
2 0.12421875 0.4947916666666667 0.0171875 0.053125