2 0.18359375 0.4635416666666667 0.0296875 0.1
2 0.2078125 0.475 0.01875 0.07395833333333333
2 0.23125 0.475 0.021875 0.042708333333333334
0 0.47265625 0.49166666666666664 0.1421875 0.1625
0 0.55 0.5395833333333333 0.2 0.2125
0 0.0328125 0.7229166666666667 0.0625 0.25416666666666665
0 0.6484375 0.4864583333333333 0.034375 0.035416666666666666
0 0.70859375 0.4864583333333333 0.0234375 0.035416666666666666
0 0.73046875 0.484375 0.0234375 0.03125
0 0.7515625 0.49270833333333336 0.05 0.040625
0 0.88515625 0.49270833333333336 0.1484375 0.084375
0 0.97109375 0.5395833333333333 0.0578125 0.134375
2 0.6796875 0.49895833333333334 0.059375 0.196875