2 0.9 0.4510416666666667 0.01875 0.05416666666666667
0 0.940625 0.5072916666666667 0.115625 0.18125
0 0.83984375 0.47708333333333336 0.0890625 0.084375
0 0.725 0.47708333333333336 0.109375 0.08958333333333333
2 0.6234375 0.475 0.01875 0.07395833333333333
2 0.590625 0.46770833333333334 0.0125 0.06875
2 0.578125 0.471875 0.015625 0.084375
2 0.5484375 0.46041666666666664 0.021875 0.03958333333333333
2 0.51796875 0.44895833333333335 0.0203125 0.051041666666666666
2 0.50078125 0.46458333333333335 0.0234375 0.09375
0 0.43359375 0.47604166666666664 0.0828125 0.0875
0 0.23515625 0.4822916666666667 0.0921875 0.08229166666666667
0 0.12109375 0.4791666666666667 0.0984375 0.0875
0 0.04921875 0.478125 0.0453125 0.08958333333333333
0 0.0140625 0.4583333333333333 0.025 0.053125