0 0.721875 0.46875 0.11875 0.07395833333333333
0 0.5984375 0.5104166666666666 0.1 0.0875
0 0.63125 0.5260416666666666 0.115625 0.103125
0 0.69921875 0.584375 0.2046875 0.17604166666666668
0 0.3546875 0.4666666666666667 0.040625 0.042708333333333334
0 0.33125 0.46041666666666664 0.025 0.035416666666666666
0 0.134375 0.64375 0.26875 0.2677083333333333
0 0.96171875 0.8927083333333333 0.0734375 0.21041666666666667
0 0.20703125 0.48020833333333335 0.0609375 0.0625
0 0.3046875 0.46041666666666664 0.03125 0.04479166666666667
2 0.27421875 0.4625 0.0203125 0.051041666666666666
2 0.2609375 0.46145833333333336 0.01875 0.04479166666666667
2 0.38671875 0.4708333333333333 0.0265625 0.051041666666666666