2 0.7546875 0.5385416666666667 0.059375 0.146875
0 0.8609375 0.49895833333333334 0.0875 0.10729166666666666
0 0.77890625 0.4979166666666667 0.0484375 0.109375
0 0.5078125 0.46458333333333335 0.053125 0.05416666666666667
0 0.2796875 0.49166666666666664 0.04375 0.06666666666666667
0 0.23515625 0.5020833333333333 0.0859375 0.078125
0 0.2984375 0.4822916666666667 0.028125 0.051041666666666666
0 0.31640625 0.47708333333333336 0.0203125 0.042708333333333334
0 0.3296875 0.46979166666666666 0.021875 0.040625
0 0.3453125 0.4635416666666667 0.021875 0.0375
0 0.37890625 0.45 0.0265625 0.029166666666666667