0 0.0375 0.6260416666666667 0.06875 0.23229166666666667
0 0.075 0.5802083333333333 0.146875 0.24166666666666667
2 0.196875 0.571875 0.096875 0.23854166666666668
1 0.2890625 0.64375 0.096875 0.0875
0 0.2515625 0.58125 0.03125 0.0375
0 0.26640625 0.55625 0.0234375 0.03125
0 0.30078125 0.5645833333333333 0.0203125 0.022916666666666665
0 0.33125 0.5510416666666667 0.021875 0.027083333333333334
0 0.36796875 0.56875 0.0203125 0.027083333333333334
0 0.38515625 0.578125 0.0234375 0.027083333333333334
0 0.40703125 0.5760416666666667 0.0234375 0.035416666666666666
0 0.42109375 0.58125 0.0203125 0.029166666666666667
0 0.5203125 0.5822916666666667 0.178125 0.17604166666666668
0 0.6171875 0.575 0.040625 0.06875
0 0.80859375 0.578125 0.1421875 0.10520833333333333
0 0.9265625 0.584375 0.115625 0.13333333333333333
0 0.98515625 0.5916666666666667 0.0296875 0.16041666666666668