2 0.3640625 0.490625 0.021875 0.09375
2 0.3421875 0.490625 0.021875 0.08541666666666667
0 0.29765625 0.47708333333333336 0.0328125 0.03125
0 0.24140625 0.4666666666666667 0.0265625 0.035416666666666666
0 0.1359375 0.47604166666666664 0.025 0.05625
0 0.11640625 0.46145833333333336 0.0296875 0.025
0 0.0640625 0.4947916666666667 0.128125 0.09166666666666666
2 0.3828125 0.48020833333333335 0.009375 0.03125
2 0.3984375 0.48333333333333334 0.009375 0.029166666666666667
2 0.16796875 0.4822916666666667 0.0234375 0.05416666666666667
0 0.2 0.48125 0.0625 0.05625