0 0.91640625 0.6645833333333333 0.1671875 0.27291666666666664
2 0.13359375 0.5354166666666667 0.0453125 0.13645833333333332
2 0.384375 0.5041666666666667 0.03125 0.08958333333333333
0 0.26015625 0.4708333333333333 0.0859375 0.05416666666666667
0 0.3640625 0.4895833333333333 0.034375 0.053125
0 0.43828125 0.46875 0.0484375 0.03958333333333333
0 0.565625 0.4552083333333333 0.040625 0.03125
2 0.74921875 0.4791666666666667 0.0234375 0.071875
2 0.70390625 0.48854166666666665 0.0296875 0.0625
2 0.8421875 0.48020833333333335 0.025 0.042708333333333334
2 0.4734375 0.45208333333333334 0.01875 0.0375