0 0.08515625 0.5541666666666667 0.1703125 0.165625
0 0.20234375 0.5239583333333333 0.1234375 0.12708333333333333
0 0.30390625 0.49375 0.0890625 0.08229166666666667
0 0.55234375 0.46145833333333336 0.0359375 0.03333333333333333
0 0.6578125 0.5114583333333333 0.10625 0.10208333333333333
0 0.778125 0.48541666666666666 0.05625 0.071875
0 0.81953125 0.49895833333333334 0.0921875 0.09166666666666666
0 0.35625 0.48541666666666666 0.04375 0.06458333333333334
0 0.38125 0.478125 0.028125 0.058333333333333334
0 0.3953125 0.4708333333333333 0.053125 0.0625
0 0.44921875 0.46041666666666664 0.0296875 0.035416666666666666
0 0.47109375 0.46145833333333336 0.0234375 0.029166666666666667