0 0.51796875 0.5208333333333334 0.0703125 0.04479166666666667
0 0.4625 0.5333333333333333 0.01875 0.03125
0 0.3703125 0.5260416666666666 0.04375 0.040625
0 0.39453125 0.5135416666666667 0.0421875 0.046875
2 0.946875 0.5354166666666667 0.028125 0.10208333333333333
2 0.97421875 0.540625 0.0296875 0.08958333333333333
2 0.9046875 0.5552083333333333 0.046875 0.16979166666666667
2 0.84609375 0.5229166666666667 0.0359375 0.09375
2 0.8140625 0.565625 0.059375 0.13125
2 0.76015625 0.5364583333333334 0.0359375 0.09583333333333334
2 0.73359375 0.5291666666666667 0.0296875 0.09791666666666667
2 0.69375 0.5364583333333334 0.034375 0.09583333333333334
2 0.621875 0.5375 0.028125 0.08541666666666667
2 0.66015625 0.525 0.0328125 0.08958333333333333