0 0.90234375 0.4666666666666667 0.1109375 0.051041666666666666
0 0.203125 0.6104166666666667 0.278125 0.25625
0 0.103125 0.7541666666666667 0.203125 0.484375
0 0.51953125 0.465625 0.0484375 0.040625
2 0.4453125 0.49375 0.040625 0.125
2 0.378125 0.5177083333333333 0.06875 0.1875
2 0.80234375 0.4979166666666667 0.0359375 0.13333333333333333
2 0.83515625 0.4947916666666667 0.0328125 0.12708333333333333
0 0.67109375 0.45729166666666665 0.0828125 0.058333333333333334
0 0.74453125 0.434375 0.0765625 0.04479166666666667
0 0.4953125 0.46458333333333335 0.01875 0.03125
0 0.48125 0.4666666666666667 0.025 0.027083333333333334