2 0.06015625 0.490625 0.1171875 0.38645833333333335
2 0.2796875 0.48541666666666666 0.103125 0.353125
2 0.3328125 0.465625 0.046875 0.16979166666666667
2 0.38046875 0.465625 0.0453125 0.16979166666666667
0 0.6484375 0.453125 0.053125 0.05416666666666667
0 0.67109375 0.471875 0.0703125 0.06875
0 0.5765625 0.4635416666666667 0.0375 0.0375
2 0.4078125 0.4708333333333333 0.025 0.07083333333333333
2 0.4109375 0.440625 0.025 0.04479166666666667
2 0.434375 0.4625 0.021875 0.05416666666666667
2 0.45 0.4583333333333333 0.021875 0.05625
2 0.5109375 0.459375 0.025 0.06666666666666667
2 0.48984375 0.459375 0.0203125 0.0625
2 0.46875 0.459375 0.021875 0.06666666666666667