2 0.95703125 0.5125 0.0703125 0.225
2 0.9140625 0.5375 0.059375 0.26979166666666665
0 0.875 0.4666666666666667 0.025 0.09791666666666667
2 0.840625 0.5104166666666666 0.08125 0.2635416666666667
2 0.70703125 0.46145833333333336 0.0296875 0.115625
2 0.6 0.4791666666666667 0.03125 0.115625
2 0.5625 0.49583333333333335 0.021875 0.08229166666666667
2 0.54765625 0.47604166666666664 0.0203125 0.09166666666666666
0 0.44765625 0.46979166666666666 0.0296875 0.029166666666666667
0 0.43671875 0.4625 0.0109375 0.019791666666666666
0 0.421875 0.4552083333333333 0.009375 0.015625
0 0.39609375 0.4625 0.0109375 0.019791666666666666
0 0.37109375 0.4666666666666667 0.0109375 0.015625
0 0.36015625 0.46875 0.0109375 0.019791666666666666
0 0.34921875 0.46979166666666666 0.0140625 0.021875
0 0.33203125 0.4739583333333333 0.0234375 0.025
0 0.3109375 0.47708333333333336 0.01875 0.03125
0 0.2890625 0.471875 0.028125 0.04895833333333333
0 0.240625 0.49166666666666664 0.090625 0.08229166666666667