0 0.175 0.434375 0.06875 0.071875
0 0.234375 0.4114583333333333 0.040625 0.040625
0 0.28828125 0.42916666666666664 0.0515625 0.053125
0 0.4453125 0.44583333333333336 0.059375 0.0625
0 0.59609375 0.46145833333333336 0.0671875 0.07604166666666666
0 0.2203125 0.4864583333333333 0.1125 0.11354166666666667
2 0.86875 0.44479166666666664 0.04375 0.1
2 0.834375 0.4354166666666667 0.03125 0.08958333333333333
2 0.7984375 0.43854166666666666 0.040625 0.0875
2 0.1125 0.44166666666666665 0.021875 0.08541666666666667
2 0.075 0.4375 0.021875 0.07395833333333333
0 0.41640625 0.4239583333333333 0.0328125 0.051041666666666666
0 0.3953125 0.4239583333333333 0.025 0.03125
0 0.70546875 0.421875 0.0453125 0.042708333333333334
2 0.665625 0.40729166666666666 0.021875 0.040625
0 0.66953125 0.4427083333333333 0.0828125 0.040625