2 0.05390625 0.6479166666666667 0.0953125 0.446875
2 0.03828125 0.6979166666666666 0.0703125 0.4354166666666667
2 0.60703125 0.46041666666666664 0.0203125 0.05416666666666667
0 0.184375 0.54375 0.23125 0.209375
0 0.28125 0.5208333333333334 0.08125 0.12291666666666666
0 0.3296875 0.5145833333333333 0.05625 0.09166666666666666
0 0.390625 0.4822916666666667 0.05 0.051041666666666666
0 0.4578125 0.46041666666666664 0.03125 0.03333333333333333
0 0.721875 0.4583333333333333 0.1 0.05625
0 0.93671875 0.4625 0.1265625 0.08229166666666667
0 0.884375 0.453125 0.09375 0.078125
0 0.815625 0.4625 0.053125 0.058333333333333334
0 0.80390625 0.446875 0.0609375 0.058333333333333334
0 0.40859375 0.4708333333333333 0.0421875 0.051041666666666666
0 0.359375 0.503125 0.05 0.06875
0 0.515625 0.45416666666666666 0.021875 0.025