1 0.88359375 0.5229166666666667 0.0265625 0.035416666666666666
2 0.85625 0.48125 0.040625 0.115625
0 0.81328125 0.45416666666666666 0.0703125 0.06041666666666667
0 0.97109375 0.4625 0.0546875 0.11666666666666667
0 0.71484375 0.4635416666666667 0.1109375 0.06041666666666667
0 0.440625 0.471875 0.05 0.04479166666666667
0 0.37421875 0.484375 0.0515625 0.058333333333333334
0 0.325 0.5 0.075 0.10520833333333333
0 0.2625 0.5229166666666667 0.121875 0.13125
0 0.2390625 0.5541666666666667 0.128125 0.15416666666666667
0 0.125 0.5947916666666667 0.24375 0.209375
0 0.946875 0.446875 0.078125 0.109375
0 0.90078125 0.459375 0.0421875 0.08958333333333333
0 0.55625 0.4552083333333333 0.021875 0.03125
0 0.5171875 0.4583333333333333 0.028125 0.025
0 0.365625 0.49270833333333336 0.025 0.06458333333333334