2 0.765625 0.5083333333333333 0.065625 0.26145833333333335
2 0.92734375 0.5322916666666667 0.0859375 0.353125
2 0.8484375 0.5447916666666667 0.10625 0.37916666666666665
0 0.98046875 0.4875 0.0359375 0.12291666666666666
2 0.6359375 0.46041666666666664 0.025 0.078125
2 0.65546875 0.4625 0.0234375 0.08229166666666667
2 0.17890625 0.4895833333333333 0.0203125 0.053125
2 0.384375 0.46770833333333334 0.01875 0.04895833333333333
2 0.12890625 0.4895833333333333 0.0203125 0.03333333333333333
2 0.11171875 0.4947916666666667 0.0296875 0.053125
0 0.40390625 0.4625 0.0328125 0.027083333333333334
2 0.603125 0.4552083333333333 0.021875 0.046875
2 0.553125 0.4583333333333333 0.01875 0.04479166666666667