2 0.50390625 0.45416666666666666 0.0203125 0.06041666666666667
2 0.52421875 0.5010416666666667 0.0640625 0.165625
2 0.38984375 0.4739583333333333 0.0265625 0.05625
2 0.3734375 0.4739583333333333 0.01875 0.053125
0 0.56875 0.48854166666666665 0.0625 0.078125
0 0.7484375 0.5583333333333333 0.29375 0.30416666666666664
0 0.3234375 0.4791666666666667 0.05 0.07604166666666666
0 0.296875 0.49166666666666664 0.0625 0.07604166666666666
0 0.215625 0.45416666666666666 0.096875 0.06458333333333334
0 0.05703125 0.465625 0.1109375 0.11875
0 0.1359375 0.55 0.265625 0.209375
0 0.46953125 0.4625 0.0359375 0.03125
0 0.61328125 0.51875 0.0828125 0.165625