0 0.93203125 0.5666666666666667 0.1328125 0.27708333333333335
0 0.80859375 0.5364583333333334 0.1171875 0.196875
0 0.784375 0.5020833333333333 0.15625 0.19166666666666668
2 0.675 0.5135416666666667 0.075 0.27291666666666664
0 0.62578125 0.49583333333333335 0.0640625 0.171875
1 0.584375 0.5479166666666667 0.021875 0.053125
2 0.55546875 0.49375 0.0265625 0.140625
2 0.53046875 0.4979166666666667 0.0265625 0.13333333333333333
0 0.5046875 0.484375 0.03125 0.09791666666666667
0 0.378125 0.496875 0.221875 0.290625
0 0.22421875 0.49166666666666664 0.0859375 0.0875
0 0.14453125 0.4979166666666667 0.1578125 0.12083333333333333
0 0.09296875 0.5125 0.1203125 0.13854166666666667
0 0.21015625 0.45208333333333334 0.1484375 0.08020833333333334
0 0.2015625 0.49895833333333334 0.071875 0.09166666666666666
0 0.0625 0.525 0.121875 0.16770833333333332