0 0.6609375 0.475 0.071875 0.06666666666666667
0 0.61640625 0.471875 0.0359375 0.0375
2 0.21796875 0.47708333333333336 0.0359375 0.12708333333333333
2 0.2546875 0.484375 0.034375 0.109375
2 0.32421875 0.46458333333333335 0.0328125 0.09375
2 0.3609375 0.47708333333333336 0.03125 0.10208333333333333
2 0.3984375 0.4708333333333333 0.034375 0.11354166666666667
2 0.43984375 0.47291666666666665 0.0296875 0.09791666666666667
2 0.46796875 0.46458333333333335 0.0328125 0.08229166666666667
0 0.56328125 0.48020833333333335 0.0421875 0.042708333333333334
2 0.41328125 0.4666666666666667 0.0234375 0.08541666666666667