0 0.115625 0.51875 0.20625 0.115625
2 0.32734375 0.465625 0.0203125 0.071875
0 0.3890625 0.5 0.134375 0.14479166666666668
0 0.7765625 0.4479166666666667 0.071875 0.04479166666666667
0 0.765625 0.5041666666666667 0.109375 0.09791666666666667
0 0.7046875 0.484375 0.0625 0.0625
0 0.68984375 0.475 0.0421875 0.058333333333333334
0 0.640625 0.4510416666666667 0.040625 0.042708333333333334
0 0.49609375 0.44583333333333336 0.0421875 0.0375
0 0.19296875 0.46875 0.1296875 0.10520833333333333
0 0.61328125 0.44583333333333336 0.0265625 0.022916666666666665
0 0.61015625 0.4322916666666667 0.0328125 0.029166666666666667
0 0.659375 0.459375 0.034375 0.03958333333333333