2 0.10703125 0.5291666666666667 0.0765625 0.25
0 0.05 0.534375 0.1 0.196875
0 0.19140625 0.47604166666666664 0.0859375 0.084375
0 0.28203125 0.49895833333333334 0.1234375 0.09166666666666666
0 0.36953125 0.478125 0.0578125 0.07083333333333333
0 0.4140625 0.47708333333333336 0.04375 0.05416666666666667
0 0.73828125 0.5322916666666667 0.1734375 0.18125
0 0.65546875 0.50625 0.0578125 0.09791666666666667
0 0.53359375 0.5645833333333333 0.1984375 0.21041666666666667
0 0.44609375 0.4739583333333333 0.0359375 0.040625
0 0.4625 0.46458333333333335 0.04375 0.046875
0 0.625 0.496875 0.0375 0.06458333333333334
0 0.6203125 0.4739583333333333 0.046875 0.053125
0 0.34296875 0.4822916666666667 0.0484375 0.08229166666666667