0 0.53671875 0.47291666666666665 0.0890625 0.10208333333333333
0 0.71328125 0.46041666666666664 0.0546875 0.058333333333333334
0 0.6421875 0.46041666666666664 0.046875 0.046875
0 0.06171875 0.459375 0.0171875 0.035416666666666666
2 0.08046875 0.49270833333333336 0.0234375 0.0875
0 0.1 0.4583333333333333 0.021875 0.04479166666666667
0 0.13828125 0.46041666666666664 0.0359375 0.0375
2 0.396875 0.4427083333333333 0.009375 0.021875
2 0.4453125 0.44583333333333336 0.009375 0.029166666666666667
2 0.484375 0.4479166666666667 0.0125 0.029166666666666667
2 0.88515625 0.453125 0.0109375 0.03958333333333333
0 0.5875 0.453125 0.015625 0.019791666666666666
0 0.59921875 0.45729166666666665 0.0109375 0.019791666666666666
0 0.6109375 0.45625 0.015625 0.021875
0 0.021875 0.471875 0.0375 0.05625