2 0.40078125 0.4625 0.0234375 0.051041666666666666
2 0.46640625 0.46041666666666664 0.0203125 0.04479166666666667
2 0.47578125 0.4625 0.0203125 0.051041666666666666
2 0.76484375 0.5270833333333333 0.0328125 0.16458333333333333
0 0.15078125 0.49583333333333335 0.1484375 0.08541666666666667
0 0.6546875 0.4791666666666667 0.065625 0.06041666666666667
0 0.7296875 0.521875 0.034375 0.08958333333333333
0 0.82578125 0.5385416666666667 0.1046875 0.12708333333333333
0 0.9078125 0.5791666666666667 0.18125 0.18541666666666667
0 0.978125 0.6270833333333333 0.0375 0.16770833333333332
0 0.33359375 0.46145833333333336 0.0421875 0.053125
0 0.28515625 0.4635416666666667 0.0265625 0.06041666666666667
0 0.17734375 0.45625 0.1859375 0.1
0 0.0390625 0.5 0.075 0.13645833333333332
0 0.0234375 0.5145833333333333 0.04375 0.134375
0 0.5203125 0.44479166666666664 0.01875 0.025
0 0.61953125 0.46875 0.0328125 0.03958333333333333
0 0.5984375 0.46875 0.025 0.03125
2 0.3578125 0.46041666666666664 0.021875 0.046875