0 0.89375 0.4875 0.175 0.1
0 0.98203125 0.4739583333333333 0.0328125 0.06041666666666667
0 0.79765625 0.4822916666666667 0.1203125 0.06666666666666667
0 0.7234375 0.4708333333333333 0.078125 0.058333333333333334
0 0.68984375 0.46458333333333335 0.0453125 0.051041666666666666
2 0.5828125 0.4739583333333333 0.015625 0.040625
2 0.575 0.4708333333333333 0.01875 0.042708333333333334
2 0.5625 0.475 0.01875 0.042708333333333334
0 0.478125 0.4552083333333333 0.021875 0.027083333333333334
0 0.43671875 0.44583333333333336 0.0203125 0.022916666666666665
0 0.42265625 0.4625 0.0359375 0.035416666666666666
0 0.4015625 0.44895833333333335 0.021875 0.022916666666666665
0 0.36328125 0.4635416666666667 0.0234375 0.03333333333333333
0 0.34375 0.46770833333333334 0.025 0.0375
0 0.32734375 0.46875 0.0203125 0.03958333333333333
0 0.30625 0.46458333333333335 0.021875 0.046875
0 0.2671875 0.4666666666666667 0.053125 0.05416666666666667
0 0.16484375 0.47291666666666665 0.0796875 0.09375
0 0.10078125 0.4875 0.1078125 0.09166666666666666
0 0.025 0.49375 0.05 0.109375
0 0.221875 0.46458333333333335 0.034375 0.046875