0 0.9625 0.4239583333333333 0.071875 0.08229166666666667
0 0.840625 0.428125 0.15 0.11354166666666667
2 0.87265625 0.440625 0.0453125 0.10729166666666666
2 0.90625 0.43333333333333335 0.034375 0.09375
2 0.8125 0.4510416666666667 0.046875 0.09791666666666667
2 0.74140625 0.44895833333333335 0.0328125 0.08229166666666667
2 0.69296875 0.4197916666666667 0.0265625 0.05416666666666667
2 0.66953125 0.428125 0.0203125 0.058333333333333334
2 0.615625 0.41458333333333336 0.0375 0.06458333333333334
2 0.45546875 0.42916666666666664 0.0328125 0.078125
2 0.4890625 0.42604166666666665 0.025 0.046875
0 0.29375 0.428125 0.046875 0.035416666666666666
0 0.09453125 0.42916666666666664 0.0703125 0.07604166666666666
2 0.5265625 0.425 0.028125 0.04479166666666667
2 0.56875 0.41770833333333335 0.03125 0.058333333333333334