0 0.846875 0.48020833333333335 0.109375 0.05416666666666667
0 0.7609375 0.5104166666666666 0.11875 0.10729166666666666
0 0.6828125 0.48333333333333334 0.06875 0.06041666666666667
0 0.65625 0.4666666666666667 0.040625 0.051041666666666666
0 0.35703125 0.4552083333333333 0.0359375 0.046875
0 0.5046875 0.440625 0.03125 0.03333333333333333
0 0.303125 0.4708333333333333 0.075 0.07395833333333333
0 0.0734375 0.48125 0.140625 0.10729166666666666
0 0.046875 0.5135416666666667 0.0875 0.16458333333333333
2 0.4796875 0.46041666666666664 0.021875 0.06041666666666667
0 0.25390625 0.5052083333333334 0.0328125 0.07604166666666666
0 0.1640625 0.49583333333333335 0.096875 0.10208333333333333
0 0.61171875 0.44479166666666664 0.0328125 0.0375
0 0.59375 0.43333333333333335 0.028125 0.035416666666666666