0 0.08828125 0.5395833333333333 0.1703125 0.15833333333333333
0 0.175 0.48020833333333335 0.071875 0.07083333333333333
0 0.28671875 0.4666666666666667 0.0515625 0.03958333333333333
0 0.3234375 0.46979166666666666 0.01875 0.040625
0 0.353125 0.4822916666666667 0.04375 0.042708333333333334
0 0.3890625 0.47708333333333336 0.028125 0.04479166666666667
0 0.4140625 0.48020833333333335 0.028125 0.03958333333333333
0 0.43828125 0.48333333333333334 0.0265625 0.040625
2 0.559375 0.46979166666666666 0.028125 0.04479166666666667
2 0.59921875 0.48020833333333335 0.0171875 0.06666666666666667
2 0.975 0.4895833333333333 0.03125 0.115625
0 0.021875 0.5802083333333333 0.040625 0.140625