0 0.934375 0.5510416666666667 0.128125 0.23020833333333332
0 0.7609375 0.5114583333333333 0.165625 0.13333333333333333
0 0.67578125 0.49583333333333335 0.0859375 0.09791666666666667
0 0.63515625 0.4895833333333333 0.0640625 0.084375
0 0.5921875 0.48020833333333335 0.059375 0.0625
0 0.01953125 0.540625 0.0390625 0.140625
0 0.09375 0.5114583333333333 0.146875 0.125
0 0.1859375 0.4947916666666667 0.090625 0.1
0 0.26484375 0.4864583333333333 0.0734375 0.06666666666666667
0 0.2953125 0.475 0.059375 0.06666666666666667
0 0.35546875 0.4666666666666667 0.0359375 0.03958333333333333
0 0.553125 0.47291666666666665 0.028125 0.05416666666666667
0 0.5359375 0.46770833333333334 0.021875 0.040625
2 0.509375 0.459375 0.028125 0.08541666666666667
0 0.484375 0.46041666666666664 0.021875 0.027083333333333334
0 0.4671875 0.45729166666666665 0.01875 0.022916666666666665
0 0.44765625 0.4666666666666667 0.0546875 0.027083333333333334
0 0.4140625 0.46145833333333336 0.01875 0.025
0 0.39921875 0.46458333333333335 0.0203125 0.022916666666666665
0 0.37265625 0.465625 0.0296875 0.03333333333333333
0 0.33515625 0.4739583333333333 0.0265625 0.0375