0 0.5296875 0.5041666666666667 0.103125 0.11354166666666667
0 0.41015625 0.5 0.0234375 0.027083333333333334
0 0.2734375 0.49166666666666664 0.084375 0.07395833333333333
2 0.1734375 0.49583333333333335 0.015625 0.051041666666666666
2 0.16328125 0.496875 0.0109375 0.04479166666666667
2 0.14765625 0.49895833333333334 0.0140625 0.053125
2 0.13359375 0.503125 0.0140625 0.053125
2 0.11796875 0.4979166666666667 0.0140625 0.06666666666666667
2 0.1015625 0.4979166666666667 0.015625 0.0625
2 0.08671875 0.5010416666666667 0.0140625 0.06875
2 0.0703125 0.5020833333333333 0.015625 0.07083333333333333
2 0.05703125 0.5041666666666667 0.0140625 0.0625
2 0.04140625 0.50625 0.0203125 0.07395833333333333
2 0.01875 0.50625 0.021875 0.078125