0 0.184375 0.528125 0.234375 0.1625
0 0.46015625 0.46041666666666664 0.0328125 0.03333333333333333
0 0.496875 0.4625 0.034375 0.03125
2 0.621875 0.484375 0.03125 0.10520833333333333
0 0.515625 0.459375 0.021875 0.022916666666666665
0 0.2140625 0.4375 0.1 0.027083333333333334
0 0.29921875 0.484375 0.0515625 0.058333333333333334
2 0.63984375 0.46875 0.0140625 0.058333333333333334
2 0.66171875 0.47291666666666665 0.0171875 0.058333333333333334
2 0.6515625 0.46979166666666666 0.0125 0.06041666666666667
2 0.74140625 0.48020833333333335 0.0296875 0.042708333333333334
2 0.40234375 0.459375 0.0140625 0.035416666666666666
2 0.38359375 0.45625 0.0203125 0.04479166666666667
2 0.36953125 0.4583333333333333 0.0203125 0.04479166666666667