0 0.87734375 0.5197916666666667 0.2421875 0.32083333333333336
1 0.875 0.6677083333333333 0.09375 0.125
2 0.73984375 0.5427083333333333 0.0953125 0.33229166666666665
2 0.6609375 0.5104166666666666 0.05625 0.24791666666666667
0 0.628125 0.5229166666666667 0.021875 0.08541666666666667
0 0.596875 0.5020833333333333 0.078125 0.12916666666666668
0 0.55390625 0.49375 0.0203125 0.05416666666666667
0 0.53359375 0.490625 0.0234375 0.058333333333333334
0 0.4984375 0.4791666666666667 0.040625 0.06458333333333334
0 0.471875 0.4708333333333333 0.01875 0.051041666666666666
0 0.403125 0.48020833333333335 0.13125 0.16770833333333332
0 0.33359375 0.45625 0.0234375 0.0375
0 0.31484375 0.4625 0.0296875 0.051041666666666666
0 0.29921875 0.4708333333333333 0.0296875 0.058333333333333334
0 0.2703125 0.471875 0.03125 0.06458333333333334
0 0.23359375 0.4791666666666667 0.0671875 0.115625
0 0.10546875 0.475 0.2078125 0.30104166666666665