0 0.97734375 0.490625 0.0453125 0.12916666666666668
0 0.93984375 0.4625 0.1203125 0.12083333333333333
0 0.90625 0.4510416666666667 0.15 0.11666666666666667
0 0.83984375 0.4322916666666667 0.1546875 0.12708333333333333
0 0.746875 0.3958333333333333 0.071875 0.05625
0 0.66875 0.5239583333333333 0.259375 0.2635416666666667
0 0.2265625 0.4166666666666667 0.0625 0.071875
0 0.24375 0.5114583333333333 0.0875 0.16770833333333332
2 0.059375 0.5822916666666667 0.115625 0.5510416666666667
2 0.165625 0.5333333333333333 0.11875 0.46041666666666664
2 0.2984375 0.4708333333333333 0.05 0.20729166666666668
2 0.34296875 0.453125 0.0578125 0.21458333333333332
2 0.390625 0.446875 0.053125 0.19895833333333332
2 0.50234375 0.4375 0.0234375 0.10520833333333333
2 0.51953125 0.42604166666666665 0.0234375 0.08229166666666667
2 0.478125 0.43333333333333335 0.028125 0.10520833333333333