2 0.03203125 0.4114583333333333 0.0328125 0.0875
2 0.0671875 0.40625 0.028125 0.07395833333333333
2 0.0953125 0.4083333333333333 0.03125 0.07395833333333333
2 0.12578125 0.40729166666666666 0.0328125 0.06875
2 0.4421875 0.4270833333333333 0.021875 0.040625
0 0.5140625 0.44583333333333336 0.0375 0.03958333333333333
0 0.55859375 0.440625 0.0328125 0.029166666666666667
2 0.6671875 0.4322916666666667 0.0125 0.021875
2 0.67734375 0.434375 0.0109375 0.021875
2 0.6875 0.4354166666666667 0.0125 0.019791666666666666
2 0.70703125 0.434375 0.0109375 0.021875