0 0.49453125 0.5229166666666667 0.1421875 0.134375
0 0.93515625 0.44895833333333335 0.1265625 0.14479166666666668
0 0.9515625 0.4895833333333333 0.090625 0.11875
2 0.85703125 0.4822916666666667 0.0546875 0.18333333333333332
2 0.79375 0.49166666666666664 0.05625 0.18541666666666667
2 0.621875 0.465625 0.028125 0.07604166666666666
2 0.0109375 0.5208333333333334 0.021875 0.0875
2 0.58828125 0.46041666666666664 0.0234375 0.053125
0 0.3453125 0.47708333333333336 0.08125 0.0375
2 0.125 0.49166666666666664 0.025 0.03125
0 0.7265625 0.459375 0.0375 0.0625
0 0.6453125 0.45 0.025 0.03333333333333333
2 0.6671875 0.43645833333333334 0.01875 0.040625