2 0.459375 0.4552083333333333 0.05 0.140625
2 0.41953125 0.45416666666666666 0.0265625 0.09583333333333334
2 0.92109375 0.4427083333333333 0.0453125 0.13854166666666667
2 0.990625 0.43125 0.01875 0.11666666666666667
2 0.7203125 0.459375 0.028125 0.13333333333333333
2 0.69296875 0.4552083333333333 0.0328125 0.14479166666666668
0 0.659375 0.4666666666666667 0.05625 0.06666666666666667
0 0.6375 0.45625 0.053125 0.071875
0 0.53203125 0.46145833333333336 0.0328125 0.040625
0 0.3640625 0.4666666666666667 0.05625 0.07395833333333333
0 0.3078125 0.47708333333333336 0.10625 0.10520833333333333
0 0.0359375 0.5135416666666667 0.065625 0.10520833333333333
0 0.60625 0.46041666666666664 0.021875 0.040625