2 0.6265625 0.46979166666666666 0.025 0.084375
2 0.81171875 0.49375 0.0578125 0.19895833333333332
2 0.88046875 0.484375 0.0578125 0.18333333333333332
0 0.94765625 0.41458333333333336 0.0984375 0.07604166666666666
0 0.95 0.4875 0.096875 0.12291666666666666
0 0.4984375 0.51875 0.140625 0.13854166666666667
0 0.3265625 0.47708333333333336 0.0625 0.03125
2 0.12421875 0.4875 0.0234375 0.03333333333333333
2 0.603125 0.4635416666666667 0.01875 0.053125
2 0.5890625 0.4625 0.01875 0.051041666666666666
2 0.559375 0.4552083333333333 0.01875 0.03958333333333333
2 0.546875 0.4552083333333333 0.0125 0.03958333333333333