0 0.140625 0.6260416666666667 0.26875 0.303125
2 0.17109375 0.46145833333333336 0.0296875 0.0375
2 0.19375 0.4666666666666667 0.03125 0.046875
2 0.23125 0.48333333333333334 0.021875 0.071875
2 0.24921875 0.46979166666666666 0.0234375 0.07604166666666666
2 0.2703125 0.46770833333333334 0.025 0.040625
2 0.29453125 0.46979166666666666 0.0203125 0.053125
2 0.50234375 0.46041666666666664 0.0140625 0.042708333333333334
2 0.5171875 0.46875 0.025 0.07395833333333333
2 0.553125 0.4708333333333333 0.03125 0.06666666666666667
2 0.74765625 0.446875 0.0234375 0.058333333333333334
2 0.7265625 0.45 0.01875 0.04479166666666667
2 0.7859375 0.5041666666666667 0.053125 0.16041666666666668
2 0.396875 0.4625 0.01875 0.042708333333333334