0 0.165625 0.6375 0.328125 0.2947916666666667
0 0.32578125 0.51875 0.1203125 0.103125
0 0.3828125 0.48854166666666665 0.078125 0.078125
0 0.63828125 0.465625 0.0296875 0.0375
0 0.7453125 0.49270833333333336 0.084375 0.12291666666666666
0 0.875 0.5260416666666666 0.240625 0.209375
0 0.5515625 0.46041666666666664 0.040625 0.035416666666666666
0 0.265625 0.4708333333333333 0.078125 0.06666666666666667
0 0.68671875 0.484375 0.0296875 0.08541666666666667
2 0.4796875 0.471875 0.0125 0.04479166666666667
2 0.49375 0.4708333333333333 0.0125 0.046875
2 0.5015625 0.471875 0.0125 0.04895833333333333
2 0.5875 0.4625 0.0125 0.042708333333333334
0 0.0265625 0.49270833333333336 0.046875 0.06875