2 0.5703125 0.47291666666666665 0.021875 0.06666666666666667
0 0.859375 0.6645833333333333 0.275 0.38125
0 0.640625 0.5072916666666667 0.0625 0.1
0 0.61328125 0.4947916666666667 0.0484375 0.07604166666666666
0 0.3734375 0.4739583333333333 0.053125 0.06458333333333334
0 0.41015625 0.4708333333333333 0.0296875 0.046875
0 0.09296875 0.5291666666666667 0.1796875 0.19166666666666668
0 0.21796875 0.49895833333333334 0.1359375 0.13854166666666667
0 0.29609375 0.49166666666666664 0.0921875 0.09791666666666667
0 0.3390625 0.48854166666666665 0.0625 0.07083333333333333
0 0.4265625 0.4666666666666667 0.028125 0.046875
0 0.4671875 0.459375 0.028125 0.03125
0 0.759375 0.5385416666666667 0.209375 0.240625