0 0.13515625 0.5260416666666666 0.2265625 0.134375
0 0.41640625 0.48333333333333334 0.1046875 0.06875
0 0.809375 0.4708333333333333 0.090625 0.046875
0 0.884375 0.46041666666666664 0.075 0.03958333333333333
2 0.63046875 0.46979166666666666 0.0203125 0.071875
2 0.6828125 0.46979166666666666 0.025 0.071875
2 0.7140625 0.465625 0.028125 0.06458333333333334
2 0.34296875 0.5 0.0234375 0.09375
2 0.32578125 0.49583333333333335 0.0203125 0.10208333333333333
2 0.31171875 0.49895833333333334 0.0203125 0.103125
2 0.2828125 0.48854166666666665 0.028125 0.10520833333333333
2 0.26171875 0.49166666666666664 0.0203125 0.11354166666666667
2 0.92890625 0.45729166666666665 0.0140625 0.042708333333333334
2 0.921875 0.4510416666666667 0.0125 0.03958333333333333
2 0.909375 0.4479166666666667 0.01875 0.03333333333333333
2 0.84140625 0.446875 0.0203125 0.03125
0 0.98046875 0.46145833333333336 0.0265625 0.040625
2 0.97578125 0.44583333333333336 0.0140625 0.027083333333333334
2 0.2359375 0.4666666666666667 0.021875 0.046875
2 0.21328125 0.46145833333333336 0.0234375 0.040625