2 0.73828125 0.49895833333333334 0.0390625 0.16979166666666667
0 0.89921875 0.4875 0.1984375 0.20104166666666667
0 0.68671875 0.4666666666666667 0.0265625 0.022916666666666665
0 0.66328125 0.4708333333333333 0.0234375 0.022916666666666665
0 0.63671875 0.46875 0.0234375 0.022916666666666665
0 0.6078125 0.46770833333333334 0.034375 0.025
0 0.44765625 0.4666666666666667 0.0296875 0.027083333333333334
0 0.409375 0.4864583333333333 0.059375 0.0625
0 0.33515625 0.4666666666666667 0.0265625 0.042708333333333334
2 0.3109375 0.46875 0.025 0.07083333333333333
0 0.27109375 0.4479166666666667 0.0328125 0.029166666666666667
0 0.23046875 0.446875 0.0296875 0.03125
2 0.1875 0.4895833333333333 0.025 0.103125
2 0.14375 0.46875 0.03125 0.11354166666666667
0 0.09296875 0.446875 0.0421875 0.03958333333333333
0 0.03203125 0.44583333333333336 0.0578125 0.04479166666666667