2 0.284375 0.4125 0.040625 0.078125
2 0.31328125 0.41354166666666664 0.0421875 0.09166666666666666
0 0.19140625 0.5052083333333334 0.3796875 0.240625
0 0.35703125 0.421875 0.0609375 0.11354166666666667
0 0.9390625 0.38125 0.090625 0.09791666666666667
0 0.77890625 0.4125 0.1453125 0.12083333333333333
0 0.6421875 0.4 0.05 0.0625
0 0.60703125 0.3958333333333333 0.0359375 0.06041666666666667
2 0.6765625 0.403125 0.0375 0.11875
0 0.4046875 0.409375 0.03125 0.05625
0 0.4140625 0.40208333333333335 0.03125 0.051041666666666666
0 0.578125 0.39791666666666664 0.028125 0.046875
0 0.55078125 0.39479166666666665 0.0203125 0.03958333333333333
0 0.5390625 0.3875 0.028125 0.0375
0 0.8484375 0.3885416666666667 0.06875 0.07395833333333333
0 0.91875 0.36041666666666666 0.0625 0.0875