2 0.38046875 0.46041666666666664 0.0265625 0.109375
2 0.35 0.46041666666666664 0.025 0.10208333333333333
2 0.30390625 0.46041666666666664 0.0328125 0.10208333333333333
2 0.19140625 0.525 0.0796875 0.22291666666666668
2 0.1171875 0.49583333333333335 0.06875 0.26145833333333335
0 0.04375 0.490625 0.084375 0.11666666666666667
0 0.0484375 0.4125 0.09375 0.07395833333333333
0 0.7 0.5083333333333333 0.109375 0.109375
0 0.89921875 0.6520833333333333 0.2015625 0.25
2 0.83671875 0.48333333333333334 0.0265625 0.06041666666666667
2 0.446875 0.459375 0.01875 0.051041666666666666
2 0.39609375 0.45729166666666665 0.0203125 0.058333333333333334
2 0.33671875 0.4625 0.0234375 0.09375
0 0.271875 0.46041666666666664 0.0375 0.05625
0 0.57890625 0.46041666666666664 0.0484375 0.027083333333333334
2 0.6234375 0.4625 0.0125 0.03125
2 0.87421875 0.4875 0.0203125 0.03333333333333333
2 0.88984375 0.4979166666666667 0.0265625 0.05416666666666667