2 0.62109375 0.4739583333333333 0.0296875 0.0875
2 0.7765625 0.46041666666666664 0.028125 0.05416666666666667
2 0.8171875 0.4583333333333333 0.03125 0.06041666666666667
0 0.84609375 0.4895833333333333 0.0359375 0.06458333333333334
0 0.7984375 0.4510416666666667 0.028125 0.035416666666666666
0 0.75078125 0.4822916666666667 0.0515625 0.08229166666666667
0 0.471875 0.475 0.09375 0.06666666666666667
0 0.3125 0.44895833333333335 0.05625 0.03125
0 0.35625 0.47604166666666664 0.021875 0.03333333333333333
0 0.25390625 0.46979166666666666 0.1828125 0.0875
0 0.9578125 0.48541666666666666 0.078125 0.196875