0 0.140625 0.478125 0.1375 0.058333333333333334
0 0.33515625 0.45625 0.0671875 0.06041666666666667
0 0.390625 0.48020833333333335 0.071875 0.078125
0 0.5 0.45208333333333334 0.0375 0.029166666666666667
0 0.61640625 0.490625 0.0234375 0.051041666666666666
0 0.63046875 0.4979166666666667 0.0296875 0.05416666666666667
0 0.66171875 0.503125 0.0765625 0.07604166666666666
0 0.70703125 0.5229166666666667 0.1109375 0.09375
0 0.88515625 0.64375 0.2171875 0.24791666666666667
2 0.025 0.5208333333333334 0.04375 0.12291666666666666
2 0.05 0.49166666666666664 0.040625 0.06041666666666667
2 0.0671875 0.5197916666666667 0.04375 0.13333333333333333
0 0.59375 0.48020833333333335 0.0375 0.046875
0 0.11953125 0.44583333333333336 0.0984375 0.035416666666666666