0 0.13203125 0.7197916666666667 0.2609375 0.3458333333333333
0 0.38046875 0.465625 0.0734375 0.06458333333333334
0 0.4203125 0.45729166666666665 0.03125 0.058333333333333334
2 0.71640625 0.5 0.0296875 0.08541666666666667
0 0.60234375 0.43125 0.0296875 0.035416666666666666
2 0.30625 0.43645833333333334 0.01875 0.040625
2 0.27578125 0.440625 0.0203125 0.0375
2 0.25859375 0.44583333333333336 0.0203125 0.040625
2 0.83359375 0.459375 0.0203125 0.051041666666666666
2 0.809375 0.45416666666666666 0.01875 0.0375
2 0.8546875 0.4583333333333333 0.021875 0.05625