2 0.7609375 0.48541666666666666 0.05625 0.11875
2 0.80234375 0.46979166666666666 0.0234375 0.10729166666666666
2 0.81875 0.465625 0.03125 0.10729166666666666
2 0.85625 0.4666666666666667 0.034375 0.11354166666666667
2 0.8859375 0.465625 0.025 0.11875
0 0.4265625 0.46875 0.05 0.058333333333333334
0 0.27421875 0.48020833333333335 0.0859375 0.09375
2 0.57421875 0.4635416666666667 0.0234375 0.05625
2 0.11953125 0.459375 0.0203125 0.035416666666666666
2 0.134375 0.459375 0.01875 0.035416666666666666
2 0.15390625 0.459375 0.0203125 0.03125
0 0.36953125 0.4708333333333333 0.0296875 0.03125
0 0.4015625 0.46979166666666666 0.021875 0.04479166666666667