2 0.6015625 0.48020833333333335 0.021875 0.09791666666666667
2 0.575 0.496875 0.034375 0.1
2 0.63359375 0.5083333333333333 0.0828125 0.15625
0 0.9203125 0.628125 0.15625 0.36875
0 0.74296875 0.5395833333333333 0.1359375 0.13854166666666667
0 0.38515625 0.47708333333333336 0.0703125 0.05625
0 0.215625 0.44583333333333336 0.0875 0.06458333333333334
0 0.28046875 0.4947916666666667 0.1015625 0.103125
0 0.15078125 0.53125 0.1953125 0.15625
2 0.3890625 0.44166666666666665 0.01875 0.019791666666666666
0 0.41953125 0.4739583333333333 0.0359375 0.040625
0 0.434375 0.4625 0.034375 0.051041666666666666
0 0.45546875 0.46041666666666664 0.0234375 0.040625
0 0.4765625 0.4552083333333333 0.028125 0.035416666666666666
0 0.49140625 0.446875 0.0234375 0.027083333333333334
0 0.6953125 0.46458333333333335 0.046875 0.051041666666666666
0 0.721875 0.4583333333333333 0.0375 0.040625
0 0.7765625 0.4625 0.046875 0.046875