0 0.88828125 0.66875 0.2171875 0.2635416666666667
0 0.775 0.5791666666666667 0.159375 0.15833333333333333
0 0.70078125 0.515625 0.1421875 0.14479166666666668
0 0.63671875 0.49166666666666664 0.0734375 0.0875
0 0.54765625 0.4791666666666667 0.0765625 0.103125
0 0.3875 0.48541666666666666 0.0625 0.07604166666666666
2 0.4703125 0.48020833333333335 0.01875 0.07083333333333333
2 0.3375 0.5145833333333333 0.034375 0.09583333333333334
0 0.30703125 0.5145833333333333 0.0484375 0.084375
0 0.215625 0.5583333333333333 0.165625 0.14479166666666668
0 0.0515625 0.6416666666666667 0.103125 0.20104166666666667
0 0.98046875 0.48333333333333334 0.0328125 0.06875
0 0.78515625 0.4708333333333333 0.0515625 0.058333333333333334
0 0.8546875 0.4635416666666667 0.0625 0.071875
0 0.86875 0.4822916666666667 0.03125 0.05416666666666667
0 0.46015625 0.45625 0.0265625 0.029166666666666667
0 0.484375 0.45 0.021875 0.0375
0 0.50625 0.4552083333333333 0.028125 0.035416666666666666
0 0.07109375 0.48020833333333335 0.0796875 0.051041666666666666
0 0.03828125 0.4822916666666667 0.0765625 0.058333333333333334
0 0.40859375 0.4708333333333333 0.0515625 0.058333333333333334