0 0.4609375 0.5020833333333333 0.103125 0.10520833333333333
0 0.58359375 0.48854166666666665 0.0203125 0.022916666666666665
2 0.68203125 0.484375 0.0109375 0.03125
2 0.6921875 0.48541666666666666 0.009375 0.029166666666666667
2 0.703125 0.4864583333333333 0.0125 0.027083333333333334
2 0.7140625 0.48541666666666666 0.009375 0.029166666666666667
2 0.72421875 0.484375 0.0109375 0.03125
2 0.73515625 0.484375 0.0109375 0.035416666666666666
2 0.746875 0.48333333333333334 0.0125 0.0375
2 0.7609375 0.48541666666666666 0.0125 0.0375
2 0.77109375 0.484375 0.0109375 0.03125
2 0.7859375 0.484375 0.009375 0.035416666666666666
2 0.80078125 0.48541666666666666 0.0109375 0.04479166666666667
2 0.8109375 0.4875 0.0125 0.04479166666666667
2 0.825 0.4864583333333333 0.0125 0.046875
2 0.83515625 0.4895833333333333 0.0078125 0.04895833333333333
2 0.8390625 0.4864583333333333 0.015625 0.046875
2 0.8515625 0.4875 0.0125 0.04895833333333333
2 0.86484375 0.4864583333333333 0.0140625 0.058333333333333334
2 0.8953125 0.49583333333333335 0.01875 0.058333333333333334
2 0.91875 0.49270833333333336 0.01875 0.06041666666666667
2 0.9359375 0.496875 0.01875 0.05625
2 0.98828125 0.49583333333333335 0.0203125 0.07083333333333333