0 0.66796875 0.4479166666666667 0.0515625 0.103125
0 0.409375 0.42604166666666665 0.025 0.046875
0 0.334375 0.43645833333333334 0.05 0.06875
2 0.63515625 0.45625 0.0296875 0.115625
2 0.60703125 0.45208333333333334 0.0296875 0.10729166666666666
2 0.37265625 0.4322916666666667 0.0328125 0.09166666666666666
0 0.18828125 0.42916666666666664 0.0703125 0.06458333333333334
0 0.25859375 0.4510416666666667 0.1203125 0.10520833333333333
0 0.0734375 0.4166666666666667 0.121875 0.084375
0 0.09609375 0.4010416666666667 0.1078125 0.09166666666666666
0 0.4328125 0.42916666666666664 0.025 0.042708333333333334
0 0.45234375 0.425 0.0234375 0.0375
0 0.46328125 0.4197916666666667 0.0265625 0.03958333333333333
0 0.58828125 0.43854166666666666 0.0234375 0.04479166666666667
0 0.58515625 0.428125 0.0296875 0.05416666666666667