2 0.49609375 0.45416666666666666 0.0203125 0.06041666666666667
2 0.47578125 0.5010416666666667 0.0640625 0.165625
2 0.61015625 0.4739583333333333 0.0265625 0.05625
2 0.6265625 0.4739583333333333 0.01875 0.053125
0 0.43125 0.48854166666666665 0.0625 0.078125
0 0.2515625 0.5583333333333333 0.29375 0.30416666666666664
0 0.6765625 0.4791666666666667 0.05 0.07604166666666666
0 0.703125 0.49166666666666664 0.0625 0.07604166666666666
0 0.784375 0.45416666666666666 0.096875 0.06458333333333334
0 0.94296875 0.465625 0.1109375 0.11875
0 0.8640625 0.55 0.265625 0.209375
0 0.53046875 0.4625 0.0359375 0.03125
0 0.38671875 0.51875 0.0828125 0.165625