2 0.5640625 0.5 0.025 0.09375
0 0.434375 0.40729166666666666 0.01875 0.029166666666666667
0 0.41171875 0.40625 0.0203125 0.022916666666666665
0 0.3796875 0.4041666666666667 0.01875 0.022916666666666665
0 0.4421875 0.434375 0.028125 0.025
0 0.46015625 0.4625 0.0421875 0.046875
0 0.35625 0.42083333333333334 0.01875 0.025
0 0.34609375 0.4354166666666667 0.0234375 0.027083333333333334
0 0.3390625 0.45 0.025 0.029166666666666667
0 0.31875 0.46145833333333336 0.01875 0.029166666666666667
0 0.265625 0.484375 0.103125 0.10520833333333333
0 0.38046875 0.42916666666666664 0.0234375 0.03125