2 0.1078125 0.496875 0.034375 0.1
2 0.2078125 0.47708333333333336 0.021875 0.08541666666666667
2 0.2265625 0.47604166666666664 0.021875 0.1
2 0.571875 0.44583333333333336 0.01875 0.03333333333333333
0 0.3890625 0.4708333333333333 0.071875 0.078125
0 0.71953125 0.4895833333333333 0.1421875 0.15
0 0.1546875 0.453125 0.084375 0.08958333333333333
0 0.08515625 0.47708333333333336 0.0359375 0.06875
0 0.01953125 0.47708333333333336 0.0359375 0.07604166666666666
2 0.50703125 0.4479166666666667 0.0109375 0.0375
2 0.51796875 0.446875 0.0109375 0.035416666666666666
0 0.13203125 0.47708333333333336 0.0359375 0.05625