0 0.025 0.759375 0.046875 0.23854166666666668
0 0.1125 0.6125 0.209375 0.2791666666666667
0 0.2234375 0.553125 0.165625 0.14791666666666667
0 0.29921875 0.5302083333333333 0.1078125 0.103125
0 0.375 0.496875 0.0625 0.06458333333333334
0 0.46484375 0.46458333333333335 0.0359375 0.035416666666666666
0 0.7984375 0.46770833333333334 0.121875 0.06875
0 0.91328125 0.459375 0.1046875 0.08958333333333333
0 0.9578125 0.46875 0.078125 0.08229166666666667
2 0.640625 0.465625 0.021875 0.05625
0 0.7578125 0.4583333333333333 0.078125 0.06458333333333334
0 0.92265625 0.4708333333333333 0.0703125 0.08229166666666667
0 0.6859375 0.45625 0.034375 0.04479166666666667
0 0.615625 0.4635416666666667 0.028125 0.0375
0 0.5234375 0.46145833333333336 0.025 0.025
0 0.4109375 0.47708333333333336 0.034375 0.058333333333333334
1 0.65546875 0.48333333333333334 0.0109375 0.021875