0 0.07734375 0.625 0.1546875 0.26979166666666665
0 0.190625 0.5645833333333333 0.121875 0.140625
0 0.37265625 0.4708333333333333 0.0609375 0.06666666666666667
0 0.59140625 0.48125 0.0546875 0.05625
0 0.63359375 0.5020833333333333 0.0609375 0.07083333333333333
0 0.6625 0.525 0.09375 0.09375
0 0.728125 0.5447916666666667 0.13125 0.109375
0 0.7875 0.5927083333333333 0.2125 0.19375
0 0.90234375 0.7395833333333334 0.1859375 0.428125
0 0.409375 0.4625 0.01875 0.042708333333333334
0 0.41953125 0.4583333333333333 0.0265625 0.0375
2 0.4390625 0.4510416666666667 0.01875 0.046875
2 0.4671875 0.44895833333333335 0.01875 0.03958333333333333
2 0.496875 0.446875 0.01875 0.042708333333333334
2 0.52578125 0.4479166666666667 0.0203125 0.0375
0 0.5609375 0.45 0.046875 0.04479166666666667