2 0.96484375 0.5395833333333333 0.0671875 0.328125
2 0.2171875 0.5541666666666667 0.075 0.38125
2 0.2890625 0.5229166666666667 0.09375 0.34375
2 0.33125 0.47291666666666665 0.04375 0.19166666666666668
2 0.36953125 0.4666666666666667 0.0515625 0.19166666666666668
2 0.4046875 0.46041666666666664 0.0375 0.17916666666666667
0 0.10234375 0.5135416666666667 0.2015625 0.32395833333333335
0 0.1171875 0.42604166666666665 0.1375 0.03125
0 0.740625 0.42291666666666666 0.0625 0.071875
0 0.828125 0.44375 0.15 0.11666666666666667
0 0.8890625 0.4625 0.13125 0.11666666666666667
0 0.9125 0.4739583333333333 0.1 0.115625
0 0.6546875 0.546875 0.25 0.25
2 0.5140625 0.4510416666666667 0.025 0.09375
2 0.49140625 0.44895833333333335 0.0296875 0.10208333333333333
0 0.6328125 0.41354166666666664 0.078125 0.025