0 0.92109375 0.5947916666666667 0.1546875 0.3104166666666667
0 0.54921875 0.44895833333333335 0.0828125 0.07083333333333333
0 0.6546875 0.45625 0.071875 0.06041666666666667
0 0.4703125 0.46041666666666664 0.053125 0.06458333333333334
2 0.5046875 0.4635416666666667 0.046875 0.09583333333333334
0 0.16484375 0.4864583333333333 0.0984375 0.109375
0 0.08671875 0.5010416666666667 0.1703125 0.178125
2 0.29921875 0.46145833333333336 0.0515625 0.103125
2 0.25546875 0.46875 0.0515625 0.10208333333333333
2 0.409375 0.46145833333333336 0.0375 0.1
2 0.38125 0.446875 0.025 0.07083333333333333
2 0.36484375 0.46458333333333335 0.0421875 0.10208333333333333
2 0.3453125 0.44479166666666664 0.021875 0.06041666666666667