2 0.146875 0.5104166666666666 0.053125 0.19375
0 0.1953125 0.49583333333333335 0.06875 0.09375
0 0.06640625 0.4895833333333333 0.1296875 0.115625
0 0.2921875 0.46875 0.040625 0.07083333333333333
0 0.36171875 0.4875 0.1015625 0.10729166666666666
0 0.47109375 0.45729166666666665 0.0515625 0.05416666666666667
0 0.43984375 0.4510416666666667 0.0234375 0.035416666666666666
0 0.5484375 0.453125 0.05625 0.058333333333333334
0 0.6 0.4552083333333333 0.034375 0.046875
0 0.6421875 0.45729166666666665 0.05625 0.07083333333333333
0 0.659375 0.46875 0.046875 0.0625
0 0.696875 0.47291666666666665 0.046875 0.07395833333333333
0 0.765625 0.47708333333333336 0.121875 0.11666666666666667
2 0.50625 0.43854166666666666 0.0125 0.021875
0 0.40859375 0.4739583333333333 0.0359375 0.07604166666666666