0 0.603125 0.471875 0.096875 0.04479166666666667
0 0.5265625 0.4583333333333333 0.05 0.04479166666666667
0 0.49921875 0.45625 0.0203125 0.0375
0 0.48125 0.45416666666666666 0.028125 0.040625
2 0.46328125 0.4739583333333333 0.0203125 0.06041666666666667
2 0.44375 0.48125 0.01875 0.053125
0 0.43828125 0.44479166666666664 0.0203125 0.013541666666666667
2 0.38125 0.43645833333333334 0.0125 0.025
2 0.3609375 0.43333333333333335 0.009375 0.022916666666666665
0 0.23125 0.5333333333333333 0.196875 0.21875
0 0.021875 0.5270833333333333 0.04375 0.13645833333333332