2 0.13984375 0.3645833333333333 0.0203125 0.06875
2 0.02734375 0.36666666666666664 0.0265625 0.06875
0 0.06796875 0.49166666666666664 0.1328125 0.17395833333333333
0 0.4015625 0.4322916666666667 0.1 0.10729166666666666
0 0.6546875 0.3770833333333333 0.05 0.05416666666666667
0 0.71484375 0.38125 0.0671875 0.07395833333333333
0 0.8359375 0.39791666666666664 0.140625 0.10729166666666666
0 0.88203125 0.5083333333333333 0.2359375 0.228125
0 0.44296875 0.3927083333333333 0.0671875 0.078125
0 0.4796875 0.3875 0.03125 0.04479166666666667
0 0.6171875 0.37916666666666665 0.03125 0.03125