2 0.98203125 0.50625 0.0296875 0.09375
0 0.8015625 0.5291666666666667 0.196875 0.14791666666666667
0 0.55859375 0.46770833333333334 0.0484375 0.053125
0 0.0640625 0.4239583333333333 0.125 0.08958333333333333
0 0.046875 0.4791666666666667 0.0875 0.13125
2 0.1328125 0.49375 0.046875 0.1875
2 0.1765625 0.49166666666666664 0.05625 0.19895833333333332
2 0.2390625 0.475 0.046875 0.140625
2 0.2859375 0.48333333333333334 0.046875 0.13854166666666667
2 0.3875 0.46770833333333334 0.025 0.06875
2 0.4078125 0.4666666666666667 0.025 0.07083333333333333
2 0.446875 0.459375 0.01875 0.046875
2 0.42890625 0.44895833333333335 0.0109375 0.03125
2 0.63984375 0.459375 0.0109375 0.022916666666666665
2 0.8890625 0.4864583333333333 0.01875 0.03958333333333333
2 0.34765625 0.45 0.0140625 0.040625