0 0.615625 0.46041666666666664 0.03125 0.03125
0 0.58125 0.459375 0.021875 0.022916666666666665
0 0.55234375 0.4635416666666667 0.0453125 0.05625
2 0.1203125 0.4739583333333333 0.028125 0.11875
2 0.09140625 0.4739583333333333 0.0296875 0.11875
2 0.06015625 0.46770833333333334 0.0265625 0.12291666666666666
2 0.0234375 0.46979166666666666 0.04375 0.11875
2 0.9 0.46041666666666664 0.021875 0.06041666666666667
2 0.915625 0.45729166666666665 0.025 0.058333333333333334
2 0.82734375 0.46145833333333336 0.0203125 0.053125
2 0.80078125 0.46041666666666664 0.0203125 0.053125
2 0.1796875 0.45729166666666665 0.028125 0.09791666666666667
2 0.2125 0.45625 0.021875 0.103125