2 0.94140625 0.37604166666666666 0.0546875 0.20104166666666667
2 0.9828125 0.346875 0.034375 0.10729166666666666
0 0.884375 0.39375 0.103125 0.103125
0 0.82109375 0.384375 0.0578125 0.078125
0 0.75859375 0.38229166666666664 0.0765625 0.06458333333333334
0 0.6765625 0.37916666666666665 0.046875 0.03958333333333333
0 0.440625 0.4197916666666667 0.11875 0.109375
0 0.4921875 0.39166666666666666 0.05625 0.07604166666666666
0 0.0875 0.4510416666666667 0.171875 0.22291666666666668
0 0.5578125 0.3854166666666667 0.025 0.029166666666666667
0 0.715625 0.38125 0.0375 0.058333333333333334
0 0.63671875 0.38229166666666664 0.0296875 0.0375
0 0.6171875 0.38333333333333336 0.021875 0.03125
2 0.534375 0.3854166666666667 0.0125 0.0375
2 0.5765625 0.38229166666666664 0.015625 0.040625
2 0.59296875 0.38125 0.0171875 0.03958333333333333