0 0.81015625 0.4625 0.0640625 0.0625
0 0.921875 0.44583333333333336 0.140625 0.125
0 0.94765625 0.4947916666666667 0.0859375 0.10729166666666666
0 0.690625 0.5635416666666667 0.48125 0.228125
2 0.66640625 0.4322916666666667 0.0328125 0.04479166666666667
2 0.159375 0.490625 0.021875 0.0625
2 0.13671875 0.49166666666666664 0.0203125 0.06458333333333334
2 0.55390625 0.4583333333333333 0.0203125 0.040625
2 0.58203125 0.45625 0.0234375 0.053125
2 0.6875 0.4322916666666667 0.028125 0.0375
0 0.45703125 0.46041666666666664 0.0359375 0.027083333333333334
2 0.37734375 0.4625 0.0109375 0.03125
2 0.371875 0.46458333333333335 0.009375 0.03125
2 0.12734375 0.4875 0.0234375 0.03333333333333333
2 0.1125 0.4979166666666667 0.028125 0.051041666666666666