2 0.14375 0.471875 0.03125 0.06458333333333334
2 0.7078125 0.45625 0.03125 0.06875
2 0.6828125 0.4552083333333333 0.028125 0.06666666666666667
2 0.65703125 0.45729166666666665 0.0265625 0.05416666666666667
0 0.93359375 0.5104166666666666 0.1296875 0.1
0 0.39453125 0.5229166666666667 0.1921875 0.09375
0 0.51640625 0.4822916666666667 0.0421875 0.058333333333333334
0 0.26796875 0.475 0.0578125 0.0625
0 0.20234375 0.4666666666666667 0.0734375 0.07395833333333333
2 0.5828125 0.43125 0.01875 0.027083333333333334
2 0.53671875 0.43854166666666666 0.0203125 0.03333333333333333
0 0.40625 0.46458333333333335 0.04375 0.03125
0 0.38359375 0.45416666666666666 0.0359375 0.03333333333333333
0 0.36171875 0.45729166666666665 0.0265625 0.03125
2 0.12265625 0.47604166666666664 0.0203125 0.06875
0 0.57265625 0.46041666666666664 0.0703125 0.029166666666666667