2 0.6734375 0.525 0.04375 0.11666666666666667
0 0.07421875 0.5229166666666667 0.1453125 0.115625
0 0.1765625 0.5052083333333334 0.090625 0.07604166666666666
0 0.2328125 0.49270833333333336 0.075 0.06458333333333334
0 0.28515625 0.490625 0.0515625 0.058333333333333334
0 0.3703125 0.48020833333333335 0.03125 0.03958333333333333
0 0.4328125 0.47604166666666664 0.040625 0.03333333333333333
0 0.31875 0.4895833333333333 0.034375 0.053125
0 0.3421875 0.48125 0.040625 0.05625
0 0.45625 0.47291666666666665 0.025 0.022916666666666665
0 0.4828125 0.46979166666666666 0.025 0.025