0 0.9203125 0.42604166666666665 0.159375 0.30833333333333335
0 0.8078125 0.4125 0.090625 0.10208333333333333
0 0.76015625 0.3875 0.1015625 0.103125
0 0.67734375 0.39375 0.0671875 0.06041666666666667
0 0.6203125 0.384375 0.04375 0.046875
0 0.49765625 0.384375 0.0359375 0.03958333333333333
0 0.45 0.38645833333333335 0.0375 0.042708333333333334
0 0.3375 0.44375 0.128125 0.18333333333333332
2 0.37890625 0.38645833333333335 0.0265625 0.05416666666666667
0 0.18046875 0.5208333333333334 0.3578125 0.334375
0 0.5890625 0.38333333333333336 0.025 0.03125
0 0.5703125 0.3770833333333333 0.025 0.035416666666666666
2 0.55625 0.37604166666666666 0.01875 0.040625
0 0.415625 0.39375 0.0375 0.05625
0 0.64296875 0.3885416666666667 0.0328125 0.051041666666666666