0 0.50234375 0.459375 0.0453125 0.046875
0 0.24453125 0.46770833333333334 0.0578125 0.053125
2 0.3421875 0.46875 0.021875 0.08541666666666667
2 0.5734375 0.4510416666666667 0.01875 0.06666666666666667
2 0.590625 0.45 0.021875 0.071875
2 0.6171875 0.459375 0.01875 0.05416666666666667
2 0.634375 0.4510416666666667 0.021875 0.06666666666666667
2 0.66875 0.446875 0.021875 0.0625
2 0.1 0.46979166666666666 0.021875 0.06458333333333334
2 0.075 0.46979166666666666 0.021875 0.071875
2 0.18671875 0.465625 0.0203125 0.06041666666666667