0 0.06640625 0.7385416666666667 0.1296875 0.41770833333333335
2 0.76015625 0.46458333333333335 0.0265625 0.07395833333333333
2 0.7828125 0.471875 0.01875 0.06458333333333334
0 0.3609375 0.4822916666666667 0.0625 0.06666666666666667
0 0.1578125 0.571875 0.259375 0.25416666666666665
2 0.29765625 0.471875 0.0203125 0.053125
2 0.6828125 0.42916666666666664 0.021875 0.029166666666666667
2 0.4375 0.459375 0.0125 0.035416666666666666
2 0.42734375 0.45729166666666665 0.0140625 0.03125
2 0.490625 0.4552083333333333 0.0125 0.03125
2 0.559375 0.4510416666666667 0.0125 0.03125
2 0.59765625 0.45729166666666665 0.0140625 0.051041666666666666
2 0.609375 0.45729166666666665 0.01875 0.046875
2 0.4171875 0.459375 0.01875 0.03125
2 0.6234375 0.4583333333333333 0.0125 0.04895833333333333
2 0.32421875 0.46875 0.0140625 0.046875
2 0.32890625 0.46145833333333336 0.0109375 0.04895833333333333
0 0.3875 0.4791666666666667 0.021875 0.053125
0 0.0125 0.5010416666666667 0.021875 0.05625