2 0.51875 0.5041666666666667 0.04375 0.13333333333333333
2 0.41328125 0.5177083333333333 0.0453125 0.13645833333333332
0 0.8328125 0.5708333333333333 0.190625 0.18541666666666667
0 0.7234375 0.5291666666666667 0.109375 0.12083333333333333
0 0.6875 0.50625 0.071875 0.08958333333333333
0 0.3296875 0.5177083333333333 0.0875 0.09791666666666667
0 0.25078125 0.5614583333333333 0.1578125 0.12708333333333333
0 0.11953125 0.6229166666666667 0.2359375 0.19166666666666668
0 0.15390625 0.47604166666666664 0.0515625 0.05625
0 0.10234375 0.478125 0.0796875 0.0625
0 0.4296875 0.4635416666666667 0.04375 0.040625
0 0.50078125 0.453125 0.0296875 0.035416666666666666
0 0.59453125 0.4552083333333333 0.0203125 0.03125
0 0.44765625 0.45625 0.0296875 0.040625
2 0.628125 0.45208333333333334 0.01875 0.053125
2 0.6421875 0.44895833333333335 0.01875 0.051041666666666666
2 0.65625 0.4427083333333333 0.01875 0.03333333333333333
0 0.646875 0.4875 0.04375 0.06875
0 0.953125 0.6645833333333333 0.09375 0.38333333333333336
0 0.021875 0.50625 0.040625 0.07083333333333333
2 0.58125 0.459375 0.021875 0.042708333333333334