2 0.8984375 0.5479166666666667 0.05625 0.15416666666666667
2 0.8421875 0.5510416666666667 0.04375 0.15208333333333332
0 0.71640625 0.5708333333333333 0.1828125 0.15625
0 0.6296875 0.5010416666666667 0.121875 0.12291666666666666
0 0.56484375 0.46979166666666666 0.0515625 0.04479166666666667
0 0.1234375 0.56875 0.2 0.1875
0 0.24921875 0.5364583333333334 0.0953125 0.103125
0 0.2921875 0.5125 0.06875 0.06875
0 0.3359375 0.49166666666666664 0.0625 0.058333333333333334
0 0.3765625 0.4708333333333333 0.040625 0.042708333333333334
0 0.4109375 0.45625 0.0375 0.0375
0 0.428125 0.4479166666666667 0.03125 0.03333333333333333
0 0.5453125 0.4552083333333333 0.040625 0.03958333333333333
0 0.73125 0.46145833333333336 0.059375 0.040625
0 0.78828125 0.465625 0.0609375 0.053125