2 0.26640625 0.5385416666666667 0.0421875 0.13125
0 0.37734375 0.48020833333333335 0.0515625 0.046875
0 0.425 0.4635416666666667 0.04375 0.0375
0 0.50546875 0.44583333333333336 0.0265625 0.027083333333333334
0 0.621875 0.49895833333333334 0.0375 0.06458333333333334
0 0.64296875 0.5145833333333333 0.0546875 0.09583333333333334
0 0.6640625 0.5302083333333333 0.0625 0.115625
0 0.75234375 0.5572916666666666 0.1671875 0.18541666666666667
0 0.0171875 0.5260416666666666 0.034375 0.10729166666666666
0 0.1125 0.4979166666666667 0.046875 0.08958333333333333
0 0.29140625 0.478125 0.0671875 0.058333333333333334
0 0.30390625 0.46458333333333335 0.0734375 0.051041666666666666
0 0.459375 0.446875 0.028125 0.027083333333333334
0 0.60625 0.490625 0.034375 0.06666666666666667
0 0.57890625 0.4708333333333333 0.0296875 0.042708333333333334
0 0.565625 0.4552083333333333 0.03125 0.042708333333333334
0 0.234375 0.4666666666666667 0.053125 0.0625