2 0.6546875 0.4875 0.03125 0.13854166666666667
2 0.6265625 0.5 0.040625 0.13645833333333332
2 0.49765625 0.4979166666666667 0.0515625 0.13645833333333332
2 0.45625 0.5052083333333334 0.05625 0.146875
2 0.415625 0.509375 0.05625 0.140625
2 0.36796875 0.5072916666666667 0.0484375 0.1625
2 0.33828125 0.5395833333333333 0.0953125 0.21666666666666667
2 0.24609375 0.5166666666666667 0.0671875 0.1625
2 0.190625 0.521875 0.05625 0.18333333333333332
2 0.121875 0.5083333333333333 0.025 0.16458333333333333
2 0.30546875 0.5052083333333334 0.0421875 0.134375