2 0.42421875 0.48541666666666666 0.0234375 0.06041666666666667
0 0.1671875 0.615625 0.321875 0.40208333333333335
0 0.74140625 0.5166666666666667 0.0984375 0.0875
0 0.87109375 0.5875 0.2515625 0.22291666666666668
0 0.70546875 0.4979166666666667 0.0578125 0.06666666666666667
0 0.6828125 0.48333333333333334 0.0375 0.04479166666666667
2 0.4640625 0.478125 0.015625 0.046875
2 0.4765625 0.4791666666666667 0.0125 0.040625
2 0.4890625 0.4791666666666667 0.0125 0.04479166666666667
2 0.5 0.48020833333333335 0.0125 0.042708333333333334
2 0.528125 0.475 0.009375 0.03125
2 0.53671875 0.47708333333333336 0.0109375 0.03125