2 0.06328125 0.659375 0.0765625 0.3104166666666667
2 0.03125 0.66875 0.05625 0.2947916666666667
2 0.8125 0.5458333333333333 0.059375 0.19375
0 0.28671875 0.5541666666666667 0.1421875 0.16458333333333333
0 0.45859375 0.5989583333333334 0.2234375 0.209375
0 0.70625 0.5229166666666667 0.109375 0.078125
0 0.62421875 0.5114583333333333 0.0515625 0.06666666666666667
0 0.91484375 0.5458333333333333 0.1609375 0.165625
0 0.5890625 0.5083333333333333 0.0375 0.05416666666666667
0 0.55703125 0.5052083333333334 0.0265625 0.040625
0 0.546875 0.4947916666666667 0.0375 0.040625
0 0.3609375 0.5239583333333333 0.05 0.07604166666666666
0 0.38984375 0.49895833333333334 0.0453125 0.040625
0 0.9859375 0.459375 0.028125 0.08958333333333333
0 0.86171875 0.46041666666666664 0.0828125 0.0375
0 0.91015625 0.45625 0.0546875 0.029166666666666667