2 0.7828125 0.47291666666666665 0.05625 0.14791666666666667
2 0.75078125 0.46770833333333334 0.0359375 0.13854166666666667
2 0.68125 0.46979166666666666 0.059375 0.13854166666666667
0 0.58515625 0.46458333333333335 0.0859375 0.08229166666666667
0 0.17109375 0.4739583333333333 0.1046875 0.0875
0 0.225 0.46458333333333335 0.046875 0.06666666666666667
0 0.53984375 0.459375 0.0359375 0.06666666666666667
0 0.50703125 0.4510416666666667 0.0359375 0.042708333333333334
0 0.4890625 0.44375 0.021875 0.03125
0 0.2515625 0.4583333333333333 0.025 0.05625
0 0.26796875 0.45625 0.0328125 0.04895833333333333
0 0.29609375 0.45416666666666666 0.0296875 0.04479166666666667
0 0.32265625 0.44583333333333336 0.0390625 0.0375
0 0.475 0.44375 0.01875 0.022916666666666665
0 0.4625 0.43854166666666666 0.009375 0.021875
0 0.45546875 0.44166666666666665 0.0109375 0.015625
0 0.35 0.44583333333333336 0.01875 0.0375
0 0.36484375 0.44375 0.0203125 0.03125
0 0.38125 0.44375 0.015625 0.022916666666666665
0 0.403125 0.43854166666666666 0.01875 0.021875
0 0.4234375 0.434375 0.01875 0.025
0 0.4453125 0.44166666666666665 0.0125 0.019791666666666666
2 0.1828125 0.44375 0.0375 0.07083333333333333