2 0.984375 0.4270833333333333 0.028125 0.06458333333333334
2 0.9609375 0.37604166666666666 0.021875 0.04479166666666667
2 0.89453125 0.42083333333333334 0.0265625 0.09583333333333334
1 0.83828125 0.4625 0.0296875 0.03958333333333333
2 0.803125 0.4354166666666667 0.028125 0.07083333333333333
2 0.75859375 0.425 0.0265625 0.084375
2 0.7328125 0.4239583333333333 0.021875 0.0625
2 0.7140625 0.43020833333333336 0.021875 0.06875
2 0.6875 0.4270833333333333 0.021875 0.0875
0 0.51015625 0.4322916666666667 0.0265625 0.029166666666666667
0 0.47734375 0.42604166666666665 0.0234375 0.022916666666666665
0 0.44140625 0.42916666666666664 0.0421875 0.051041666666666666
0 0.36328125 0.43854166666666666 0.0234375 0.04479166666666667
0 0.328125 0.4395833333333333 0.05625 0.05416666666666667
0 0.03125 0.5552083333333333 0.0625 0.2125