2 0.88671875 0.5791666666666667 0.0578125 0.16979166666666667
0 0.9640625 0.6354166666666666 0.071875 0.16979166666666667
0 0.80625 0.5739583333333333 0.10625 0.11666666666666667
0 0.6984375 0.5229166666666667 0.05 0.06875
0 0.67734375 0.5125 0.0609375 0.05625
0 0.54140625 0.48020833333333335 0.0546875 0.03958333333333333
0 0.29296875 0.5583333333333333 0.1734375 0.15625
0 0.33359375 0.525 0.1265625 0.13645833333333332
0 0.76640625 0.5322916666666667 0.1171875 0.10729166666666666
2 0.809375 0.484375 0.025 0.03958333333333333
0 0.60625 0.465625 0.040625 0.040625
0 0.396875 0.49583333333333335 0.05 0.09375
0 0.1765625 0.49583333333333335 0.053125 0.08229166666666667