2 0.76875 0.4510416666666667 0.03125 0.08958333333333333
2 0.746875 0.48541666666666666 0.03125 0.12291666666666666
2 0.1 0.4395833333333333 0.040625 0.08229166666666667
0 0.89921875 0.5822916666666667 0.2015625 0.22708333333333333
0 0.8796875 0.4666666666666667 0.125 0.05416666666666667
0 0.82890625 0.49375 0.1265625 0.13333333333333333
0 0.54609375 0.465625 0.1609375 0.12708333333333333
0 0.45625 0.48125 0.05625 0.09166666666666666
0 0.35546875 0.4739583333333333 0.1703125 0.12708333333333333
0 0.17265625 0.4864583333333333 0.2484375 0.13645833333333332
2 0.62109375 0.47708333333333336 0.0296875 0.08541666666666667
0 0.64765625 0.46979166666666666 0.0484375 0.05625
0 0.68515625 0.4739583333333333 0.0421875 0.05625
0 0.70859375 0.47291666666666665 0.0421875 0.05416666666666667