2 0.97109375 0.5395833333333333 0.0515625 0.41458333333333336
2 0.89765625 0.5770833333333333 0.1265625 0.4822916666666667
2 0.7875 0.5114583333333333 0.0875 0.296875
2 0.65859375 0.46458333333333335 0.0234375 0.08229166666666667
2 0.63671875 0.46770833333333334 0.0265625 0.09166666666666666
2 0.1640625 0.49166666666666664 0.025 0.053125
2 0.1234375 0.4864583333333333 0.021875 0.035416666666666666
2 0.37578125 0.46458333333333335 0.0234375 0.042708333333333334
2 0.59453125 0.45625 0.0203125 0.04479166666666667
2 0.546875 0.459375 0.01875 0.046875
2 0.55625 0.459375 0.01875 0.051041666666666666
2 0.615625 0.45729166666666665 0.015625 0.051041666666666666