2 0.9921875 0.48020833333333335 0.0125 0.14791666666666667
2 0.9734375 0.47291666666666665 0.028125 0.171875
2 0.94453125 0.4875 0.0609375 0.228125
2 0.91796875 0.47708333333333336 0.0296875 0.10729166666666666
0 0.70625 0.5125 0.19375 0.18125
2 0.59609375 0.4666666666666667 0.0109375 0.03958333333333333
2 0.58671875 0.459375 0.0109375 0.03125
2 0.5671875 0.46041666666666664 0.009375 0.029166666666666667
0 0.44296875 0.46875 0.0546875 0.0625
2 0.50859375 0.4635416666666667 0.0109375 0.029166666666666667
0 0.4078125 0.46875 0.01875 0.022916666666666665
0 0.38515625 0.47291666666666665 0.0296875 0.035416666666666666
2 0.2875 0.46875 0.009375 0.027083333333333334
0 0.1625 0.50625 0.115625 0.10208333333333333
0 0.02265625 0.53125 0.0421875 0.16458333333333333