2 0.30625 0.4666666666666667 0.028125 0.10208333333333333
2 0.284375 0.4666666666666667 0.01875 0.10208333333333333
2 0.2265625 0.47708333333333336 0.03125 0.09583333333333334
2 0.97578125 0.5197916666666667 0.0296875 0.09791666666666667
0 0.684375 0.46458333333333335 0.05625 0.046875
0 0.64140625 0.5020833333333333 0.1421875 0.12916666666666668
0 0.4546875 0.58125 0.35625 0.334375
0 0.13828125 0.47708333333333336 0.0453125 0.046875
0 0.04453125 0.4666666666666667 0.0421875 0.09791666666666667
2 0.9453125 0.5145833333333333 0.04375 0.13125
0 0.10078125 0.47604166666666664 0.0578125 0.08020833333333334
2 0.7984375 0.45208333333333334 0.01875 0.053125
2 0.7734375 0.46041666666666664 0.01875 0.053125