0 0.815625 0.5604166666666667 0.134375 0.12083333333333333
0 0.7875 0.5322916666666667 0.121875 0.12708333333333333
0 0.403125 0.4875 0.046875 0.04479166666666667
0 0.44453125 0.5177083333333333 0.0703125 0.0625
0 0.3734375 0.5260416666666666 0.08125 0.09583333333333334
0 0.315625 0.5364583333333334 0.08125 0.11875
0 0.18203125 0.55 0.2296875 0.18958333333333333
0 0.50546875 0.5072916666666667 0.0453125 0.040625
2 0.675 0.5166666666666667 0.040625 0.11875
2 0.65 0.5125 0.021875 0.09583333333333334
2 0.63125 0.5104166666666666 0.021875 0.0875
0 0.53046875 0.49583333333333335 0.0328125 0.035416666666666666
0 0.55390625 0.49166666666666664 0.0234375 0.027083333333333334