0 0.49453125 0.478125 0.0921875 0.06666666666666667
0 0.43984375 0.475 0.0828125 0.07083333333333333
0 0.33203125 0.46041666666666664 0.1609375 0.08958333333333333
0 0.65234375 0.47708333333333336 0.0765625 0.06041666666666667
0 0.8265625 0.4822916666666667 0.1 0.07083333333333333
2 0.91484375 0.5333333333333333 0.0921875 0.32083333333333336
2 0.7640625 0.5083333333333333 0.03125 0.134375
2 0.73984375 0.5333333333333333 0.0296875 0.08541666666666667
2 0.71484375 0.503125 0.0484375 0.146875
0 0.1890625 0.45625 0.0625 0.084375
0 0.11953125 0.43125 0.0578125 0.03125