2 0.7125 0.4666666666666667 0.034375 0.07395833333333333
0 0.65859375 0.46041666666666664 0.0453125 0.042708333333333334
0 0.78515625 0.4666666666666667 0.0515625 0.046875
0 0.53203125 0.4625 0.0484375 0.051041666666666666
2 0.45859375 0.4552083333333333 0.0296875 0.08229166666666667
2 0.25234375 0.48541666666666666 0.0796875 0.165625
2 0.22421875 0.47708333333333336 0.0515625 0.1625
2 0.4171875 0.45625 0.028125 0.09166666666666666
2 0.49609375 0.453125 0.0203125 0.078125
2 0.484375 0.4510416666666667 0.021875 0.078125
2 0.9390625 0.46979166666666666 0.025 0.0875
2 0.959375 0.4708333333333333 0.01875 0.07395833333333333
2 0.36953125 0.4479166666666667 0.0234375 0.071875
0 0.5796875 0.45729166666666665 0.021875 0.027083333333333334
0 0.5984375 0.45625 0.01875 0.025