2 0.19453125 0.5291666666666667 0.1203125 0.49166666666666664
2 0.321875 0.44895833333333335 0.028125 0.10520833333333333
0 0.396875 0.49270833333333336 0.1125 0.115625
0 0.45390625 0.4875 0.0515625 0.0875
0 0.49453125 0.4739583333333333 0.0203125 0.0375
0 0.5375 0.4864583333333333 0.075 0.08541666666666667
0 0.646875 0.48125 0.08125 0.084375
0 0.71875 0.475 0.05625 0.058333333333333334
2 0.7578125 0.5020833333333333 0.028125 0.09375
2 0.7828125 0.484375 0.03125 0.13333333333333333
0 0.87421875 0.49166666666666664 0.1484375 0.16770833333333332
0 0.95546875 0.50625 0.0890625 0.19895833333333332