2 0.98046875 0.503125 0.0359375 0.20104166666666667
2 0.8078125 0.4947916666666667 0.075 0.10729166666666666
2 0.74453125 0.49895833333333334 0.0515625 0.1
2 0.6859375 0.5125 0.059375 0.146875
2 0.6421875 0.49375 0.05625 0.10208333333333333
2 0.59453125 0.5114583333333333 0.0546875 0.140625
2 0.5296875 0.46145833333333336 0.025 0.06458333333333334
2 0.5109375 0.465625 0.021875 0.06458333333333334
2 0.440625 0.4635416666666667 0.025 0.06458333333333334
2 0.353125 0.4625 0.021875 0.07395833333333333
2 0.36796875 0.475 0.0203125 0.05416666666666667
2 0.2609375 0.46458333333333335 0.021875 0.078125
2 0.07421875 0.46979166666666666 0.0359375 0.06875
2 0.8625 0.4583333333333333 0.03125 0.06458333333333334
2 0.88671875 0.4583333333333333 0.0328125 0.071875