2 0.4828125 0.47291666666666665 0.040625 0.13333333333333333
2 0.521875 0.47708333333333336 0.046875 0.134375
2 0.42578125 0.45625 0.0296875 0.11875
2 0.0828125 0.5135416666666667 0.071875 0.39791666666666664
2 0.02421875 0.51875 0.0453125 0.475
0 0.28984375 0.44479166666666664 0.1578125 0.1
0 0.3296875 0.43333333333333335 0.13125 0.10208333333333333
0 0.63671875 0.4864583333333333 0.0921875 0.08958333333333333
2 0.5546875 0.45 0.021875 0.06458333333333334
2 0.96484375 0.471875 0.0203125 0.03333333333333333
2 0.84453125 0.46145833333333336 0.0203125 0.0375
2 0.8359375 0.4583333333333333 0.0125 0.0375