2 0.03515625 0.509375 0.0265625 0.07395833333333333
2 0.015625 0.509375 0.021875 0.08229166666666667
2 0.6171875 0.46875 0.01875 0.06666666666666667
2 0.72265625 0.475 0.0421875 0.14479166666666668
2 0.7578125 0.48020833333333335 0.040625 0.15208333333333332
2 0.778125 0.475 0.03125 0.14479166666666668
0 0.4984375 0.5166666666666667 0.11875 0.12291666666666666
0 0.43984375 0.46458333333333335 0.0328125 0.035416666666666666
0 0.81484375 0.4635416666666667 0.0546875 0.071875
0 0.92578125 0.4479166666666667 0.1453125 0.146875
0 0.95078125 0.4875 0.0953125 0.11875
2 0.125 0.49166666666666664 0.025 0.03333333333333333
2 0.57890625 0.46041666666666664 0.0203125 0.053125
0 0.6453125 0.4510416666666667 0.03125 0.035416666666666666