0 0.234375 0.46145833333333336 0.040625 0.04479166666666667
0 0.57734375 0.4791666666666667 0.0703125 0.071875
2 0.2546875 0.47708333333333336 0.059375 0.12083333333333333
2 0.059375 0.571875 0.11875 0.40208333333333335
2 0.30703125 0.6239583333333333 0.1359375 0.271875
2 0.3921875 0.4875 0.06875 0.13854166666666667
2 0.7703125 0.4635416666666667 0.028125 0.07604166666666666
2 0.7171875 0.46041666666666664 0.028125 0.078125
2 0.7640625 0.5322916666666667 0.09375 0.18541666666666667
2 0.1703125 0.44375 0.021875 0.042708333333333334
0 0.54453125 0.4666666666666667 0.0328125 0.042708333333333334
0 0.53359375 0.459375 0.0296875 0.042708333333333334
0 0.51640625 0.45208333333333334 0.0203125 0.029166666666666667
2 0.68828125 0.453125 0.0203125 0.0625
2 0.85390625 0.4427083333333333 0.0296875 0.03333333333333333
2 0.9875 0.4427083333333333 0.021875 0.0375
0 0.18828125 0.4635416666666667 0.0359375 0.03333333333333333