2 0.9171875 0.47291666666666665 0.021875 0.07083333333333333
2 0.74765625 0.46770833333333334 0.0140625 0.040625
2 0.840625 0.459375 0.0125 0.035416666666666666
2 0.8515625 0.46041666666666664 0.0125 0.0375
2 0.08125 0.45625 0.05 0.115625
2 0.1390625 0.46875 0.04375 0.11666666666666667
0 0.07578125 0.5666666666666667 0.1484375 0.21875
0 0.3703125 0.5125 0.103125 0.115625
0 0.47734375 0.49375 0.0421875 0.08958333333333333
0 0.50859375 0.484375 0.0734375 0.078125
0 0.5734375 0.47291666666666665 0.0375 0.046875
2 0.27109375 0.4197916666666667 0.0203125 0.03125
2 0.29765625 0.49895833333333334 0.0734375 0.18125
2 0.44375 0.4791666666666667 0.046875 0.13854166666666667
2 0.5984375 0.45416666666666666 0.021875 0.06041666666666667
2 0.64375 0.453125 0.021875 0.046875
2 0.675 0.45729166666666665 0.01875 0.03125
0 0.70078125 0.46041666666666664 0.0171875 0.021875
0 0.73125 0.46041666666666664 0.01875 0.022916666666666665
2 0.8125 0.45416666666666666 0.01875 0.040625
2 0.890625 0.440625 0.028125 0.04479166666666667