2 0.6484375 0.48125 0.05 0.115625
2 0.8203125 0.46458333333333335 0.040625 0.11666666666666667
2 0.79765625 0.46770833333333334 0.0265625 0.11875
2 0.85625 0.46875 0.034375 0.11354166666666667
2 0.88515625 0.459375 0.0296875 0.125
0 0.42890625 0.4739583333333333 0.0546875 0.06458333333333334
0 0.275 0.484375 0.090625 0.09375
0 0.37734375 0.4708333333333333 0.0296875 0.03125
0 0.40078125 0.4666666666666667 0.0203125 0.046875
2 0.15859375 0.46041666666666664 0.0140625 0.029166666666666667
2 0.14140625 0.46041666666666664 0.0171875 0.025
2 0.1296875 0.46041666666666664 0.015625 0.03125