0 0.1734375 0.48541666666666666 0.153125 0.134375
0 0.26171875 0.4822916666666667 0.0703125 0.08958333333333333
0 0.3046875 0.47708333333333336 0.05 0.06458333333333334
0 0.3359375 0.46041666666666664 0.05625 0.078125
0 0.4078125 0.465625 0.0875 0.0875
0 0.50546875 0.4552083333333333 0.0484375 0.05416666666666667
0 0.54765625 0.453125 0.0359375 0.042708333333333334
0 0.72890625 0.475 0.0515625 0.078125
0 0.93984375 0.5197916666666667 0.1109375 0.171875
0 0.65 0.5072916666666667 0.13125 0.13125
2 0.86875 0.5208333333333334 0.0625 0.209375
2 0.4625 0.4479166666666667 0.009375 0.0375
0 0.59765625 0.46770833333333334 0.0453125 0.053125