2 0.4265625 0.4666666666666667 0.021875 0.07395833333333333
2 0.6375 0.46458333333333335 0.021875 0.08541666666666667
2 0.61796875 0.46145833333333336 0.0265625 0.09583333333333334
2 0.7265625 0.47291666666666665 0.034375 0.13645833333333332
2 0.14765625 0.4864583333333333 0.0203125 0.078125
0 0.81015625 0.4510416666666667 0.0578125 0.09791666666666667
0 0.9265625 0.44895833333333335 0.14375 0.14479166666666668
0 0.9515625 0.490625 0.09375 0.12083333333333333
2 0.5515625 0.46041666666666664 0.01875 0.053125
2 0.471875 0.4583333333333333 0.01875 0.040625
2 0.16875 0.47708333333333336 0.01875 0.0375
2 0.1328125 0.48020833333333335 0.015625 0.022916666666666665
2 0.1140625 0.478125 0.021875 0.03125
0 0.453125 0.46041666666666664 0.028125 0.027083333333333334