2 0.41953125 0.48541666666666666 0.1203125 0.303125
2 0.7125 0.5114583333333333 0.06875 0.16458333333333333
2 0.6625 0.48125 0.01875 0.053125
2 0.6390625 0.46145833333333336 0.034375 0.09583333333333334
2 0.95625 0.4625 0.075 0.08958333333333333
0 0.4921875 0.465625 0.05 0.15
0 0.5359375 0.4635416666666667 0.059375 0.084375
2 0.8125 0.4864583333333333 0.071875 0.13645833333333332
2 0.8828125 0.4635416666666667 0.0375 0.07604166666666666
0 0.2734375 0.446875 0.03125 0.051041666666666666
0 0.315625 0.44479166666666664 0.03125 0.040625
0 0.16484375 0.43854166666666666 0.0921875 0.040625
0 0.06953125 0.45729166666666665 0.0421875 0.0625