0 0.05625 0.521875 0.109375 0.16458333333333333
0 0.121875 0.4822916666666667 0.2375 0.18333333333333332
0 0.1984375 0.47604166666666664 0.134375 0.15
0 0.278125 0.4864583333333333 0.03125 0.05416666666666667
0 0.40703125 0.49166666666666664 0.2296875 0.2989583333333333
0 0.58515625 0.4739583333333333 0.1421875 0.15416666666666667
0 0.6265625 0.49166666666666664 0.040625 0.11354166666666667
0 0.725 0.4708333333333333 0.175 0.171875
0 0.7265625 0.5083333333333333 0.128125 0.17916666666666667
2 0.8546875 0.48333333333333334 0.184375 0.4239583333333333
0 0.96640625 0.39895833333333336 0.0671875 0.115625
0 0.96171875 0.5645833333333333 0.0765625 0.21875