0 0.8125 0.484375 0.05 0.035416666666666666
0 0.79921875 0.47708333333333336 0.0359375 0.03958333333333333
2 0.46328125 0.471875 0.0234375 0.06875
0 0.384375 0.48854166666666665 0.140625 0.140625
0 0.2859375 0.5260416666666666 0.221875 0.17395833333333333
0 0.115625 0.5979166666666667 0.228125 0.359375
0 0.6640625 0.47291666666666665 0.04375 0.03125
0 0.77109375 0.4708333333333333 0.0421875 0.046875
0 0.5 0.47604166666666664 0.05625 0.06875
0 0.6984375 0.4739583333333333 0.028125 0.025
0 0.54765625 0.471875 0.0234375 0.025
0 0.4890625 0.48125 0.046875 0.04479166666666667