0 0.190625 0.46458333333333335 0.053125 0.078125
0 0.1 0.446875 0.09375 0.12916666666666668
2 0.0375 0.50625 0.06875 0.37083333333333335
2 0.378125 0.46145833333333336 0.028125 0.0875
2 0.34921875 0.4666666666666667 0.0234375 0.07083333333333333
2 0.45 0.4583333333333333 0.01875 0.04479166666666667
2 0.42890625 0.45729166666666665 0.0171875 0.046875
2 0.403125 0.4552083333333333 0.01875 0.051041666666666666
2 0.828125 0.4822916666666667 0.01875 0.046875
2 0.88515625 0.490625 0.0203125 0.05416666666666667
0 0.271875 0.45625 0.0375 0.053125
2 0.87109375 0.490625 0.0203125 0.03125