2 0.92890625 0.6166666666666667 0.1359375 0.27708333333333335
2 0.82578125 0.478125 0.0546875 0.12916666666666668
0 0.74921875 0.4666666666666667 0.0921875 0.058333333333333334
0 0.45625 0.4708333333333333 0.034375 0.051041666666666666
0 0.42109375 0.48020833333333335 0.0671875 0.07083333333333333
2 0.2796875 0.45625 0.021875 0.07604166666666666
2 0.22421875 0.46145833333333336 0.0328125 0.07604166666666666
2 0.14609375 0.44375 0.0296875 0.03958333333333333
2 0.0140625 0.446875 0.025 0.03958333333333333
2 0.95 0.42916666666666664 0.021875 0.042708333333333334
2 0.93671875 0.43645833333333334 0.0203125 0.025
2 0.9203125 0.43645833333333334 0.01875 0.029166666666666667