2 0.85859375 0.528125 0.0484375 0.20104166666666667
2 0.93125 0.571875 0.115625 0.33958333333333335
2 0.7359375 0.47604166666666664 0.021875 0.05625
2 0.203125 0.47708333333333336 0.021875 0.06875
2 0.184375 0.47604166666666664 0.01875 0.06458333333333334
0 0.4265625 0.4791666666666667 0.059375 0.06458333333333334
0 0.48359375 0.465625 0.0359375 0.0375
0 0.37265625 0.4791666666666667 0.0484375 0.04479166666666667
2 0.7046875 0.46979166666666666 0.01875 0.06041666666666667
2 0.69296875 0.46979166666666666 0.0140625 0.06041666666666667
2 0.26484375 0.4635416666666667 0.0203125 0.053125
2 0.5375 0.46041666666666664 0.015625 0.029166666666666667
0 0.3984375 0.46770833333333334 0.03125 0.0375