0 0.91875 0.5739583333333333 0.159375 0.28541666666666665
2 0.7875 0.5291666666666667 0.059375 0.28541666666666665
0 0.7484375 0.5114583333333333 0.0375 0.14791666666666667
0 0.73515625 0.47708333333333336 0.2640625 0.17604166666666668
0 0.565625 0.478125 0.08125 0.09791666666666667
0 0.51796875 0.47708333333333336 0.1234375 0.07604166666666666
0 0.44296875 0.4739583333333333 0.0796875 0.06041666666666667
2 0.39296875 0.4708333333333333 0.0234375 0.06666666666666667
0 0.3625 0.4666666666666667 0.034375 0.05416666666666667
0 0.3328125 0.47604166666666664 0.025 0.03333333333333333
0 0.30390625 0.4666666666666667 0.0328125 0.035416666666666666
0 0.25390625 0.475 0.0421875 0.058333333333333334
0 0.19921875 0.4895833333333333 0.1046875 0.11875
0 0.17265625 0.5020833333333333 0.0578125 0.12916666666666668
0 0.03203125 0.5072916666666667 0.0640625 0.23645833333333333
0 0.91015625 0.45208333333333334 0.1765625 0.22083333333333333