0 0.92265625 0.44895833333333335 0.1390625 0.140625
0 0.94765625 0.4895833333333333 0.0859375 0.1
2 0.8078125 0.48020833333333335 0.059375 0.203125
2 0.65625 0.4739583333333333 0.028125 0.115625
2 0.63203125 0.46770833333333334 0.0328125 0.12291666666666666
2 0.46171875 0.4666666666666667 0.0234375 0.058333333333333334
2 0.39453125 0.484375 0.0296875 0.09375
2 0.1703125 0.48020833333333335 0.021875 0.042708333333333334
2 0.12734375 0.4875 0.0203125 0.0375
2 0.553125 0.459375 0.01875 0.046875
2 0.575 0.45416666666666666 0.021875 0.06041666666666667
0 0.7296875 0.459375 0.034375 0.05416666666666667
0 0.8828125 0.4114583333333333 0.065625 0.040625