0 0.5171875 0.478125 0.034375 0.035416666666666666
2 0.475 0.4875 0.046875 0.09583333333333334
2 0.3390625 0.46979166666666666 0.025 0.09166666666666666
2 0.03125 0.4979166666666667 0.059375 0.25833333333333336
2 0.1203125 0.4979166666666667 0.071875 0.26979166666666665
2 0.1921875 0.47708333333333336 0.046875 0.14479166666666668
2 0.225 0.48541666666666666 0.0625 0.18541666666666667
2 0.26875 0.48541666666666666 0.0375 0.1625
2 0.3015625 0.49166666666666664 0.034375 0.178125
2 0.3921875 0.47291666666666665 0.025 0.058333333333333334
2 0.4359375 0.46875 0.01875 0.03958333333333333
2 0.4203125 0.46458333333333335 0.01875 0.042708333333333334
2 0.3578125 0.49166666666666664 0.01875 0.053125