0 0.059375 0.5520833333333334 0.115625 0.18541666666666667
0 0.13828125 0.50625 0.1328125 0.15625
0 0.24609375 0.4947916666666667 0.0578125 0.1
0 0.2953125 0.49583333333333335 0.05625 0.08229166666666667
0 0.33359375 0.48854166666666665 0.0484375 0.0625
0 0.38828125 0.478125 0.0453125 0.046875
0 0.77265625 0.47604166666666664 0.0921875 0.09166666666666666
0 0.83125 0.48020833333333335 0.075 0.09791666666666667
0 0.909375 0.46875 0.1375 0.11666666666666667
2 0.221875 0.5166666666666667 0.053125 0.15833333333333333
2 0.43984375 0.4708333333333333 0.0203125 0.058333333333333334
0 0.4546875 0.465625 0.01875 0.03333333333333333
0 0.4625 0.46041666666666664 0.021875 0.029166666666666667
0 0.48203125 0.46041666666666664 0.0203125 0.025
0 0.57578125 0.4635416666666667 0.0328125 0.03333333333333333
0 0.634375 0.46041666666666664 0.021875 0.035416666666666666
2 0.54921875 0.45625 0.0140625 0.040625
2 0.53828125 0.45729166666666665 0.0109375 0.03125
0 0.5296875 0.4583333333333333 0.01875 0.025