0 0.05 0.5020833333333333 0.1 0.08541666666666667
0 0.14375 0.5083333333333333 0.046875 0.078125
2 0.1078125 0.5416666666666666 0.046875 0.12291666666666666
0 0.16640625 0.48541666666666666 0.0703125 0.0875
0 0.31171875 0.475 0.0796875 0.042708333333333334
0 0.51171875 0.44479166666666664 0.0265625 0.029166666666666667
0 0.621875 0.4864583333333333 0.0625 0.0625
0 0.64375 0.5125 0.084375 0.0875
0 0.85859375 0.6416666666666667 0.2796875 0.303125
0 0.4453125 0.45625 0.025 0.025
0 0.58359375 0.48125 0.0359375 0.05625
0 0.2421875 0.4666666666666667 0.0375 0.05416666666666667