2 0.5625 0.48125 0.028125 0.06875
2 0.5265625 0.47291666666666665 0.025 0.0625
2 0.478125 0.4625 0.01875 0.05416666666666667
0 0.88984375 0.6739583333333333 0.2109375 0.34791666666666665
0 0.7125 0.5208333333333334 0.159375 0.1625
0 0.63125 0.490625 0.05625 0.08541666666666667
0 0.39453125 0.46875 0.0515625 0.06666666666666667
0 0.34921875 0.49270833333333336 0.0734375 0.06875
0 0.275 0.528125 0.11875 0.10729166666666666
0 0.07890625 0.4895833333333333 0.1015625 0.084375
0 0.05625 0.634375 0.109375 0.20729166666666668
0 0.02421875 0.490625 0.0484375 0.08541666666666667
0 0.42890625 0.4625 0.0234375 0.046875
0 0.43671875 0.459375 0.0203125 0.03958333333333333
0 0.459375 0.446875 0.021875 0.027083333333333334