1 0.13984375 0.6270833333333333 0.0671875 0.051041666666666666
2 0.19765625 0.5395833333333333 0.0703125 0.18958333333333333
2 0.13515625 0.4895833333333333 0.0765625 0.25625
2 0.1953125 0.39166666666666666 0.065625 0.1
2 0.36640625 0.4322916666666667 0.0453125 0.12291666666666666
2 0.27734375 0.47291666666666665 0.0703125 0.12083333333333333
2 0.34609375 0.38125 0.0515625 0.08541666666666667
2 0.4015625 0.40729166666666666 0.04375 0.115625
2 0.425 0.4041666666666667 0.03125 0.10208333333333333
2 0.33515625 0.540625 0.1296875 0.23854166666666668
2 0.01953125 0.440625 0.0359375 0.115625
2 0.053125 0.44583333333333336 0.03125 0.10729166666666666