2 0.99375 0.465625 0.009375 0.15
2 0.959375 0.46770833333333334 0.046875 0.165625
2 0.909375 0.478125 0.034375 0.140625
2 0.84296875 0.48333333333333334 0.0265625 0.103125
2 0.81875 0.478125 0.028125 0.109375
2 0.7890625 0.48020833333333335 0.028125 0.11354166666666667
2 0.775 0.4791666666666667 0.021875 0.09166666666666666
2 0.75703125 0.4791666666666667 0.0234375 0.09166666666666666
2 0.73125 0.4791666666666667 0.021875 0.084375
2 0.71171875 0.48541666666666666 0.0203125 0.071875
2 0.70234375 0.49166666666666664 0.0203125 0.06458333333333334
2 0.6859375 0.49166666666666664 0.01875 0.0625
2 0.6359375 0.5010416666666667 0.021875 0.03333333333333333
2 0.6125 0.503125 0.01875 0.029166666666666667
2 0.5890625 0.484375 0.028125 0.05416666666666667
0 0.47734375 0.5239583333333333 0.0421875 0.029166666666666667
2 0.190625 0.521875 0.01875 0.058333333333333334
2 0.178125 0.521875 0.01875 0.0625
2 0.09921875 0.5166666666666667 0.0234375 0.07604166666666666
2 0.0703125 0.5135416666666667 0.025 0.078125