0 0.95 0.521875 0.096875 0.16770833333333332
0 0.884375 0.48020833333333335 0.225 0.19166666666666668
0 0.809375 0.475 0.140625 0.15208333333333332
0 0.5984375 0.49166666666666664 0.2375 0.3125
0 0.73203125 0.48854166666666665 0.0203125 0.058333333333333334
2 0.45546875 0.484375 0.0484375 0.16041666666666668
0 0.396875 0.4635416666666667 0.11875 0.15416666666666667
0 0.36875 0.49166666666666664 0.040625 0.12916666666666668
0 0.26796875 0.46875 0.1921875 0.16770833333333332
2 0.109375 0.534375 0.146875 0.415625
0 0.0234375 0.484375 0.046875 0.25833333333333336
0 0.21484375 0.4875 0.2203125 0.240625