0 0.47265625 0.465625 0.0578125 0.04479166666666667
0 0.75390625 0.47291666666666665 0.0453125 0.08541666666666667
0 0.653125 0.46458333333333335 0.040625 0.035416666666666666
2 0.68515625 0.5145833333333333 0.0578125 0.18541666666666667
2 0.5453125 0.509375 0.028125 0.11354166666666667
2 0.021875 0.5229166666666667 0.040625 0.1875
0 0.290625 0.45416666666666666 0.096875 0.071875
0 0.19453125 0.43854166666666666 0.0921875 0.053125
0 0.50390625 0.4635416666666667 0.0234375 0.0375
0 0.5203125 0.4625 0.021875 0.035416666666666666
0 0.58828125 0.46458333333333335 0.0265625 0.022916666666666665