2 0.95 0.44479166666666664 0.065625 0.09166666666666666
2 0.73515625 0.4947916666666667 0.0421875 0.115625
2 0.68671875 0.48541666666666666 0.0453125 0.11875
2 0.625 0.4895833333333333 0.034375 0.11875
2 0.59375 0.484375 0.040625 0.11666666666666667
2 0.55625 0.4864583333333333 0.028125 0.10520833333333333
0 0.33203125 0.48541666666666666 0.0734375 0.07604166666666666
0 0.10390625 0.5395833333333333 0.2046875 0.275
0 0.421875 0.48854166666666665 0.046875 0.042708333333333334
2 0.52890625 0.48854166666666665 0.0265625 0.0625
2 0.503125 0.4895833333333333 0.025 0.05625
2 0.48046875 0.48854166666666665 0.0234375 0.046875
2 0.46796875 0.48854166666666665 0.0203125 0.051041666666666666
0 0.38984375 0.48854166666666665 0.0296875 0.027083333333333334