0 0.27890625 0.5125 0.1171875 0.115625
0 0.33046875 0.48854166666666665 0.0828125 0.10208333333333333
0 0.39140625 0.48020833333333335 0.0703125 0.08541666666666667
0 0.44609375 0.47604166666666664 0.0421875 0.0375
0 0.93515625 0.5208333333333334 0.1265625 0.12291666666666666
0 0.896875 0.5135416666666667 0.115625 0.10208333333333333
0 0.765625 0.49166666666666664 0.075 0.08541666666666667
2 0.69375 0.48541666666666666 0.01875 0.071875
2 0.5015625 0.46145833333333336 0.01875 0.040625
2 0.52265625 0.4625 0.0203125 0.03958333333333333
0 0.1109375 0.528125 0.21875 0.259375
0 0.46875 0.46770833333333334 0.03125 0.0375
0 0.80078125 0.50625 0.0609375 0.07083333333333333
0 0.98359375 0.5302083333333333 0.0296875 0.115625
0 0.56484375 0.46875 0.0296875 0.03125
2 0.5859375 0.4635416666666667 0.015625 0.0375