2 0.58984375 0.48020833333333335 0.0671875 0.125
2 0.4609375 0.5947916666666667 0.175 0.4041666666666667
2 0.20078125 0.6479166666666667 0.1453125 0.28125
2 0.28046875 0.46458333333333335 0.0234375 0.07395833333333333
2 0.29765625 0.45729166666666665 0.0203125 0.06666666666666667
0 0.74453125 0.465625 0.0859375 0.05625
2 0.984375 0.44166666666666665 0.025 0.06666666666666667
2 0.93984375 0.4395833333333333 0.0203125 0.027083333333333334
2 0.9203125 0.43854166666666666 0.021875 0.025
2 0.146875 0.44166666666666665 0.025 0.03958333333333333
2 0.01796875 0.453125 0.0265625 0.051041666666666666
2 0.31171875 0.4583333333333333 0.0203125 0.06041666666666667
0 0.48359375 0.45 0.0203125 0.025
2 0.49765625 0.45208333333333334 0.0140625 0.0375
2 0.5078125 0.45208333333333334 0.0125 0.040625