2 0.759375 0.6010416666666667 0.0875 0.2875
2 0.28515625 0.6291666666666667 0.0921875 0.27708333333333335
0 0.8265625 0.5864583333333333 0.10625 0.16979166666666667
0 0.71015625 0.5864583333333333 0.0609375 0.16979166666666667
0 0.68359375 0.5166666666666667 0.1046875 0.146875
0 0.62265625 0.48125 0.0671875 0.07604166666666666
0 0.41328125 0.46875 0.0484375 0.051041666666666666
0 0.3578125 0.490625 0.071875 0.06666666666666667
0 0.209375 0.5072916666666667 0.121875 0.084375
0 0.225 0.5333333333333333 0.08125 0.11666666666666667
0 0.48828125 0.45729166666666665 0.0453125 0.035416666666666666
0 0.44609375 0.45416666666666666 0.0328125 0.053125
0 0.44140625 0.4625 0.0265625 0.051041666666666666
0 0.84140625 0.4947916666666667 0.1359375 0.07604166666666666