2 0.7640625 0.4395833333333333 0.021875 0.035416666666666666
2 0.7390625 0.434375 0.01875 0.03333333333333333
2 0.65 0.4625 0.01875 0.03125
0 0.88125 0.5572916666666666 0.234375 0.446875
0 0.73125 0.5145833333333333 0.159375 0.13125
0 0.54921875 0.4666666666666667 0.0859375 0.10520833333333333
0 0.50546875 0.4875 0.0953125 0.11145833333333334
0 0.41015625 0.47291666666666665 0.0296875 0.03125
0 0.3765625 0.4666666666666667 0.04375 0.022916666666666665
0 0.25 0.49166666666666664 0.1125 0.09791666666666667
0 0.15625 0.5052083333333334 0.0875 0.11875
0 0.05390625 0.490625 0.1078125 0.19166666666666668
0 0.33125 0.47604166666666664 0.034375 0.029166666666666667