2 0.6234375 0.5354166666666667 0.0375 0.17604166666666668
2 0.53125 0.5291666666666667 0.05 0.15208333333333332
0 0.72109375 0.5635416666666667 0.1578125 0.16979166666666667
0 0.44453125 0.46458333333333335 0.0515625 0.0625
0 0.3921875 0.46875 0.046875 0.046875
0 0.33671875 0.490625 0.0609375 0.07083333333333333
0 0.2984375 0.5052083333333334 0.0625 0.084375
0 0.2671875 0.521875 0.06875 0.09375
0 0.1953125 0.5375 0.115625 0.13333333333333333
0 0.10078125 0.5885416666666666 0.1609375 0.15833333333333333
0 0.04140625 0.6260416666666667 0.0796875 0.16979166666666667
0 0.57578125 0.47708333333333336 0.0484375 0.05625