2 0.0390625 0.47708333333333336 0.03125 0.103125
2 0.071875 0.46770833333333334 0.03125 0.12291666666666666
2 0.11796875 0.4708333333333333 0.0296875 0.11666666666666667
2 0.14375 0.4666666666666667 0.021875 0.125
2 0.16796875 0.46458333333333335 0.0234375 0.125
0 0.68203125 0.49166666666666664 0.0578125 0.040625
0 0.72578125 0.48333333333333334 0.0328125 0.0375
0 0.74765625 0.49166666666666664 0.0296875 0.035416666666666666
0 0.87578125 0.5052083333333334 0.2328125 0.1
0 0.6359375 0.5114583333333333 0.025 0.08229166666666667
0 0.53515625 0.5260416666666666 0.1796875 0.165625