0 0.128125 0.7375 0.25 0.396875
0 0.20625 0.5822916666666667 0.25 0.22708333333333333
0 0.33203125 0.5520833333333334 0.0671875 0.134375
0 0.34609375 0.5166666666666667 0.0796875 0.09166666666666666
0 0.621875 0.4864583333333333 0.05 0.058333333333333334
0 0.66015625 0.5020833333333333 0.0671875 0.07083333333333333
0 0.73359375 0.528125 0.0828125 0.1
0 0.803125 0.559375 0.1 0.11875
0 0.91328125 0.5895833333333333 0.1703125 0.1875
0 0.47890625 0.46458333333333335 0.0546875 0.06666666666666667
2 0.58359375 0.471875 0.0203125 0.053125
0 0.234375 0.44895833333333335 0.04375 0.027083333333333334
0 0.19375 0.4427083333333333 0.06875 0.040625
0 0.14296875 0.4479166666666667 0.1234375 0.0375
0 0.4234375 0.46875 0.028125 0.05416666666666667
0 0.3875 0.47708333333333336 0.071875 0.084375
0 0.540625 0.4510416666666667 0.025 0.027083333333333334
0 0.57890625 0.459375 0.0421875 0.03958333333333333
0 0.97734375 0.6604166666666667 0.0421875 0.140625