0 0.0546875 0.49166666666666664 0.109375 0.13333333333333333
0 0.1265625 0.4822916666666667 0.1125 0.078125
0 0.1875 0.4625 0.1625 0.09375
0 0.27421875 0.4583333333333333 0.0703125 0.06041666666666667
0 0.57109375 0.46979166666666666 0.0734375 0.05625
0 0.653125 0.471875 0.103125 0.084375
0 0.65078125 0.49895833333333334 0.0453125 0.05625
0 0.8328125 0.49166666666666664 0.33125 0.21666666666666667
0 0.890625 0.5135416666666667 0.2125 0.23854166666666668
2 0.33125 0.45625 0.0125 0.04479166666666667
2 0.359375 0.45729166666666665 0.015625 0.051041666666666666
0 0.57265625 0.48125 0.0578125 0.04479166666666667
0 0.53671875 0.4625 0.0140625 0.019791666666666666
0 0.27734375 0.46875 0.0546875 0.05416666666666667