0 0.9078125 0.6 0.175 0.16770833333333332
0 0.78828125 0.5385416666666667 0.1328125 0.134375
0 0.7078125 0.5010416666666667 0.10625 0.13125
0 0.3828125 0.490625 0.05625 0.06666666666666667
0 0.34453125 0.5083333333333333 0.0734375 0.109375
0 0.27109375 0.55 0.1984375 0.19375
0 0.07890625 0.740625 0.1546875 0.33229166666666665
0 0.4828125 0.45416666666666666 0.04375 0.03333333333333333
2 0.41953125 0.475 0.0203125 0.08229166666666667
2 0.43359375 0.47708333333333336 0.0234375 0.078125
2 0.446875 0.47604166666666664 0.025 0.07604166666666666
0 0.5984375 0.46875 0.040625 0.058333333333333334
0 0.65234375 0.5041666666666667 0.0296875 0.078125
0 0.6203125 0.47708333333333336 0.028125 0.058333333333333334
0 0.6328125 0.4875 0.028125 0.06458333333333334
0 0.64296875 0.49166666666666664 0.0265625 0.071875
0 0.94375 0.459375 0.071875 0.03958333333333333
0 0.5578125 0.4479166666666667 0.025 0.03333333333333333