2 0.98515625 0.5083333333333333 0.0234375 0.109375
2 0.946875 0.49270833333333336 0.028125 0.12291666666666666
2 0.9125 0.5041666666666667 0.034375 0.125
2 0.828125 0.484375 0.021875 0.03958333333333333
2 0.79765625 0.5052083333333334 0.0359375 0.12291666666666666
2 0.7734375 0.5166666666666667 0.01875 0.09583333333333334
2 0.74296875 0.515625 0.0234375 0.08541666666666667
2 0.72734375 0.5229166666666667 0.0203125 0.07604166666666666
2 0.7109375 0.5208333333333334 0.025 0.0875
2 0.68671875 0.5208333333333334 0.0265625 0.0875
2 0.659375 0.5229166666666667 0.01875 0.06458333333333334
2 0.640625 0.5239583333333333 0.01875 0.06041666666666667
2 0.621875 0.5260416666666666 0.01875 0.06041666666666667
2 0.60625 0.528125 0.021875 0.05625
2 0.59296875 0.521875 0.0203125 0.051041666666666666
2 0.5828125 0.5239583333333333 0.01875 0.05625
2 0.57265625 0.51875 0.0203125 0.053125
0 0.4421875 0.5010416666666667 0.046875 0.025
0 0.41015625 0.5395833333333333 0.0421875 0.06875
2 0.53046875 0.515625 0.0203125 0.042708333333333334
0 0.4640625 0.5385416666666667 0.09375 0.09166666666666666
0 0.33359375 0.525 0.0515625 0.042708333333333334
2 0.28125 0.53125 0.01875 0.05416666666666667
2 0.259375 0.5197916666666667 0.0125 0.046875
2 0.2484375 0.5208333333333334 0.015625 0.04479166666666667
2 0.2234375 0.5239583333333333 0.015625 0.04479166666666667
0 0.18203125 0.55 0.0328125 0.040625
0 0.1484375 0.5385416666666667 0.021875 0.053125
0 0.37734375 0.5208333333333334 0.0234375 0.040625