0 0.27265625 0.5354166666666667 0.1296875 0.12916666666666668
0 0.59921875 0.496875 0.0515625 0.06458333333333334
0 0.6234375 0.5010416666666667 0.034375 0.06875
0 0.66875 0.503125 0.075 0.1
0 0.74453125 0.51875 0.1421875 0.10729166666666666
0 0.915625 0.5364583333333334 0.165625 0.24791666666666667
2 0.565625 0.48854166666666665 0.021875 0.07083333333333333
2 0.546875 0.49375 0.021875 0.06666666666666667
2 0.38984375 0.4947916666666667 0.0234375 0.103125
2 0.403125 0.49583333333333335 0.03125 0.109375
2 0.35 0.5114583333333333 0.0625 0.1875
0 0.53515625 0.47291666666666665 0.0296875 0.03958333333333333
0 0.44609375 0.4791666666666667 0.0328125 0.03333333333333333
0 0.1421875 0.5104166666666666 0.028125 0.053125