2 0.6390625 0.48333333333333334 0.01875 0.10729166666666666
2 0.62421875 0.49583333333333335 0.0234375 0.125
2 0.675 0.5114583333333333 0.05625 0.19166666666666668
0 0.1140625 0.46041666666666664 0.13125 0.09166666666666666
0 0.13046875 0.5302083333333333 0.2359375 0.165625
0 0.36015625 0.4895833333333333 0.0859375 0.06875
0 0.41171875 0.4739583333333333 0.0328125 0.06041666666666667
0 0.48828125 0.45729166666666665 0.0328125 0.03958333333333333
0 0.8171875 0.49166666666666664 0.08125 0.09166666666666666
0 0.9046875 0.4822916666666667 0.053125 0.078125
0 0.7546875 0.5364583333333334 0.125 0.115625
0 0.903125 0.646875 0.190625 0.27708333333333335
2 0.37421875 0.44375 0.0234375 0.022916666666666665
0 0.371875 0.440625 0.046875 0.025
0 0.425 0.47708333333333336 0.03125 0.046875
0 0.434375 0.46770833333333334 0.040625 0.053125
0 0.4546875 0.4635416666666667 0.03125 0.04479166666666667
0 0.50546875 0.45416666666666666 0.0203125 0.025
0 0.74140625 0.4583333333333333 0.0796875 0.040625
0 0.596875 0.45208333333333334 0.025 0.029166666666666667