2 0.753125 0.47604166666666664 0.05 0.15416666666666667
2 0.7140625 0.47708333333333336 0.0375 0.15
2 0.6734375 0.47708333333333336 0.0375 0.14791666666666667
0 0.8109375 0.4625 0.05625 0.078125
0 0.92734375 0.446875 0.1421875 0.140625
0 0.93671875 0.503125 0.1203125 0.15833333333333333
2 0.6296875 0.45625 0.028125 0.06458333333333334
2 0.61015625 0.46041666666666664 0.0265625 0.06458333333333334
2 0.3453125 0.47291666666666665 0.021875 0.058333333333333334
2 0.12734375 0.490625 0.0203125 0.03958333333333333
2 0.59140625 0.46041666666666664 0.0265625 0.06666666666666667
0 0.45703125 0.4625 0.0390625 0.035416666666666666