2 0.734375 0.46979166666666666 0.021875 0.05625
2 0.715625 0.46875 0.01875 0.05416666666666667
0 0.18125 0.5729166666666666 0.190625 0.1625
0 0.27421875 0.5354166666666667 0.0984375 0.10208333333333333
0 0.3171875 0.50625 0.06875 0.078125
2 0.44140625 0.4583333333333333 0.0203125 0.040625
2 0.621875 0.4552083333333333 0.021875 0.035416666666666666
0 0.421875 0.4635416666666667 0.025 0.03333333333333333
0 0.2109375 0.4666666666666667 0.0375 0.035416666666666666
0 0.1703125 0.46041666666666664 0.05 0.04479166666666667
0 0.5046875 0.45 0.025 0.025