2 0.0765625 0.4666666666666667 0.01875 0.07083333333333333
2 0.0609375 0.4666666666666667 0.01875 0.07083333333333333
2 0.390625 0.465625 0.021875 0.084375
2 0.5734375 0.4510416666666667 0.01875 0.07083333333333333
2 0.58984375 0.453125 0.0203125 0.07083333333333333
2 0.6140625 0.4510416666666667 0.021875 0.07083333333333333
2 0.6765625 0.44895833333333335 0.025 0.07395833333333333
2 0.65390625 0.4510416666666667 0.0265625 0.07395833333333333
0 0.503125 0.4583333333333333 0.04375 0.04479166666666667
0 0.24609375 0.46770833333333334 0.0578125 0.053125
2 0.18359375 0.4635416666666667 0.0203125 0.06041666666666667
2 0.209375 0.4625 0.01875 0.051041666666666666