0 0.78359375 0.521875 0.2578125 0.18333333333333332
0 0.6375 0.45625 0.0625 0.05625
0 0.29140625 0.4739583333333333 0.0296875 0.071875
0 0.23046875 0.4864583333333333 0.1171875 0.11666666666666667
2 0.50703125 0.46979166666666666 0.0296875 0.07604166666666666
2 0.32734375 0.46458333333333335 0.0359375 0.08541666666666667
2 0.11484375 0.46041666666666664 0.0265625 0.078125
2 0.57734375 0.4708333333333333 0.0359375 0.08229166666666667
2 0.55078125 0.45416666666666666 0.0203125 0.053125
2 0.471875 0.4708333333333333 0.0375 0.078125
2 0.43359375 0.4552083333333333 0.0203125 0.051041666666666666