0 0.628125 0.4510416666666667 0.1375 0.140625
2 0.521875 0.35 0.015625 0.03125
0 0.48046875 0.35 0.0265625 0.027083333333333334
0 0.4625 0.340625 0.01875 0.025
0 0.428125 0.334375 0.015625 0.022916666666666665
0 0.4078125 0.3375 0.021875 0.027083333333333334
2 0.38125 0.375 0.01875 0.03958333333333333
0 0.3890625 0.34270833333333334 0.021875 0.025
0 0.46953125 0.3958333333333333 0.0640625 0.071875
0 0.28671875 0.40208333333333335 0.0828125 0.08229166666666667
0 0.18125 0.44583333333333336 0.134375 0.134375