0 0.93203125 0.625 0.1328125 0.203125
2 0.79609375 0.5510416666666667 0.0484375 0.13333333333333333
0 0.8453125 0.5572916666666666 0.078125 0.146875
0 0.7609375 0.5354166666666667 0.0625 0.09791666666666667
0 0.73671875 0.5083333333333333 0.1015625 0.125
0 0.68125 0.49375 0.05625 0.09375
0 0.65078125 0.490625 0.0421875 0.06666666666666667
0 0.625 0.47291666666666665 0.040625 0.0625
0 0.4 0.471875 0.059375 0.06458333333333334
0 0.3984375 0.5020833333333333 0.034375 0.06666666666666667
0 0.3484375 0.5114583333333333 0.1 0.09791666666666667
0 0.315625 0.553125 0.128125 0.12083333333333333
0 0.20625 0.6072916666666667 0.23125 0.21041666666666667
0 0.571875 0.4479166666666667 0.025 0.040625
0 0.584375 0.4583333333333333 0.021875 0.040625
0 0.55625 0.44583333333333336 0.021875 0.03333333333333333
0 0.45234375 0.45 0.0359375 0.040625
0 0.43203125 0.4625 0.0421875 0.05416666666666667
2 0.47265625 0.4510416666666667 0.0203125 0.042708333333333334
2 0.48828125 0.44583333333333336 0.0203125 0.040625