2 0.23046875 0.5104166666666666 0.0328125 0.06875
2 0.56796875 0.5072916666666667 0.0328125 0.06458333333333334
2 0.725 0.525 0.03125 0.109375
2 0.76796875 0.5239583333333333 0.0296875 0.11875
2 0.79609375 0.5395833333333333 0.0296875 0.1
2 0.83515625 0.5541666666666667 0.0296875 0.11875
2 0.87578125 0.5479166666666667 0.0453125 0.13125
2 0.9140625 0.54375 0.03125 0.146875
2 0.9359375 0.5322916666666667 0.03125 0.11875
2 0.96953125 0.5552083333333333 0.0421875 0.13125
0 0.49296875 0.565625 0.1484375 0.15416666666666667
0 0.44921875 0.4895833333333333 0.0296875 0.0375