0 0.0625 0.6385416666666667 0.121875 0.30833333333333335
2 0.078125 0.4395833333333333 0.015625 0.042708333333333334
2 0.13359375 0.4395833333333333 0.0203125 0.06666666666666667
2 0.14765625 0.44583333333333336 0.0203125 0.0625
2 0.15546875 0.44583333333333336 0.0140625 0.05416666666666667
2 0.27890625 0.46979166666666666 0.0171875 0.08020833333333334
2 0.309375 0.4666666666666667 0.0125 0.05416666666666667
2 0.3296875 0.471875 0.025 0.071875
2 0.365625 0.4666666666666667 0.01875 0.046875
2 0.41640625 0.4625 0.0109375 0.035416666666666666
0 0.4515625 0.478125 0.065625 0.07083333333333333
0 0.55078125 0.46458333333333335 0.0484375 0.051041666666666666
0 0.5828125 0.459375 0.021875 0.022916666666666665
0 0.596875 0.46458333333333335 0.015625 0.019791666666666666
0 0.6171875 0.4625 0.025 0.027083333333333334
0 0.6984375 0.48020833333333335 0.040625 0.046875
0 0.6625 0.4625 0.015625 0.015625
0 0.83203125 0.4979166666666667 0.0984375 0.109375
0 0.921875 0.5291666666666667 0.15625 0.140625
0 0.7515625 0.4822916666666667 0.071875 0.078125