2 0.325 0.5239583333333333 0.046875 0.165625
2 0.10703125 0.478125 0.0453125 0.06666666666666667
2 0.0484375 0.521875 0.04375 0.14479166666666668
2 0.01328125 0.5145833333333333 0.0265625 0.1625
0 0.17265625 0.5260416666666666 0.2171875 0.15416666666666667
2 0.740625 0.48125 0.0375 0.084375
0 0.70234375 0.47291666666666665 0.0671875 0.07083333333333333
0 0.575 0.47708333333333336 0.034375 0.035416666666666666
0 0.77109375 0.4708333333333333 0.0265625 0.027083333333333334
0 0.66484375 0.4822916666666667 0.0234375 0.035416666666666666
2 0.634375 0.46770833333333334 0.01875 0.0375
2 0.9 0.46979166666666666 0.015625 0.040625