0 0.60859375 0.47708333333333336 0.0671875 0.058333333333333334
0 0.7453125 0.475 0.059375 0.051041666666666666
0 0.7046875 0.46979166666666666 0.0375 0.04895833333333333
0 0.6921875 0.4625 0.034375 0.046875
0 0.4859375 0.471875 0.046875 0.04479166666666667
2 0.96796875 0.48333333333333334 0.0203125 0.071875
0 0.51015625 0.46875 0.0203125 0.042708333333333334
0 0.5203125 0.4625 0.021875 0.042708333333333334
0 0.5359375 0.4635416666666667 0.01875 0.029166666666666667
0 0.5484375 0.4635416666666667 0.01875 0.029166666666666667
0 0.56640625 0.46041666666666664 0.0203125 0.025
0 0.6703125 0.4666666666666667 0.0125 0.042708333333333334
0 0.6609375 0.4635416666666667 0.0125 0.0375
0 0.64765625 0.46041666666666664 0.0140625 0.035416666666666666