2 0.45859375 0.46875 0.0234375 0.07083333333333333
2 0.44453125 0.4666666666666667 0.0234375 0.07083333333333333
0 0.2609375 0.478125 0.065625 0.058333333333333334
0 0.30703125 0.4739583333333333 0.0484375 0.040625
0 0.515625 0.484375 0.05 0.042708333333333334
0 0.50078125 0.46770833333333334 0.0484375 0.053125
0 0.7703125 0.44583333333333336 0.071875 0.025
0 0.84453125 0.4322916666666667 0.0859375 0.03333333333333333
2 0.14921875 0.4635416666666667 0.0234375 0.071875
2 0.128125 0.46041666666666664 0.028125 0.078125
2 0.0265625 0.46458333333333335 0.028125 0.08229166666666667