2 0.18125 0.5135416666666667 0.0375 0.12083333333333333
2 0.17109375 0.5041666666666667 0.0359375 0.13333333333333333
0 0.11640625 0.48854166666666665 0.0796875 0.078125
0 0.22578125 0.48333333333333334 0.0671875 0.0875
0 0.76171875 0.46458333333333335 0.0703125 0.09791666666666667
0 0.83359375 0.4625 0.0546875 0.10208333333333333
2 0.8640625 0.478125 0.046875 0.12916666666666668
0 0.309375 0.46770833333333334 0.0625 0.06041666666666667
0 0.5515625 0.625 0.5375 0.49166666666666664
0 0.9828125 0.7364583333333333 0.028125 0.23854166666666668
0 0.01171875 0.5645833333333333 0.0234375 0.12916666666666668