0 0.0796875 0.546875 0.159375 0.171875
0 0.228125 0.465625 0.05 0.05625
0 0.29921875 0.47291666666666665 0.0453125 0.03958333333333333
0 0.403125 0.46979166666666666 0.04375 0.04479166666666667
0 0.5828125 0.47604166666666664 0.053125 0.05625
0 0.78125 0.5552083333333333 0.234375 0.21666666666666667
0 0.88046875 0.6822916666666666 0.2359375 0.3885416666666667
2 0.5390625 0.4666666666666667 0.01875 0.051041666666666666
2 0.528125 0.465625 0.01875 0.053125
2 0.43984375 0.46458333333333335 0.0203125 0.046875
0 0.35859375 0.475 0.0546875 0.0625
0 0.12578125 0.47291666666666665 0.1109375 0.06666666666666667
0 0.15625 0.46041666666666664 0.078125 0.0625
0 0.45859375 0.45625 0.0203125 0.029166666666666667