2 0.62421875 0.49166666666666664 0.0546875 0.165625
0 0.57578125 0.490625 0.0578125 0.14479166666666668
0 0.48828125 0.4822916666666667 0.0484375 0.05416666666666667
0 0.7109375 0.4947916666666667 0.0875 0.146875
0 0.740625 0.5020833333333333 0.084375 0.15625
0 0.85078125 0.5822916666666667 0.2953125 0.296875
0 0.3828125 0.4791666666666667 0.028125 0.053125
0 0.3015625 0.503125 0.046875 0.09166666666666666
0 0.2421875 0.5 0.10625 0.14479166666666668
0 0.10859375 0.5260416666666666 0.2078125 0.228125
0 0.43125 0.47708333333333336 0.03125 0.0375