0 0.553125 0.46145833333333336 0.04375 0.053125
0 0.51328125 0.4322916666666667 0.0328125 0.03333333333333333
0 0.4421875 0.43020833333333336 0.021875 0.029166666666666667
0 0.5828125 0.47708333333333336 0.065625 0.06458333333333334
2 0.8453125 0.4875 0.040625 0.12291666666666666
2 0.0734375 0.4583333333333333 0.034375 0.04479166666666667
2 0.246875 0.45 0.01875 0.053125
2 0.33671875 0.44583333333333336 0.0234375 0.042708333333333334
2 0.03828125 0.5104166666666666 0.0296875 0.1
2 0.0234375 0.5083333333333333 0.03125 0.1
2 0.9671875 0.47708333333333336 0.021875 0.10729166666666666