2 0.47109375 0.46458333333333335 0.0203125 0.058333333333333334
0 0.0484375 0.8447916666666667 0.090625 0.240625
0 0.12890625 0.6697916666666667 0.2546875 0.25833333333333336
0 0.25390625 0.5479166666666667 0.2171875 0.196875
0 0.34921875 0.5197916666666667 0.0546875 0.09791666666666667
0 0.38671875 0.49375 0.0765625 0.10520833333333333
0 0.6421875 0.4791666666666667 0.0625 0.0875
0 0.678125 0.4979166666666667 0.0625 0.08541666666666667
0 0.71328125 0.5145833333333333 0.0671875 0.09166666666666666
0 0.76171875 0.5322916666666667 0.0953125 0.115625
0 0.83125 0.565625 0.134375 0.146875
2 0.9171875 0.5010416666666667 0.0375 0.06041666666666667
0 0.9296875 0.6052083333333333 0.134375 0.23854166666666668
2 0.4515625 0.4635416666666667 0.021875 0.06041666666666667
0 0.5921875 0.4583333333333333 0.03125 0.040625
0 0.5703125 0.45625 0.025 0.03333333333333333
0 0.559375 0.45208333333333334 0.01875 0.029166666666666667
0 0.075 0.496875 0.0875 0.06041666666666667