2 0.6265625 0.4635416666666667 0.021875 0.09166666666666666
2 0.60546875 0.4625 0.0265625 0.09375
2 0.6953125 0.46770833333333334 0.028125 0.12708333333333333
2 0.1875 0.48854166666666665 0.021875 0.08541666666666667
2 0.1703125 0.49166666666666664 0.021875 0.06666666666666667
0 0.83203125 0.47291666666666665 0.0265625 0.07083333333333333
0 0.80859375 0.459375 0.0578125 0.07395833333333333
0 0.925 0.4479166666666667 0.14375 0.13854166666666667
0 0.9515625 0.4895833333333333 0.09375 0.12708333333333333
2 0.4765625 0.45729166666666665 0.0125 0.035416666666666666
2 0.4640625 0.45729166666666665 0.01875 0.042708333333333334
2 0.4515625 0.46458333333333335 0.021875 0.0625
2 0.40625 0.46041666666666664 0.01875 0.029166666666666667
2 0.12578125 0.48854166666666665 0.0203125 0.03125
0 0.73125 0.46145833333333336 0.0375 0.053125