0 0.484375 0.4625 0.028125 0.042708333333333334
0 0.46484375 0.4635416666666667 0.0234375 0.04479166666666667
0 0.44375 0.46875 0.046875 0.051041666666666666
0 0.5125 0.459375 0.03125 0.027083333333333334
0 0.5578125 0.4666666666666667 0.046875 0.042708333333333334
0 0.75234375 0.4635416666666667 0.0671875 0.06875
2 0.06796875 0.48020833333333335 0.0328125 0.10208333333333333
2 0.03671875 0.48541666666666666 0.0328125 0.0875
2 0.2984375 0.46041666666666664 0.034375 0.10729166666666666
2 0.925 0.4479166666666667 0.025 0.084375
2 0.959375 0.44895833333333335 0.025 0.08958333333333333