0 0.0875 0.6020833333333333 0.128125 0.16770833333333332
0 0.2484375 0.5666666666666667 0.109375 0.140625
2 0.17421875 0.575 0.0828125 0.22083333333333333
2 0.3640625 0.4739583333333333 0.034375 0.09166666666666666
2 0.38671875 0.478125 0.0234375 0.08229166666666667
2 0.64921875 0.459375 0.0234375 0.051041666666666666
2 0.66875 0.46041666666666664 0.021875 0.051041666666666666
0 0.4890625 0.49270833333333336 0.109375 0.1
0 0.56640625 0.4875 0.0796875 0.06458333333333334
0 0.89375 0.46041666666666664 0.04375 0.035416666666666666
0 0.9203125 0.45625 0.034375 0.040625
0 0.7109375 0.43854166666666666 0.040625 0.029166666666666667
0 0.60390625 0.46458333333333335 0.0796875 0.03958333333333333