2 0.80625 0.49375 0.028125 0.11354166666666667
2 0.834375 0.490625 0.03125 0.11666666666666667
2 0.89296875 0.4947916666666667 0.0359375 0.11875
2 0.0125 0.46145833333333336 0.021875 0.04479166666666667
0 0.3203125 0.503125 0.078125 0.1
0 0.4859375 0.48125 0.03125 0.0375
0 0.54375 0.5 0.078125 0.07395833333333333
0 0.209375 0.5135416666666667 0.184375 0.17916666666666667
2 0.084375 0.475 0.01875 0.042708333333333334
2 0.03828125 0.46875 0.0234375 0.03125
2 0.06484375 0.4875 0.0234375 0.07604166666666666
0 0.39296875 0.48125 0.0234375 0.025
0 0.4515625 0.4791666666666667 0.021875 0.025