0 0.021875 0.48333333333333334 0.040625 0.13125
0 0.05546875 0.4583333333333333 0.0546875 0.09583333333333334
0 0.196875 0.5770833333333333 0.346875 0.3416666666666667
0 0.3484375 0.4666666666666667 0.0375 0.0625
0 0.409375 0.4739583333333333 0.053125 0.09583333333333334
0 0.4640625 0.47604166666666664 0.078125 0.103125
0 0.496875 0.48333333333333334 0.04375 0.115625
0 0.6265625 0.4822916666666667 0.103125 0.10208333333333333
2 0.9125 0.55625 0.1625 0.5895833333333333
2 0.75625 0.5802083333333333 0.171875 0.5666666666666667
2 0.5640625 0.5041666666666667 0.046875 0.20729166666666668
2 0.5234375 0.5083333333333333 0.05 0.20104166666666667