2 0.7828125 0.6239583333333333 0.0875 0.3104166666666667
2 0.203125 0.6177083333333333 0.09375 0.25625
0 0.90078125 0.6635416666666667 0.1953125 0.228125
0 0.7140625 0.55625 0.06875 0.19166666666666668
0 0.8265625 0.5135416666666667 0.084375 0.09375
0 0.6484375 0.503125 0.096875 0.09583333333333334
0 0.34375 0.5083333333333333 0.090625 0.084375
0 0.4125 0.4739583333333333 0.046875 0.06041666666666667
0 0.13046875 0.5239583333333333 0.1109375 0.103125
0 0.43203125 0.4666666666666667 0.0265625 0.046875
0 0.45 0.46041666666666664 0.025 0.04479166666666667
0 0.4875 0.4635416666666667 0.05 0.0375
0 0.51640625 0.44479166666666664 0.0234375 0.025
0 0.60390625 0.478125 0.0296875 0.046875
0 0.9140625 0.5114583333333333 0.1625 0.09375
0 0.14140625 0.559375 0.0796875 0.13125
0 0.24375 0.5458333333333333 0.08125 0.10729166666666666
0 0.3796875 0.490625 0.046875 0.0625