0 0.2125 0.5385416666666667 0.1625 0.15833333333333333
0 0.303125 0.5083333333333333 0.071875 0.09791666666666667
0 0.33828125 0.4895833333333333 0.0734375 0.09166666666666666
0 0.3890625 0.47291666666666665 0.05 0.058333333333333334
0 0.640625 0.49375 0.075 0.07083333333333333
0 0.71875 0.540625 0.134375 0.12083333333333333
0 0.94453125 0.80625 0.1078125 0.27708333333333335
0 0.53515625 0.4270833333333333 0.0234375 0.025
2 0.64140625 0.44895833333333335 0.0234375 0.027083333333333334
0 0.459375 0.44583333333333336 0.034375 0.03333333333333333
0 0.43359375 0.45729166666666665 0.0328125 0.051041666666666666
0 0.1484375 0.47708333333333336 0.084375 0.06041666666666667
0 0.6734375 0.44895833333333335 0.034375 0.046875
0 0.74375 0.4583333333333333 0.040625 0.04479166666666667