2 0.80859375 0.4979166666666667 0.0234375 0.0625
2 0.94375 0.5041666666666667 0.03125 0.109375
2 0.83125 0.5052083333333334 0.021875 0.06875
2 0.146875 0.5177083333333333 0.021875 0.08958333333333333
2 0.16953125 0.521875 0.0203125 0.07395833333333333
0 0.51015625 0.528125 0.0671875 0.084375
0 0.775 0.5333333333333333 0.115625 0.08958333333333333
2 0.690625 0.5010416666666667 0.021875 0.04479166666666667
2 0.40703125 0.503125 0.0203125 0.04479166666666667
2 0.4203125 0.5020833333333333 0.01875 0.042708333333333334
2 0.30625 0.4979166666666667 0.01875 0.027083333333333334
2 0.290625 0.49583333333333335 0.01875 0.022916666666666665