0 0.971875 0.578125 0.053125 0.16770833333333332
0 0.890625 0.534375 0.19375 0.19375
0 0.71484375 0.490625 0.0859375 0.10520833333333333
0 0.28359375 0.5489583333333333 0.1328125 0.140625
0 0.165625 0.5947916666666667 0.325 0.23229166666666667
0 0.07421875 0.7729166666666667 0.1359375 0.24791666666666667
2 0.78671875 0.5083333333333333 0.0515625 0.18333333333333332
2 0.44375 0.4666666666666667 0.01875 0.058333333333333334
0 0.32265625 0.521875 0.1015625 0.12083333333333333
0 0.3671875 0.5104166666666666 0.05 0.09583333333333334
0 0.3578125 0.48125 0.096875 0.09583333333333334
0 0.4125 0.48333333333333334 0.04375 0.053125
0 0.65546875 0.478125 0.0578125 0.08229166666666667
0 0.62578125 0.4739583333333333 0.0359375 0.06041666666666667
0 0.59375 0.465625 0.03125 0.053125
0 0.5671875 0.465625 0.025 0.0375
0 0.55859375 0.46145833333333336 0.0296875 0.0375
0 0.5328125 0.4583333333333333 0.025 0.029166666666666667
0 0.27734375 0.46041666666666664 0.0609375 0.0375