0 0.29375 0.54375 0.14375 0.13854166666666667
2 0.190625 0.5302083333333333 0.021875 0.0875
0 0.8765625 0.55625 0.23125 0.19166666666666668
0 0.38203125 0.5177083333333333 0.0828125 0.10208333333333333
0 0.43359375 0.5166666666666667 0.0296875 0.071875
0 0.44921875 0.509375 0.0359375 0.058333333333333334
0 0.46953125 0.5083333333333333 0.0234375 0.040625
0 0.484375 0.5052083333333334 0.021875 0.0375
0 0.49296875 0.503125 0.0203125 0.029166666666666667
0 0.51640625 0.503125 0.0171875 0.017708333333333333
0 0.5515625 0.5 0.01875 0.022916666666666665