0 0.0734375 0.5135416666666667 0.14375 0.24166666666666667
0 0.13828125 0.4791666666666667 0.2359375 0.2125
1 0.18515625 0.5947916666666667 0.0546875 0.0875
2 0.2890625 0.5125 0.078125 0.2635416666666667
0 0.34453125 0.48020833333333335 0.0796875 0.19166666666666668
2 0.4078125 0.4875 0.040625 0.20520833333333333
0 0.453125 0.48333333333333334 0.0625 0.1
0 0.4953125 0.475 0.028125 0.06666666666666667
0 0.51953125 0.4708333333333333 0.0234375 0.058333333333333334
0 0.61640625 0.48854166666666665 0.1859375 0.23854166666666668
0 0.715625 0.46875 0.028125 0.058333333333333334
0 0.73359375 0.47708333333333336 0.0296875 0.06875
0 0.86875 0.47708333333333336 0.2625 0.19895833333333332
0 0.9171875 0.5166666666666667 0.165625 0.178125
0 0.9671875 0.565625 0.065625 0.17395833333333333