0 0.2203125 0.5635416666666667 0.16875 0.13854166666666667
0 0.0828125 0.5291666666666667 0.071875 0.109375
0 0.1640625 0.48020833333333335 0.09375 0.051041666666666666
0 0.325 0.4979166666666667 0.0625 0.0625
0 0.4078125 0.5114583333333333 0.034375 0.09375
2 0.371875 0.55625 0.05625 0.19166666666666668
2 0.496875 0.46041666666666664 0.01875 0.058333333333333334
2 0.515625 0.4635416666666667 0.021875 0.06041666666666667
2 0.53203125 0.46145833333333336 0.0203125 0.05625
0 0.909375 0.6208333333333333 0.18125 0.30416666666666664
0 0.78046875 0.5770833333333333 0.1234375 0.15416666666666667
0 0.7203125 0.5145833333333333 0.121875 0.15416666666666667
0 0.640625 0.5083333333333333 0.06875 0.10208333333333333
0 0.57578125 0.4791666666666667 0.0546875 0.06041666666666667
0 0.2578125 0.4708333333333333 0.040625 0.046875
2 0.2984375 0.4666666666666667 0.01875 0.03958333333333333
0 0.10234375 0.5 0.1078125 0.08958333333333333
0 0.60078125 0.5020833333333333 0.0421875 0.078125