2 0.94375 0.47604166666666664 0.06875 0.259375
2 0.8796875 0.48541666666666666 0.065625 0.23229166666666667
2 0.56875 0.446875 0.028125 0.08541666666666667
2 0.68046875 0.46458333333333335 0.0234375 0.11354166666666667
2 0.7078125 0.4552083333333333 0.028125 0.14479166666666668
2 0.171875 0.4635416666666667 0.025 0.06875
2 0.13515625 0.4552083333333333 0.0203125 0.07395833333333333
2 0.0484375 0.4552083333333333 0.021875 0.058333333333333334
2 0.01640625 0.45208333333333334 0.0203125 0.053125
2 0.10546875 0.446875 0.0203125 0.058333333333333334
0 0.5015625 0.47291666666666665 0.05625 0.08229166666666667
0 0.428125 0.465625 0.10625 0.11875
0 0.3203125 0.4583333333333333 0.04375 0.053125
0 0.2953125 0.46979166666666666 0.05625 0.053125
2 0.8109375 0.4 0.028125 0.051041666666666666