2 0.234375 0.4625 0.01875 0.042708333333333334
2 0.14765625 0.47604166666666664 0.0234375 0.084375
2 0.2515625 0.46041666666666664 0.015625 0.03958333333333333
0 0.94921875 0.5666666666666667 0.0984375 0.22708333333333333
0 0.75625 0.521875 0.0875 0.16041666666666668
0 0.7125 0.49895833333333334 0.0625 0.11875
0 0.55390625 0.47708333333333336 0.0578125 0.05416666666666667
2 0.85 0.5020833333333333 0.10625 0.21458333333333332
2 0.65703125 0.459375 0.0453125 0.10208333333333333
0 0.6234375 0.50625 0.021875 0.07395833333333333
0 0.51796875 0.47708333333333336 0.0234375 0.035416666666666666
2 0.4890625 0.446875 0.021875 0.051041666666666666
2 0.45 0.446875 0.021875 0.035416666666666666
2 0.4296875 0.45 0.021875 0.0375
0 0.40703125 0.46041666666666664 0.0234375 0.022916666666666665
2 0.3328125 0.45208333333333334 0.01875 0.029166666666666667
2 0.171875 0.45208333333333334 0.028125 0.06875
2 0.0359375 0.46041666666666664 0.06875 0.12291666666666666
2 0.27109375 0.46458333333333335 0.0203125 0.035416666666666666