0 0.4828125 0.4895833333333333 0.11875 0.103125
0 0.27265625 0.4895833333333333 0.0703125 0.053125
0 0.325 0.484375 0.046875 0.042708333333333334
0 0.36328125 0.47708333333333336 0.0359375 0.040625
2 0.034375 0.5083333333333333 0.03125 0.109375
2 0.7578125 0.5010416666666667 0.03125 0.115625
2 0.79140625 0.5020833333333333 0.0203125 0.12083333333333333
2 0.8125 0.5041666666666667 0.025 0.12083333333333333
2 0.846875 0.49583333333333335 0.025 0.09375
2 0.8671875 0.4947916666666667 0.03125 0.12291666666666666
2 0.56484375 0.48125 0.0171875 0.0375