0 0.65 0.50625 0.171875 0.15625
2 0.509375 0.5104166666666666 0.04375 0.13854166666666667
0 0.546875 0.49270833333333336 0.059375 0.07604166666666666
0 0.075 0.5447916666666667 0.15 0.15625
0 0.13515625 0.5145833333333333 0.0796875 0.08020833333333334
0 0.1890625 0.5041666666666667 0.078125 0.08958333333333333
0 0.2390625 0.5 0.025 0.07083333333333333
0 0.31796875 0.49270833333333336 0.0140625 0.040625
0 0.47890625 0.490625 0.0203125 0.03958333333333333
0 0.4640625 0.4822916666666667 0.01875 0.027083333333333334
0 0.4515625 0.484375 0.01875 0.022916666666666665
0 0.43671875 0.484375 0.0140625 0.019791666666666666
0 0.39609375 0.484375 0.0171875 0.015625
0 0.3796875 0.484375 0.01875 0.022916666666666665
0 0.359375 0.48541666666666666 0.021875 0.029166666666666667
0 0.3390625 0.4875 0.025 0.0375
0 0.296875 0.49583333333333335 0.046875 0.03958333333333333