2 0.79375 0.5166666666666667 0.0375 0.12291666666666666
2 0.7640625 0.5145833333333333 0.0125 0.09166666666666666
0 0.88046875 0.5510416666666667 0.1171875 0.10520833333333333
0 0.503125 0.525 0.05625 0.10208333333333333
0 0.5390625 0.5260416666666666 0.053125 0.071875
0 0.5921875 0.5177083333333333 0.05 0.05416666666666667
0 0.41171875 0.525 0.1546875 0.125
0 0.63984375 0.5135416666666667 0.0296875 0.03125
0 0.66015625 0.5083333333333333 0.0265625 0.03333333333333333
2 0.63515625 0.490625 0.0140625 0.015625
0 0.61875 0.5125 0.025 0.04479166666666667
0 0.68359375 0.5010416666666667 0.0203125 0.025
2 0.75390625 0.51875 0.0203125 0.0875