0 0.25390625 0.5177083333333333 0.1078125 0.10208333333333333
0 0.30546875 0.49166666666666664 0.0671875 0.08541666666666667
0 0.41953125 0.46041666666666664 0.0359375 0.040625
0 0.62734375 0.49583333333333335 0.0921875 0.08229166666666667
0 0.646875 0.525 0.103125 0.109375
0 0.70390625 0.5625 0.1765625 0.15625
0 0.890625 0.775 0.2125 0.40208333333333335
2 0.39375 0.46979166666666666 0.021875 0.07604166666666666
0 0.5828125 0.48125 0.040625 0.053125
0 0.55703125 0.4583333333333333 0.0453125 0.04479166666666667
0 0.49921875 0.43333333333333335 0.0234375 0.022916666666666665
0 0.309375 0.4395833333333333 0.05 0.051041666666666666