2 0.61953125 0.46041666666666664 0.0265625 0.109375
2 0.65 0.46041666666666664 0.025 0.10208333333333333
2 0.69609375 0.46041666666666664 0.0328125 0.10208333333333333
2 0.80859375 0.525 0.0796875 0.22291666666666668
2 0.8828125 0.49583333333333335 0.06875 0.26145833333333335
0 0.95625 0.490625 0.084375 0.11666666666666667
0 0.9515625 0.4125 0.09375 0.07395833333333333
0 0.3 0.5083333333333333 0.109375 0.109375
0 0.10078125 0.6520833333333333 0.2015625 0.25
2 0.16328125 0.48333333333333334 0.0265625 0.06041666666666667
2 0.553125 0.459375 0.01875 0.051041666666666666
2 0.60390625 0.45729166666666665 0.0203125 0.058333333333333334
2 0.66328125 0.4625 0.0234375 0.09375
0 0.728125 0.46041666666666664 0.0375 0.05625
0 0.42109375 0.46041666666666664 0.0484375 0.027083333333333334
2 0.3765625 0.4625 0.0125 0.03125
2 0.12578125 0.4875 0.0203125 0.03333333333333333
2 0.11015625 0.4979166666666667 0.0265625 0.05416666666666667