0 0.61640625 0.478125 0.0359375 0.042708333333333334
0 0.59296875 0.478125 0.0265625 0.027083333333333334
0 0.55859375 0.478125 0.0421875 0.042708333333333334
2 0.26328125 0.47708333333333336 0.0265625 0.13333333333333333
2 0.2234375 0.478125 0.059375 0.21458333333333332
2 0.40546875 0.46770833333333334 0.0265625 0.06458333333333334
2 0.971875 0.5052083333333334 0.05625 0.2125
2 0.434375 0.4708333333333333 0.025 0.0625
2 0.4484375 0.46979166666666666 0.021875 0.06458333333333334
2 0.4640625 0.4708333333333333 0.01875 0.06666666666666667
2 0.5015625 0.471875 0.021875 0.05625