2 0.46953125 0.46041666666666664 0.0203125 0.058333333333333334
0 0.63359375 0.5635416666666667 0.3328125 0.3375
0 0.7671875 0.42916666666666664 0.071875 0.029166666666666667
0 0.7734375 0.44895833333333335 0.040625 0.035416666666666666
0 0.77890625 0.4739583333333333 0.0265625 0.07604166666666666
0 0.878125 0.46875 0.178125 0.16458333333333333
0 0.90625 0.48854166666666665 0.10625 0.16458333333333333
0 0.96875 0.4947916666666667 0.0625 0.22083333333333333
2 0.46328125 0.46041666666666664 0.0203125 0.05625
2 0.41875 0.459375 0.034375 0.10208333333333333
2 0.3640625 0.478125 0.046875 0.16041666666666668