2 0.9671875 0.5645833333333333 0.059375 0.44166666666666665
2 0.90390625 0.58125 0.1453125 0.490625
0 0.7125 0.49270833333333336 0.240625 0.13854166666666667
0 0.5734375 0.48020833333333335 0.0875 0.12916666666666668
0 0.51015625 0.478125 0.0796875 0.109375
0 0.46875 0.47604166666666664 0.05 0.07604166666666666
0 0.4375 0.47708333333333336 0.05 0.08229166666666667
0 0.146875 0.44479166666666664 0.090625 0.06458333333333334
0 0.13203125 0.49895833333333334 0.0671875 0.084375
0 0.06484375 0.4864583333333333 0.1171875 0.16041666666666668
0 0.03125 0.503125 0.059375 0.18541666666666667
0 0.2890625 0.571875 0.328125 0.30833333333333335