0 0.36640625 0.46458333333333335 0.1484375 0.11354166666666667
0 0.5078125 0.43333333333333335 0.04375 0.046875
0 0.546875 0.4354166666666667 0.025 0.027083333333333334
0 0.625 0.440625 0.034375 0.0375
0 0.5984375 0.42916666666666664 0.021875 0.03125
0 0.73046875 0.44375 0.0359375 0.05416666666666667
0 0.76171875 0.4427083333333333 0.0328125 0.05625
0 0.809375 0.446875 0.084375 0.07395833333333333
2 0.45234375 0.434375 0.0203125 0.06041666666666667
2 0.95234375 0.44583333333333336 0.0265625 0.08229166666666667
2 0.8640625 0.4354166666666667 0.025 0.0625