2 0.565625 0.5354166666666667 0.115625 0.32083333333333336
0 0.46875 0.5229166666666667 0.103125 0.15625
0 0.28671875 0.5208333333333334 0.3015625 0.2125
0 0.03515625 0.5875 0.0609375 0.25416666666666665
0 0.65234375 0.4739583333333333 0.1609375 0.17395833333333333
0 0.50546875 0.471875 0.0796875 0.11875
2 0.78203125 0.49375 0.0296875 0.11666666666666667
2 0.95234375 0.48020833333333335 0.0296875 0.08229166666666667
2 0.9046875 0.48020833333333335 0.021875 0.07395833333333333
0 0.74375 0.4791666666666667 0.05 0.06458333333333334
0 0.86640625 0.4791666666666667 0.0671875 0.06041666666666667
0 0.8125 0.48541666666666666 0.05 0.071875
0 0.93046875 0.4739583333333333 0.0296875 0.0375
0 0.971875 0.48125 0.028125 0.04479166666666667