1 0.95234375 0.5427083333333333 0.0265625 0.03125
2 0.97265625 0.5166666666666667 0.0203125 0.09166666666666666
2 0.9875 0.5364583333333334 0.01875 0.06458333333333334
0 0.7640625 0.4947916666666667 0.053125 0.05625
0 0.746875 0.48541666666666666 0.046875 0.06041666666666667
0 0.5484375 0.46875 0.053125 0.046875
0 0.43671875 0.4375 0.0484375 0.027083333333333334
0 0.4640625 0.55 0.171875 0.2125
0 0.28671875 0.4947916666666667 0.1734375 0.10729166666666666
0 0.36015625 0.6416666666666667 0.2828125 0.271875
0 0.7109375 0.4739583333333333 0.034375 0.03333333333333333
0 0.6953125 0.4666666666666667 0.028125 0.027083333333333334
0 0.565625 0.4625 0.0375 0.046875