0 0.45546875 0.44583333333333336 0.0421875 0.046875
0 0.48671875 0.44479166666666664 0.0203125 0.03333333333333333
0 0.52109375 0.4354166666666667 0.0171875 0.022916666666666665
2 0.53984375 0.44583333333333336 0.0078125 0.027083333333333334
2 0.5484375 0.44583333333333336 0.009375 0.035416666666666666
0 0.684375 0.46145833333333336 0.025 0.029166666666666667
0 0.7125 0.4666666666666667 0.03125 0.035416666666666666
0 0.7796875 0.4791666666666667 0.04375 0.0375
2 0.9921875 0.5791666666666667 0.015625 0.040625
2 0.90078125 0.48125 0.0171875 0.04895833333333333
0 0.81484375 0.48333333333333334 0.0328125 0.040625
2 0.8859375 0.48541666666666666 0.015625 0.04895833333333333