0 0.9484375 0.49583333333333335 0.103125 0.28541666666666665
0 0.71953125 0.4791666666666667 0.0453125 0.053125
0 0.64921875 0.471875 0.0484375 0.05625
0 0.58046875 0.4739583333333333 0.1046875 0.11145833333333334
2 0.50546875 0.4635416666666667 0.0265625 0.06041666666666667
2 0.47265625 0.46041666666666664 0.0296875 0.0625
2 0.40390625 0.459375 0.0265625 0.06666666666666667
2 0.23359375 0.45208333333333334 0.0296875 0.084375
2 0.20625 0.4510416666666667 0.0375 0.08229166666666667
2 0.0609375 0.44583333333333336 0.034375 0.11666666666666667
2 0.1484375 0.4114583333333333 0.05 0.053125
2 0.446875 0.45 0.01875 0.040625