2 0.41875 0.478125 0.025 0.07083333333333333
2 0.4421875 0.46979166666666666 0.03125 0.09166666666666666
2 0.62421875 0.46458333333333335 0.0234375 0.08541666666666667
2 0.5953125 0.465625 0.025 0.071875
0 0.834375 0.4708333333333333 0.028125 0.06666666666666667
0 0.925 0.44583333333333336 0.146875 0.13645833333333332
0 0.95234375 0.49166666666666664 0.0921875 0.125
0 0.80859375 0.4666666666666667 0.0578125 0.07083333333333333
2 0.1703125 0.48333333333333334 0.021875 0.053125
2 0.4796875 0.4583333333333333 0.0125 0.04479166666666667
2 0.128125 0.48854166666666665 0.01875 0.03125
2 0.6734375 0.43020833333333336 0.021875 0.029166666666666667
0 0.64453125 0.44583333333333336 0.0265625 0.025
0 0.7296875 0.45625 0.034375 0.06041666666666667