2 0.9234375 0.6114583333333333 0.146875 0.53125
2 0.6921875 0.471875 0.034375 0.13125
2 0.6421875 0.4583333333333333 0.025 0.071875
2 0.61875 0.4625 0.025 0.06666666666666667
2 0.60390625 0.4666666666666667 0.0265625 0.07395833333333333
0 0.503125 0.51875 0.1375 0.12291666666666666
0 0.803125 0.4625 0.05 0.06666666666666667
0 0.725 0.45416666666666666 0.0375 0.053125
2 0.2875 0.4635416666666667 0.01875 0.040625
2 0.12578125 0.4864583333333333 0.0203125 0.035416666666666666
2 0.6609375 0.43125 0.01875 0.046875