0 0.3296875 0.453125 0.196875 0.09375
0 0.10859375 0.44895833333333335 0.1734375 0.11354166666666667
2 0.4546875 0.5104166666666666 0.203125 0.3729166666666667
2 0.590625 0.5135416666666667 0.09375 0.40208333333333335
2 0.7171875 0.45729166666666665 0.034375 0.10208333333333333
0 0.6421875 0.453125 0.0375 0.05416666666666667
2 0.765625 0.45208333333333334 0.034375 0.09166666666666666
2 0.803125 0.45416666666666666 0.040625 0.09166666666666666
2 0.8546875 0.453125 0.03125 0.09375
2 0.9328125 0.49270833333333336 0.05 0.228125
2 0.9640625 0.49166666666666664 0.06875 0.24583333333333332
2 0.89375 0.45208333333333334 0.025 0.09583333333333334