2 0.99140625 0.45208333333333334 0.0140625 0.10729166666666666
2 0.9625 0.45208333333333334 0.03125 0.10729166666666666
2 0.8921875 0.459375 0.034375 0.10520833333333333
2 0.68046875 0.44583333333333336 0.0203125 0.07604166666666666
2 0.64609375 0.4375 0.0140625 0.042708333333333334
0 0.5984375 0.46041666666666664 0.096875 0.103125
0 0.53515625 0.44895833333333335 0.0359375 0.03958333333333333
0 0.46875 0.44583333333333336 0.028125 0.029166666666666667
0 0.415625 0.440625 0.021875 0.025
0 0.3671875 0.4479166666666667 0.059375 0.06041666666666667
0 0.2234375 0.49270833333333336 0.184375 0.15416666666666667
0 0.01484375 0.5072916666666667 0.0296875 0.10729166666666666