2 0.82890625 0.521875 0.0328125 0.109375
0 0.89921875 0.490625 0.1015625 0.06666666666666667
0 0.49453125 0.4395833333333333 0.0296875 0.03125
0 0.3953125 0.4739583333333333 0.05625 0.05625
0 0.37734375 0.49166666666666664 0.0796875 0.06666666666666667
0 0.22109375 0.5729166666666666 0.2328125 0.20104166666666667
0 0.11953125 0.7895833333333333 0.2359375 0.41770833333333335
0 0.809375 0.4708333333333333 0.075 0.07083333333333333
0 0.7359375 0.45625 0.046875 0.04479166666666667
0 0.6890625 0.4635416666666667 0.090625 0.04479166666666667
0 0.55625 0.4510416666666667 0.025 0.027083333333333334
0 0.53984375 0.44583333333333336 0.0203125 0.022916666666666665
0 0.428125 0.46875 0.034375 0.051041666666666666