2 0.99375 0.45 0.009375 0.1
2 0.95078125 0.4552083333333333 0.0265625 0.11666666666666667
2 0.92265625 0.46041666666666664 0.0296875 0.10208333333333333
2 0.884375 0.41041666666666665 0.0125 0.035416666666666666
2 0.8625 0.41354166666666664 0.0125 0.025
2 0.82734375 0.42604166666666665 0.0140625 0.027083333333333334
2 0.77734375 0.43020833333333336 0.0109375 0.0375
0 0.69375 0.5208333333333334 0.203125 0.15416666666666667
0 0.61328125 0.490625 0.1296875 0.12083333333333333
0 0.54921875 0.471875 0.0515625 0.0875
0 0.52109375 0.46041666666666664 0.0265625 0.051041666666666666
0 0.49140625 0.45729166666666665 0.0296875 0.03958333333333333
0 0.4484375 0.4635416666666667 0.05 0.06041666666666667
0 0.3984375 0.45625 0.028125 0.03333333333333333
0 0.37265625 0.4552083333333333 0.0265625 0.035416666666666666
0 0.3421875 0.46041666666666664 0.034375 0.03958333333333333
0 0.31875 0.46875 0.025 0.051041666666666666
0 0.29609375 0.47291666666666665 0.0296875 0.058333333333333334
0 0.2671875 0.4875 0.04375 0.06458333333333334
0 0.22578125 0.4864583333333333 0.0578125 0.11354166666666667
0 0.1734375 0.45208333333333334 0.05 0.03333333333333333
0 0.11953125 0.525 0.1609375 0.12083333333333333
0 0.0203125 0.5260416666666666 0.040625 0.18541666666666667