2 0.803125 0.50625 0.0375 0.11354166666666667
2 0.7640625 0.5041666666666667 0.04375 0.12083333333333333
2 0.1359375 0.475 0.034375 0.125
2 0.15625 0.48541666666666666 0.0375 0.11875
0 0.68671875 0.46458333333333335 0.0515625 0.051041666666666666
0 0.44765625 0.615625 0.5078125 0.49166666666666664
2 0.71796875 0.5114583333333333 0.0484375 0.11666666666666667
0 0.9890625 0.5697916666666667 0.021875 0.11875
0 0.0125 0.7208333333333333 0.021875 0.23854166666666668
0 0.075 0.46875 0.03125 0.09375
0 0.11015625 0.4739583333333333 0.0296875 0.06458333333333334
2 0.24453125 0.49375 0.0234375 0.058333333333333334
2 0.2171875 0.4552083333333333 0.034375 0.05416666666666667