2 0.9765625 0.634375 0.040625 0.39479166666666665
2 0.78515625 0.540625 0.0578125 0.25
2 0.6390625 0.459375 0.01875 0.07083333333333333
0 0.7078125 0.4822916666666667 0.0625 0.07083333333333333
0 0.8609375 0.49166666666666664 0.090625 0.103125
0 0.91484375 0.5 0.1546875 0.11354166666666667
0 0.403125 0.459375 0.053125 0.046875
0 0.3421875 0.4666666666666667 0.08125 0.078125
0 0.26015625 0.46041666666666664 0.1015625 0.071875
0 0.13125 0.5177083333333333 0.184375 0.19166666666666668
0 0.03828125 0.5395833333333333 0.0703125 0.21875
0 0.5734375 0.453125 0.0375 0.042708333333333334
0 0.53828125 0.44166666666666665 0.0203125 0.022916666666666665
0 0.42421875 0.44583333333333336 0.0359375 0.046875
0 0.41796875 0.45 0.0359375 0.04479166666666667
0 0.4671875 0.4395833333333333 0.025 0.03125
0 0.6015625 0.45 0.021875 0.03333333333333333
0 0.6578125 0.4625 0.03125 0.03958333333333333