2 0.82265625 0.5989583333333334 0.1078125 0.4
2 0.0171875 0.5791666666666667 0.034375 0.3260416666666667
0 0.1375 0.5458333333333333 0.228125 0.18125
0 0.27109375 0.5197916666666667 0.1109375 0.13333333333333333
0 0.403125 0.46145833333333336 0.06875 0.040625
0 0.921875 0.6354166666666666 0.15 0.415625
0 0.74609375 0.5364583333333334 0.0734375 0.12291666666666666
0 0.71640625 0.5166666666666667 0.0546875 0.084375
0 0.68671875 0.49166666666666664 0.0703125 0.08541666666666667
0 0.6328125 0.4739583333333333 0.034375 0.0375
0 0.5859375 0.46145833333333336 0.03125 0.029166666666666667
0 0.6484375 0.48541666666666666 0.0375 0.04479166666666667
0 0.4640625 0.46041666666666664 0.034375 0.029166666666666667
2 0.484375 0.46041666666666664 0.01875 0.03333333333333333
0 0.309375 0.45729166666666665 0.053125 0.05416666666666667
0 0.34296875 0.46145833333333336 0.0359375 0.0375
0 0.5359375 0.459375 0.021875 0.022916666666666665
2 0.7109375 0.48333333333333334 0.025 0.04479166666666667
2 0.7515625 0.46979166666666666 0.021875 0.025
0 0.1203125 0.446875 0.09375 0.06666666666666667