0 0.34765625 0.5072916666666667 0.0984375 0.084375
2 0.315625 0.46979166666666666 0.025 0.053125
0 0.253125 0.478125 0.078125 0.08229166666666667
0 0.1171875 0.4864583333333333 0.11875 0.06666666666666667
0 0.071875 0.49166666666666664 0.1375 0.07083333333333333
0 0.04921875 0.5302083333333333 0.0953125 0.10729166666666666
0 0.115625 0.621875 0.23125 0.22083333333333333
0 0.42265625 0.47291666666666665 0.0515625 0.05416666666666667
0 0.45859375 0.440625 0.0203125 0.03333333333333333
0 0.49453125 0.44375 0.0203125 0.022916666666666665
0 0.79921875 0.5770833333333333 0.1796875 0.15833333333333333
0 0.725 0.5302083333333333 0.10625 0.11875
0 0.70546875 0.490625 0.1046875 0.10208333333333333
0 0.67578125 0.478125 0.0765625 0.09791666666666667
0 0.6328125 0.48020833333333335 0.0375 0.0625
0 0.61796875 0.471875 0.0296875 0.04479166666666667
0 0.60390625 0.465625 0.0265625 0.0375
0 0.578125 0.44895833333333335 0.025 0.027083333333333334
0 0.59140625 0.46145833333333336 0.0265625 0.0375