2 0.13828125 0.45729166666666665 0.0359375 0.11354166666666667
2 0.18515625 0.459375 0.0359375 0.125
2 0.43359375 0.45729166666666665 0.0203125 0.046875
2 0.540625 0.459375 0.01875 0.042708333333333334
2 0.91875 0.478125 0.04375 0.08229166666666667
2 0.875 0.47604166666666664 0.034375 0.084375
2 0.84296875 0.47708333333333336 0.0328125 0.07395833333333333
2 0.62890625 0.46145833333333336 0.0203125 0.05625
2 0.415625 0.4552083333333333 0.01875 0.051041666666666666
2 0.48046875 0.45729166666666665 0.0203125 0.03958333333333333
2 0.60390625 0.46041666666666664 0.0203125 0.053125
2 0.646875 0.46041666666666664 0.01875 0.05416666666666667
2 0.715625 0.4635416666666667 0.01875 0.03333333333333333