2 0.0234375 0.5135416666666667 0.0375 0.13333333333333333
2 0.23125 0.4635416666666667 0.028125 0.06458333333333334
2 0.26015625 0.475 0.0265625 0.07083333333333333
2 0.63046875 0.4947916666666667 0.0359375 0.09166666666666666
2 0.98515625 0.55 0.0265625 0.165625
0 0.75390625 0.4625 0.0671875 0.05416666666666667
0 0.659375 0.48020833333333335 0.04375 0.0625
0 0.56796875 0.4552083333333333 0.0515625 0.03958333333333333
0 0.440625 0.44375 0.040625 0.022916666666666665
0 0.46875 0.44583333333333336 0.0375 0.03125
2 0.13046875 0.48333333333333334 0.0265625 0.09166666666666666
2 0.53203125 0.440625 0.0203125 0.0375