2 0.365625 0.4552083333333333 0.021875 0.046875
0 0.5953125 0.46875 0.090625 0.07083333333333333
0 0.65 0.46145833333333336 0.03125 0.053125
2 0.33671875 0.4739583333333333 0.0515625 0.103125
0 0.70859375 0.45729166666666665 0.0859375 0.078125
0 0.5328125 0.453125 0.025 0.027083333333333334
2 0.30234375 0.46770833333333334 0.0203125 0.05625
2 0.35078125 0.453125 0.0140625 0.042708333333333334
2 0.38828125 0.4510416666666667 0.0140625 0.03958333333333333
0 0.5078125 0.446875 0.021875 0.022916666666666665
0 0.48671875 0.45 0.0203125 0.021875
0 0.47421875 0.44583333333333336 0.0171875 0.017708333333333333