0 0.4375 0.5614583333333333 0.265625 0.240625
2 0.0828125 0.496875 0.04375 0.14270833333333333
2 0.828125 0.47291666666666665 0.015625 0.058333333333333334
2 0.83984375 0.47708333333333336 0.0171875 0.071875
2 0.1078125 0.46041666666666664 0.028125 0.08541666666666667
0 0.5859375 0.465625 0.01875 0.025
0 0.5953125 0.46770833333333334 0.01875 0.025
0 0.6125 0.471875 0.021875 0.03333333333333333
2 0.7609375 0.4739583333333333 0.03125 0.06041666666666667
2 0.86484375 0.47708333333333336 0.0296875 0.084375
2 0.896875 0.4739583333333333 0.021875 0.07604166666666666
2 0.9125 0.4739583333333333 0.01875 0.07604166666666666
2 0.93125 0.47708333333333336 0.021875 0.08229166666666667
2 0.97578125 0.4666666666666667 0.0453125 0.12083333333333333