0 0.06484375 0.6072916666666667 0.1296875 0.22291666666666668
0 0.14765625 0.5520833333333334 0.1296875 0.15416666666666667
0 0.27890625 0.5041666666666667 0.0984375 0.09791666666666667
0 0.34453125 0.47708333333333336 0.0609375 0.06041666666666667
0 0.759375 0.48854166666666665 0.165625 0.08541666666666667
0 0.91953125 0.5447916666666667 0.1203125 0.10520833333333333
0 0.64375 0.45625 0.046875 0.04479166666666667
2 0.40546875 0.4583333333333333 0.0203125 0.053125
2 0.50625 0.45729166666666665 0.01875 0.042708333333333334
0 0.83671875 0.46770833333333334 0.0671875 0.071875
0 0.60703125 0.4510416666666667 0.0296875 0.03125
2 0.546875 0.45 0.015625 0.040625
0 0.3328125 0.49166666666666664 0.034375 0.06041666666666667