0 0.6203125 0.49895833333333334 0.04375 0.04479166666666667
0 0.5125 0.5375 0.128125 0.12916666666666668
2 0.415625 0.5177083333333333 0.028125 0.078125
2 0.3015625 0.515625 0.03125 0.08541666666666667
2 0.27734375 0.515625 0.0265625 0.08229166666666667
2 0.24375 0.515625 0.025 0.08229166666666667
2 0.18203125 0.5229166666666667 0.0359375 0.1
2 0.121875 0.5197916666666667 0.028125 0.09791666666666667
2 0.9421875 0.5020833333333333 0.028125 0.08958333333333333
2 0.9203125 0.49895833333333334 0.021875 0.07604166666666666
2 0.984375 0.47708333333333336 0.028125 0.06041666666666667