0 0.89140625 0.5364583333333334 0.1734375 0.1625
0 0.6765625 0.49166666666666664 0.090625 0.07604166666666666
0 0.63046875 0.47708333333333336 0.0453125 0.06458333333333334
0 0.58671875 0.478125 0.0484375 0.051041666666666666
0 0.55625 0.475 0.03125 0.035416666666666666
0 0.3765625 0.4864583333333333 0.05 0.09375
0 0.3 0.5010416666666667 0.14375 0.13854166666666667
0 0.20625 0.5770833333333333 0.196875 0.2125
0 0.11953125 0.6875 0.2234375 0.5229166666666667
2 0.49296875 0.47291666666666665 0.0171875 0.046875
2 0.5171875 0.471875 0.0125 0.0375
2 0.525 0.46875 0.0125 0.042708333333333334
2 0.4609375 0.4739583333333333 0.015625 0.053125
2 0.4390625 0.47604166666666664 0.0125 0.04479166666666667
0 0.4703125 0.46979166666666666 0.015625 0.025
0 0.4015625 0.484375 0.03125 0.058333333333333334
0 0.41796875 0.48333333333333334 0.0265625 0.053125
0 0.95859375 0.4635416666666667 0.0734375 0.053125
0 0.8921875 0.446875 0.078125 0.022916666666666665