2 0.21484375 0.490625 0.0515625 0.14479166666666668
2 0.2625 0.478125 0.05 0.140625
2 0.3265625 0.4791666666666667 0.040625 0.13854166666666667
2 0.38125 0.47708333333333336 0.04375 0.13333333333333333
2 0.4234375 0.478125 0.040625 0.125
0 0.5828125 0.4864583333333333 0.04375 0.03958333333333333
0 0.6890625 0.4791666666666667 0.096875 0.09583333333333334
2 0.4890625 0.47708333333333336 0.021875 0.058333333333333334
2 0.5125 0.47604166666666664 0.021875 0.06041666666666667
2 0.53125 0.4739583333333333 0.021875 0.05625
0 0.61484375 0.4791666666666667 0.0328125 0.03333333333333333