0 0.6859375 0.5041666666666667 0.0625 0.078125
0 0.6375 0.4895833333333333 0.03125 0.06041666666666667
2 0.6078125 0.528125 0.134375 0.259375
0 0.53046875 0.465625 0.0234375 0.03333333333333333
0 0.51015625 0.459375 0.0234375 0.022916666666666665
0 0.46953125 0.4583333333333333 0.0234375 0.025
0 0.41875 0.46145833333333336 0.021875 0.0375
0 0.390625 0.46145833333333336 0.046875 0.053125
2 0.12734375 0.45416666666666666 0.0296875 0.05625
2 0.09765625 0.46458333333333335 0.0265625 0.109375
0 0.24765625 0.47708333333333336 0.2453125 0.12083333333333333