0 0.4703125 0.490625 0.103125 0.11354166666666667
0 0.575 0.4739583333333333 0.021875 0.025
2 0.67578125 0.475 0.0109375 0.027083333333333334
2 0.69140625 0.4739583333333333 0.0109375 0.025
2 0.703125 0.4708333333333333 0.009375 0.027083333333333334
2 0.71328125 0.47291666666666665 0.0109375 0.035416666666666666
2 0.7234375 0.471875 0.0125 0.0375
2 0.7359375 0.47291666666666665 0.009375 0.035416666666666666
2 0.74375 0.4708333333333333 0.009375 0.035416666666666666
2 0.7640625 0.47291666666666665 0.009375 0.03125
2 0.775 0.47291666666666665 0.009375 0.03958333333333333
2 0.7921875 0.475 0.0125 0.042708333333333334
2 0.80703125 0.47604166666666664 0.0109375 0.040625
2 0.8234375 0.4739583333333333 0.0125 0.04895833333333333
2 0.85234375 0.48020833333333335 0.0203125 0.051041666666666666
2 0.87109375 0.4822916666666667 0.0140625 0.046875
2 0.88515625 0.48333333333333334 0.0140625 0.04895833333333333
2 0.9265625 0.47708333333333336 0.01875 0.0625
2 0.95 0.48020833333333335 0.021875 0.07395833333333333
2 0.9921875 0.48541666666666666 0.015625 0.071875