0 0.6296875 0.49895833333333334 0.134375 0.134375
0 0.9 0.5239583333333333 0.196875 0.13125
0 0.2359375 0.5083333333333333 0.1125 0.09166666666666666
0 0.2265625 0.4510416666666667 0.075 0.046875
0 0.28984375 0.4864583333333333 0.0484375 0.0625
0 0.3109375 0.47604166666666664 0.04375 0.05625
2 0.69296875 0.46770833333333334 0.0265625 0.071875
0 0.82734375 0.45416666666666666 0.1296875 0.07604166666666666
0 0.51328125 0.446875 0.0265625 0.03125
0 0.33828125 0.46875 0.0265625 0.051041666666666666
0 0.35390625 0.45729166666666665 0.0296875 0.03958333333333333
0 0.36484375 0.45 0.0328125 0.040625
0 0.403125 0.434375 0.028125 0.025
0 0.3984375 0.44479166666666664 0.01875 0.025