0 0.06875 0.6177083333333333 0.134375 0.20104166666666667
0 0.16171875 0.5614583333333333 0.1359375 0.146875
0 0.23984375 0.5270833333333333 0.1015625 0.09791666666666667
0 0.2921875 0.496875 0.096875 0.10729166666666666
2 0.36484375 0.47708333333333336 0.0203125 0.06875
2 0.44453125 0.525 0.0484375 0.17604166666666668
2 0.5859375 0.53125 0.059375 0.17916666666666667
0 0.646875 0.5270833333333333 0.09375 0.13645833333333332
0 0.74921875 0.56875 0.2203125 0.23854166666666668
0 0.89453125 0.68125 0.1984375 0.36354166666666665
0 0.68515625 0.44166666666666665 0.0734375 0.03125
0 0.7046875 0.44895833333333335 0.046875 0.022916666666666665
0 0.3484375 0.47604166666666664 0.028125 0.04479166666666667
0 0.3890625 0.4625 0.034375 0.035416666666666666
0 0.409375 0.45729166666666665 0.028125 0.03125
2 0.43125 0.45 0.01875 0.04479166666666667
0 0.4609375 0.44479166666666664 0.03125 0.029166666666666667
0 0.5515625 0.465625 0.034375 0.040625
0 0.18046875 0.4666666666666667 0.0609375 0.03958333333333333