2 0.60078125 0.4864583333333333 0.0359375 0.18333333333333332
2 0.62265625 0.5041666666666667 0.0359375 0.17604166666666668
2 0.653125 0.484375 0.03125 0.17604166666666668
2 0.6890625 0.49166666666666664 0.040625 0.203125
2 0.71875 0.5010416666666667 0.053125 0.196875
2 0.7578125 0.49166666666666664 0.046875 0.19375
2 0.5265625 0.4552083333333333 0.0375 0.10208333333333333
0 0.88046875 0.48333333333333334 0.2296875 0.18125
0 0.89453125 0.51875 0.2046875 0.21666666666666667
0 0.35546875 0.5614583333333333 0.3296875 0.30625
0 0.24765625 0.421875 0.0765625 0.05416666666666667
0 0.1453125 0.4666666666666667 0.1875 0.14479166666666668
0 0.12109375 0.49166666666666664 0.1171875 0.134375
0 0.0578125 0.49166666666666664 0.06875 0.16770833333333332
0 0.0265625 0.4979166666666667 0.05 0.25833333333333336
2 0.559375 0.4510416666666667 0.021875 0.08541666666666667
2 0.578125 0.45208333333333334 0.028125 0.103125