0 0.384375 0.46041666666666664 0.03125 0.03125
0 0.41875 0.459375 0.021875 0.022916666666666665
0 0.44765625 0.4635416666666667 0.0453125 0.05625
2 0.8796875 0.4739583333333333 0.028125 0.11875
2 0.90859375 0.4739583333333333 0.0296875 0.11875
2 0.93984375 0.46770833333333334 0.0265625 0.12291666666666666
2 0.9765625 0.46979166666666666 0.04375 0.11875
2 0.1 0.46041666666666664 0.021875 0.06041666666666667
2 0.084375 0.45729166666666665 0.025 0.058333333333333334
2 0.17265625 0.46145833333333336 0.0203125 0.053125
2 0.19921875 0.46041666666666664 0.0203125 0.053125
2 0.8203125 0.45729166666666665 0.028125 0.09791666666666667
2 0.7875 0.45625 0.021875 0.103125