2 0.7421875 0.5114583333333333 0.065625 0.25833333333333336
2 0.846875 0.49583333333333335 0.040625 0.22708333333333333
0 0.959375 0.40625 0.078125 0.058333333333333334
0 0.97578125 0.48854166666666665 0.0453125 0.12083333333333333
2 0.90859375 0.5229166666666667 0.0921875 0.334375
2 0.80625 0.521875 0.096875 0.359375
2 0.18515625 0.4875 0.0203125 0.053125
2 0.3890625 0.46458333333333335 0.021875 0.058333333333333334
2 0.125 0.4864583333333333 0.025 0.035416666666666666
2 0.1109375 0.49270833333333336 0.03125 0.05625
2 0.6359375 0.46458333333333335 0.03125 0.078125
2 0.5765625 0.4583333333333333 0.021875 0.04479166666666667
2 0.5921875 0.4552083333333333 0.01875 0.046875
2 0.55625 0.4583333333333333 0.01875 0.04479166666666667