0 0.64765625 0.509375 0.0765625 0.08229166666666667
0 0.63046875 0.4864583333333333 0.0765625 0.07395833333333333
0 0.7515625 0.5364583333333334 0.184375 0.18958333333333333
0 0.85390625 0.6197916666666666 0.2859375 0.271875
0 0.95703125 0.759375 0.0828125 0.25833333333333336
0 0.284375 0.5 0.10625 0.09375
0 0.096875 0.4822916666666667 0.096875 0.09791666666666667
2 0.5765625 0.478125 0.021875 0.08229166666666667
2 0.42578125 0.46979166666666666 0.0203125 0.06458333333333334
2 0.4078125 0.46770833333333334 0.021875 0.06458333333333334
0 0.52734375 0.453125 0.0203125 0.03125
0 0.0671875 0.5260416666666666 0.125 0.20104166666666667
0 0.1984375 0.46875 0.040625 0.05416666666666667
2 0.47734375 0.46458333333333335 0.0171875 0.046875