0 0.05703125 0.5229166666666667 0.1109375 0.16770833333333332
0 0.11953125 0.484375 0.2359375 0.18333333333333332
0 0.19453125 0.475 0.1359375 0.14479166666666668
0 0.27421875 0.471875 0.0234375 0.06041666666666667
0 0.4046875 0.5 0.265625 0.34375
0 0.58515625 0.46770833333333334 0.1390625 0.146875
2 0.59140625 0.4864583333333333 0.0421875 0.16458333333333333
0 0.728125 0.4708333333333333 0.184375 0.16041666666666668
0 0.79765625 0.4822916666666667 0.2734375 0.234375
0 0.9296875 0.38645833333333335 0.140625 0.07395833333333333
0 0.940625 0.5520833333333334 0.11875 0.25625
1 0.6546875 0.55625 0.071875 0.08229166666666667