0 0.58671875 0.571875 0.3234375 0.29270833333333335
2 0.83828125 0.48854166666666665 0.0390625 0.11666666666666667
2 0.89375 0.471875 0.021875 0.09166666666666666
1 0.8546875 0.5020833333333333 0.025 0.027083333333333334
2 0.2 0.4666666666666667 0.015625 0.058333333333333334
2 0.88359375 0.48333333333333334 0.0171875 0.06875
0 0.41640625 0.4666666666666667 0.0203125 0.027083333333333334
0 0.4046875 0.46770833333333334 0.01875 0.029166666666666667
0 0.3890625 0.46875 0.021875 0.03125
2 0.296875 0.47604166666666664 0.025 0.04479166666666667
2 0.17734375 0.46979166666666666 0.0203125 0.06875
2 0.1375 0.47291666666666665 0.03125 0.06666666666666667
2 0.11953125 0.46458333333333335 0.0203125 0.0625
2 0.08828125 0.45 0.0109375 0.040625