0 0.9265625 0.49270833333333336 0.14375 0.290625
0 0.83984375 0.4979166666666667 0.0859375 0.11354166666666667
0 0.8203125 0.46041666666666664 0.134375 0.09583333333333334
0 0.66953125 0.575 0.3171875 0.2989583333333333
0 0.22265625 0.46041666666666664 0.1671875 0.11354166666666667
0 0.221875 0.5125 0.16875 0.1625
2 0.1328125 0.5947916666666667 0.184375 0.43125
2 0.32421875 0.49895833333333334 0.0546875 0.15
2 0.37421875 0.49895833333333334 0.0359375 0.15
2 0.425 0.49583333333333335 0.040625 0.14791666666666667
2 0.44765625 0.484375 0.0359375 0.13333333333333333
2 0.471875 0.46145833333333336 0.021875 0.06875
2 0.5046875 0.46145833333333336 0.034375 0.0875
0 0.040625 0.4354166666666667 0.075 0.10208333333333333
2 0.03203125 0.5770833333333333 0.0609375 0.478125