0 0.97265625 0.521875 0.0546875 0.14479166666666668
0 0.91484375 0.50625 0.1703125 0.16458333333333333
0 0.83046875 0.49166666666666664 0.0953125 0.08958333333333333
0 0.08046875 0.5208333333333334 0.1578125 0.25625
0 0.203125 0.528125 0.159375 0.178125
0 0.24609375 0.5041666666666667 0.2453125 0.16458333333333333
2 0.3875 0.5020833333333333 0.04375 0.17604166666666668
2 0.44609375 0.5052083333333334 0.0609375 0.178125
0 0.728125 0.46770833333333334 0.05 0.040625
0 0.5046875 0.48020833333333335 0.08125 0.078125
2 0.584375 0.475 0.021875 0.0625
2 0.60546875 0.4708333333333333 0.0234375 0.06666666666666667
2 0.6453125 0.46979166666666666 0.021875 0.06041666666666667