0 0.80859375 0.4625 0.0578125 0.078125
0 0.9234375 0.4479166666666667 0.14375 0.146875
0 0.94765625 0.49166666666666664 0.0953125 0.11875
2 0.6390625 0.47708333333333336 0.025 0.09791666666666667
2 0.665625 0.4666666666666667 0.03125 0.12916666666666668
2 0.16796875 0.490625 0.0203125 0.05416666666666667
2 0.5890625 0.4583333333333333 0.01875 0.053125
2 0.6078125 0.46145833333333336 0.01875 0.053125
2 0.3765625 0.46145833333333336 0.0125 0.025
0 0.7265625 0.4583333333333333 0.034375 0.053125
2 0.12734375 0.490625 0.0203125 0.035416666666666666
2 0.1125 0.49166666666666664 0.01875 0.05416666666666667