2 0.390625 0.471875 0.021875 0.05625
2 0.3765625 0.478125 0.021875 0.051041666666666666
2 0.66328125 0.46875 0.0296875 0.14791666666666667
2 0.69375 0.475 0.028125 0.12916666666666668
2 0.73046875 0.45416666666666666 0.0453125 0.103125
0 0.8109375 0.44895833333333335 0.059375 0.07083333333333333
0 0.8421875 0.5166666666666667 0.30625 0.21666666666666667
2 0.590625 0.46145833333333336 0.021875 0.06041666666666667
2 0.6265625 0.46041666666666664 0.01875 0.06458333333333334
2 0.6140625 0.46041666666666664 0.01875 0.06041666666666667
2 0.12734375 0.48541666666666666 0.0234375 0.03333333333333333
2 0.11484375 0.49895833333333334 0.0234375 0.053125
0 0.45859375 0.46041666666666664 0.0390625 0.027083333333333334