0 0.9015625 0.428125 0.090625 0.09375
0 0.7828125 0.44375 0.05 0.078125
2 0.69375 0.4552083333333333 0.025 0.09791666666666667
2 0.67734375 0.46041666666666664 0.0171875 0.08958333333333333
2 0.659375 0.46875 0.028125 0.10208333333333333
2 0.63671875 0.4635416666666667 0.0171875 0.103125
2 0.60859375 0.47708333333333336 0.0171875 0.09166666666666666
2 0.59609375 0.446875 0.0140625 0.07395833333333333
2 0.56015625 0.4625 0.0203125 0.07395833333333333
2 0.54921875 0.453125 0.0109375 0.051041666666666666
0 0.453125 0.46145833333333336 0.028125 0.025
0 0.4453125 0.4510416666666667 0.015625 0.019791666666666666
0 0.4265625 0.453125 0.009375 0.015625
0 0.40625 0.45625 0.0125 0.017708333333333333
0 0.38203125 0.459375 0.0109375 0.019791666666666666
0 0.37421875 0.4625 0.0109375 0.019791666666666666
0 0.3640625 0.46041666666666664 0.0125 0.022916666666666665
0 0.35234375 0.46770833333333334 0.0140625 0.021875
0 0.3296875 0.46875 0.046875 0.042708333333333334
0 0.3046875 0.46145833333333336 0.01875 0.0375
2 0.1015625 0.48125 0.01875 0.06875