2 0.13203125 0.47604166666666664 0.0359375 0.146875
2 0.0984375 0.46458333333333335 0.0375 0.140625
2 0.2984375 0.4625 0.034375 0.11666666666666667
2 0.2484375 0.4739583333333333 0.028125 0.11875
2 0.22734375 0.46979166666666666 0.0265625 0.12708333333333333
2 0.60078125 0.475 0.0546875 0.12083333333333333
2 0.68203125 0.478125 0.0453125 0.12916666666666668
2 0.66484375 0.484375 0.0328125 0.12083333333333333
0 0.73671875 0.47604166666666664 0.0703125 0.07604166666666666
0 0.8109375 0.48333333333333334 0.096875 0.09583333333333334
2 0.20625 0.47708333333333336 0.03125 0.13645833333333332
0 0.58359375 0.4635416666666667 0.0265625 0.0375
0 0.6265625 0.4635416666666667 0.03125 0.029166666666666667