0 0.0140625 0.5208333333333334 0.028125 0.12291666666666666
0 0.04609375 0.5145833333333333 0.0859375 0.12291666666666666
0 0.1234375 0.5010416666666667 0.109375 0.09583333333333334
0 0.1875 0.490625 0.084375 0.07395833333333333
0 0.21796875 0.47708333333333336 0.1109375 0.078125
0 0.2875 0.47604166666666664 0.05625 0.053125
0 0.61015625 0.48854166666666665 0.0796875 0.07083333333333333
0 0.71484375 0.4947916666666667 0.2453125 0.146875
0 0.86953125 0.5177083333333333 0.2515625 0.18333333333333332
0 0.91953125 0.5447916666666667 0.1515625 0.17604166666666668
0 0.96953125 0.575 0.0546875 0.1625
0 0.5578125 0.4947916666666667 0.03125 0.04479166666666667
0 0.54296875 0.48333333333333334 0.0546875 0.053125
2 0.35625 0.4739583333333333 0.0125 0.040625
2 0.38125 0.4739583333333333 0.015625 0.04479166666666667
0 0.72734375 0.5260416666666666 0.1328125 0.13125