2 0.7171875 0.49166666666666664 0.025 0.07083333333333333
2 0.9578125 0.6697916666666667 0.08125 0.5708333333333333
0 0.0921875 0.56875 0.184375 0.25
0 0.2125 0.5333333333333333 0.134375 0.16041666666666668
0 0.38828125 0.4552083333333333 0.0734375 0.046875
0 0.63203125 0.475 0.0359375 0.03958333333333333
0 0.82578125 0.5541666666666667 0.1671875 0.15625
0 0.88046875 0.621875 0.1265625 0.2520833333333333
0 0.74453125 0.5322916666666667 0.0734375 0.09166666666666666
0 0.58359375 0.46041666666666664 0.0296875 0.029166666666666667
0 0.2765625 0.46145833333333336 0.0375 0.05625
0 0.328125 0.45 0.059375 0.05625
0 0.31796875 0.4583333333333333 0.0546875 0.06041666666666667
0 0.459375 0.45729166666666665 0.03125 0.03125
2 0.47734375 0.46041666666666664 0.0109375 0.03958333333333333
0 0.534375 0.4583333333333333 0.021875 0.025
0 0.7046875 0.49375 0.075 0.09375
0 0.64765625 0.48333333333333334 0.0328125 0.053125
0 0.0796875 0.4322916666666667 0.065625 0.053125