0 0.67265625 0.44895833333333335 0.0609375 0.0625
0 0.63359375 0.4395833333333333 0.0359375 0.042708333333333334
0 0.609375 0.43854166666666666 0.021875 0.03333333333333333
0 0.1421875 0.5114583333333333 0.084375 0.12916666666666668
2 0.0828125 0.521875 0.090625 0.24583333333333332
2 0.21171875 0.484375 0.0703125 0.1875
2 0.28125 0.4864583333333333 0.04375 0.11354166666666667
2 0.35 0.484375 0.0375 0.09791666666666667
2 0.415625 0.4510416666666667 0.021875 0.06666666666666667
2 0.4375 0.45208333333333334 0.025 0.05625
2 0.4640625 0.44583333333333336 0.01875 0.04479166666666667
2 0.4828125 0.44479166666666664 0.01875 0.04479166666666667