2 0.565625 0.4864583333333333 0.0375 0.10520833333333333
0 0.525 0.48020833333333335 0.040625 0.03958333333333333
2 0.85078125 0.41354166666666664 0.0265625 0.040625
2 0.87734375 0.49270833333333336 0.0453125 0.196875
2 0.78671875 0.4864583333333333 0.0703125 0.20729166666666668
2 0.7359375 0.478125 0.046875 0.16458333333333333
2 0.6984375 0.484375 0.03125 0.13645833333333332
2 0.66875 0.4864583333333333 0.046875 0.14791666666666667
2 0.63828125 0.48541666666666666 0.0203125 0.06041666666666667
2 0.61640625 0.475 0.0234375 0.05416666666666667
2 0.84375 0.48125 0.028125 0.12708333333333333