0 0.08515625 0.6104166666666667 0.1703125 0.18541666666666667
0 0.1859375 0.528125 0.15625 0.15
0 0.2796875 0.5072916666666667 0.05 0.09583333333333334
0 0.3671875 0.48125 0.0375 0.071875
0 0.56875 0.471875 0.040625 0.053125
0 0.678125 0.5291666666666667 0.096875 0.10520833333333333
0 0.70234375 0.56875 0.1296875 0.14479166666666668
0 0.85 0.6479166666666667 0.296875 0.31666666666666665
0 0.94765625 0.8364583333333333 0.1015625 0.321875
2 0.6015625 0.5604166666666667 0.071875 0.22291666666666668
2 0.45078125 0.5635416666666667 0.0671875 0.2125
2 0.30625 0.5083333333333333 0.025 0.08958333333333333
2 0.39609375 0.46875 0.0234375 0.078125
0 0.75234375 0.45 0.0578125 0.0375
0 0.728125 0.44583333333333336 0.08125 0.042708333333333334
0 0.646875 0.44583333333333336 0.065625 0.029166666666666667
0 0.025 0.47708333333333336 0.05 0.06875