2 0.50078125 0.48333333333333334 0.0578125 0.15416666666666667
2 0.484375 0.4822916666666667 0.065625 0.14479166666666668
2 0.44453125 0.47291666666666665 0.0578125 0.14791666666666667
0 0.16953125 0.47708333333333336 0.1046875 0.0875
0 0.22890625 0.4708333333333333 0.0484375 0.06666666666666667
0 0.25 0.46458333333333335 0.0375 0.05416666666666667
0 0.26484375 0.4625 0.0390625 0.051041666666666666
0 0.296875 0.45625 0.0375 0.04895833333333333
0 0.58515625 0.471875 0.0859375 0.084375
0 0.540625 0.46145833333333336 0.040625 0.06041666666666667
0 0.32890625 0.453125 0.0359375 0.03958333333333333
2 0.03828125 0.44479166666666664 0.0578125 0.11875
0 0.353125 0.44895833333333335 0.015625 0.03125
0 0.36484375 0.4479166666666667 0.0140625 0.025
0 0.37890625 0.44583333333333336 0.0171875 0.027083333333333334
0 0.40234375 0.44479166666666664 0.0203125 0.025
0 0.425 0.44583333333333336 0.0125 0.015625