2 0.6484375 0.5208333333333334 0.059375 0.12291666666666666
2 0.8390625 0.5083333333333333 0.034375 0.10729166666666666
2 0.89765625 0.5083333333333333 0.0484375 0.10729166666666666
2 0.9390625 0.5104166666666666 0.04375 0.09583333333333334
0 0.46640625 0.5072916666666667 0.0515625 0.05625
0 0.396875 0.5854166666666667 0.43125 0.16041666666666668
0 0.9609375 0.6166666666666667 0.075 0.15625
2 0.19921875 0.46458333333333335 0.0203125 0.035416666666666666
2 0.2125 0.46145833333333336 0.01875 0.0375
2 0.2265625 0.465625 0.01875 0.03333333333333333
2 0.2359375 0.46979166666666666 0.01875 0.029166666666666667
2 0.253125 0.46875 0.021875 0.027083333333333334