0 0.23046875 0.4822916666666667 0.0796875 0.06666666666666667
0 0.171875 0.47604166666666664 0.059375 0.04479166666666667
2 0.84296875 0.525 0.0359375 0.11354166666666667
2 0.80078125 0.5229166666666667 0.0328125 0.10520833333333333
0 0.9578125 0.5270833333333333 0.08125 0.0625
0 0.75390625 0.51875 0.0765625 0.06458333333333334
0 0.88125 0.525 0.065625 0.07083333333333333
0 0.959375 0.7479166666666667 0.075 0.18333333333333332
0 0.2890625 0.48125 0.09375 0.07604166666666666
0 0.115625 0.46979166666666666 0.071875 0.053125
0 0.0640625 0.4666666666666667 0.053125 0.051041666666666666
0 0.021875 0.4666666666666667 0.04375 0.042708333333333334
0 0.534375 0.44583333333333336 0.0375 0.03333333333333333
0 0.609375 0.45 0.040625 0.029166666666666667