0 0.94296875 0.5510416666666667 0.1078125 0.203125
0 0.815625 0.5083333333333333 0.215625 0.18125
0 0.68671875 0.4947916666666667 0.0953125 0.09583333333333334
0 0.628125 0.4895833333333333 0.05 0.071875
0 0.59765625 0.48333333333333334 0.0359375 0.06041666666666667
0 0.571875 0.478125 0.034375 0.046875
0 0.54609375 0.478125 0.0234375 0.035416666666666666
0 0.5015625 0.48020833333333335 0.01875 0.022916666666666665
0 0.47578125 0.478125 0.0203125 0.022916666666666665
0 0.45859375 0.4822916666666667 0.0203125 0.022916666666666665
0 0.43671875 0.48333333333333334 0.0203125 0.025
2 0.2875 0.47604166666666664 0.015625 0.053125
2 0.26015625 0.47708333333333336 0.0203125 0.06458333333333334