0 0.0765625 0.48020833333333335 0.153125 0.125
0 0.1671875 0.46875 0.075 0.08958333333333333
0 0.2359375 0.46041666666666664 0.078125 0.06666666666666667
0 0.5296875 0.46979166666666666 0.06875 0.07604166666666666
0 0.5859375 0.5104166666666666 0.13125 0.13125
0 0.9484375 0.5645833333333333 0.096875 0.14791666666666667
0 0.45703125 0.4583333333333333 0.0265625 0.025
0 0.28671875 0.46041666666666664 0.0421875 0.06458333333333334
0 0.3296875 0.4552083333333333 0.046875 0.046875
0 0.37109375 0.4552083333333333 0.0359375 0.03958333333333333
0 0.3921875 0.45625 0.01875 0.029166666666666667
0 0.50859375 0.459375 0.0421875 0.0625
2 0.4796875 0.459375 0.0125 0.03958333333333333
2 0.43671875 0.4552083333333333 0.0109375 0.03958333333333333
2 0.425 0.45625 0.015625 0.040625
2 0.41484375 0.453125 0.0171875 0.042708333333333334