0 0.9203125 0.546875 0.159375 0.3125
0 0.80703125 0.5135416666666667 0.1453125 0.17916666666666667
0 0.7171875 0.5135416666666667 0.059375 0.10208333333333333
0 0.61796875 0.48333333333333334 0.0359375 0.06041666666666667
0 0.5890625 0.475 0.03125 0.051041666666666666
0 0.5015625 0.48020833333333335 0.05 0.05416666666666667
2 0.3171875 0.5010416666666667 0.065625 0.209375
0 0.384375 0.49166666666666664 0.0875 0.1875
0 0.2171875 0.48854166666666665 0.125 0.16041666666666668
0 0.1171875 0.521875 0.225 0.21041666666666667
0 0.0734375 0.6239583333333333 0.140625 0.353125