2 0.225 0.44895833333333335 0.0125 0.019791666666666666
2 0.25625 0.44583333333333336 0.0125 0.022916666666666665
2 0.29609375 0.46041666666666664 0.0109375 0.022916666666666665
2 0.31171875 0.465625 0.0109375 0.025
2 0.3265625 0.471875 0.009375 0.021875
2 0.38515625 0.47708333333333336 0.0140625 0.04479166666666667
2 0.39765625 0.4822916666666667 0.0109375 0.035416666666666666
2 0.40703125 0.4791666666666667 0.0109375 0.025
0 0.26484375 0.49375 0.1890625 0.078125
0 0.503125 0.48125 0.053125 0.05625
0 0.5625 0.48854166666666665 0.021875 0.027083333333333334
0 0.63203125 0.490625 0.0359375 0.035416666666666666
0 0.77734375 0.4979166666666667 0.0796875 0.058333333333333334
0 0.0140625 0.5041666666666667 0.025 0.05416666666666667