2 0.70078125 0.54375 0.0453125 0.146875
2 0.6453125 0.5052083333333334 0.034375 0.09583333333333334
2 0.9640625 0.46458333333333335 0.025 0.05416666666666667
2 0.97890625 0.48854166666666665 0.0234375 0.05416666666666667
2 0.23203125 0.46458333333333335 0.0234375 0.05416666666666667
2 0.1171875 0.49166666666666664 0.0375 0.09791666666666667
0 0.815625 0.47708333333333336 0.084375 0.06875
0 0.8921875 0.4864583333333333 0.040625 0.05416666666666667
0 0.75390625 0.5208333333333334 0.0796875 0.09583333333333334
0 0.5984375 0.4791666666666667 0.06875 0.053125
0 0.50859375 0.46145833333333336 0.0609375 0.04479166666666667
0 0.0828125 0.46458333333333335 0.059375 0.051041666666666666
2 0.5484375 0.45416666666666666 0.01875 0.040625
2 0.37578125 0.44895833333333335 0.0140625 0.03125
2 0.36796875 0.44895833333333335 0.0109375 0.035416666666666666
0 0.46875 0.459375 0.053125 0.035416666666666666
0 0.43046875 0.4552083333333333 0.0515625 0.027083333333333334
0 0.334375 0.4479166666666667 0.05 0.03333333333333333
2 0.7484375 0.4625 0.01875 0.03125
2 0.21875 0.465625 0.01875 0.05625
2 0.94296875 0.47708333333333336 0.0265625 0.05625