2 0.25234375 0.4979166666666667 0.0421875 0.1875
2 0.3875 0.478125 0.021875 0.06666666666666667
0 0.43828125 0.49166666666666664 0.0265625 0.0625
0 0.53671875 0.5260416666666666 0.1859375 0.19375
0 0.64453125 0.4864583333333333 0.0234375 0.035416666666666666
2 0.6671875 0.4875 0.01875 0.040625
0 0.690625 0.48854166666666665 0.025 0.05416666666666667
2 0.7125 0.49270833333333336 0.01875 0.05625
2 0.85 0.49166666666666664 0.021875 0.06875
0 0.9375 0.5177083333333333 0.125 0.14479166666666668
0 0.7375 0.49375 0.034375 0.046875