2 0.0875 0.475 0.028125 0.09791666666666667
2 0.1078125 0.4739583333333333 0.03125 0.09166666666666666
2 0.275 0.471875 0.021875 0.084375
2 0.35859375 0.4864583333333333 0.0328125 0.09791666666666667
2 0.60859375 0.4552083333333333 0.0203125 0.058333333333333334
2 0.87265625 0.46875 0.0296875 0.078125
0 0.77734375 0.490625 0.1984375 0.08958333333333333
0 0.5625 0.4552083333333333 0.028125 0.035416666666666666
0 0.4609375 0.4739583333333333 0.05 0.053125
2 0.909375 0.46041666666666664 0.01875 0.07083333333333333
2 0.66015625 0.4552083333333333 0.0203125 0.035416666666666666
0 0.51640625 0.4552083333333333 0.0203125 0.022916666666666665
0 0.49765625 0.45625 0.0296875 0.04479166666666667
0 0.490625 0.46458333333333335 0.025 0.03958333333333333