0 0.32734375 0.51875 0.2171875 0.17395833333333333
2 0.52578125 0.47604166666666664 0.0203125 0.06041666666666667
0 0.58203125 0.4197916666666667 0.0171875 0.019791666666666666
0 0.55546875 0.42604166666666665 0.0234375 0.022916666666666665
0 0.55859375 0.44895833333333335 0.0203125 0.022916666666666665
0 0.546875 0.46145833333333336 0.028125 0.0375
0 0.63125 0.4239583333333333 0.01875 0.022916666666666665
0 0.6359375 0.4395833333333333 0.021875 0.027083333333333334
0 0.609375 0.4270833333333333 0.01875 0.025
0 0.6453125 0.46770833333333334 0.040625 0.04895833333333333
2 0.8359375 0.44479166666666664 0.028125 0.04895833333333333
0 0.87734375 0.5 0.1171875 0.13333333333333333
0 0.9671875 0.5 0.065625 0.19166666666666668