0 0.428125 0.4708333333333333 0.04375 0.035416666666666666
0 0.34765625 0.46458333333333335 0.0609375 0.07083333333333333
0 0.3140625 0.48854166666666665 0.090625 0.078125
2 0.72265625 0.47708333333333336 0.0609375 0.209375
2 0.67109375 0.4239583333333333 0.0359375 0.09791666666666667
2 0.6640625 0.4875 0.053125 0.18958333333333333
2 0.9296875 0.5291666666666667 0.128125 0.6166666666666667
2 0.6265625 0.4708333333333333 0.028125 0.08958333333333333
2 0.59609375 0.46875 0.0359375 0.10208333333333333
2 0.540625 0.4666666666666667 0.028125 0.08229166666666667
2 0.5171875 0.465625 0.028125 0.084375
0 0.396875 0.46979166666666666 0.025 0.029166666666666667