0 0.94375 0.521875 0.109375 0.16770833333333332
0 0.8765625 0.4822916666666667 0.240625 0.19166666666666668
0 0.80234375 0.47708333333333336 0.1359375 0.140625
0 0.72734375 0.47708333333333336 0.0234375 0.071875
0 0.59609375 0.5020833333333333 0.2609375 0.33958333333333335
2 0.4421875 0.49166666666666664 0.040625 0.171875
0 0.19765625 0.478125 0.2796875 0.234375
0 0.25390625 0.4041666666666667 0.1328125 0.03125
0 0.0515625 0.38958333333333334 0.1 0.084375
0 0.05703125 0.5541666666666667 0.1140625 0.240625
2 0.34609375 0.49166666666666664 0.0578125 0.19583333333333333
0 0.39921875 0.4708333333333333 0.0984375 0.14791666666666667