0 0.81171875 0.5947916666666667 0.1828125 0.15833333333333333
0 0.7359375 0.546875 0.109375 0.09791666666666667
0 0.6828125 0.5145833333333333 0.096875 0.103125
0 0.628125 0.5010416666666667 0.040625 0.06041666666666667
0 0.503125 0.46145833333333336 0.025 0.025
0 0.5625 0.471875 0.028125 0.03333333333333333
2 0.35078125 0.46458333333333335 0.0109375 0.042708333333333334
2 0.4140625 0.46145833333333336 0.009375 0.0375
2 0.36171875 0.46458333333333335 0.0109375 0.042708333333333334
2 0.37109375 0.4635416666666667 0.0109375 0.040625
0 0.6078125 0.49375 0.025 0.058333333333333334
0 0.5984375 0.484375 0.021875 0.042708333333333334
0 0.5890625 0.48020833333333335 0.034375 0.051041666666666666
0 0.5234375 0.459375 0.028125 0.022916666666666665
2 0.48671875 0.46041666666666664 0.0203125 0.035416666666666666