0 0.9640625 0.42916666666666664 0.04375 0.051041666666666666
0 0.8125 0.44375 0.0375 0.042708333333333334
0 0.6921875 0.45729166666666665 0.040625 0.046875
2 0.72109375 0.4666666666666667 0.0234375 0.051041666666666666
0 0.46015625 0.471875 0.0546875 0.05625
0 0.43046875 0.45729166666666665 0.0203125 0.03125
0 0.23125 0.48541666666666666 0.065625 0.05625
0 0.1328125 0.49583333333333335 0.059375 0.051041666666666666
0 0.53046875 0.4708333333333333 0.0328125 0.035416666666666666
0 0.39375 0.4583333333333333 0.01875 0.025
0 0.3734375 0.4635416666666667 0.021875 0.029166666666666667
0 0.3421875 0.46979166666666666 0.028125 0.03333333333333333
0 0.3109375 0.4708333333333333 0.03125 0.035416666666666666
0 0.26953125 0.47291666666666665 0.0203125 0.042708333333333334