2 0.0859375 0.5083333333333333 0.04375 0.125
2 0.1640625 0.5072916666666667 0.04375 0.11875
2 0.2140625 0.5083333333333333 0.04375 0.12916666666666668
2 0.73828125 0.5114583333333333 0.0296875 0.08541666666666667
2 0.75859375 0.490625 0.0328125 0.109375
2 0.80703125 0.48020833333333335 0.0296875 0.08958333333333333
2 0.83515625 0.46979166666666666 0.0328125 0.12291666666666666
0 0.89921875 0.46770833333333334 0.0828125 0.1
0 0.5421875 0.6 0.415625 0.39791666666666664
0 0.3078125 0.46770833333333334 0.05 0.06041666666666667
2 0.71015625 0.46041666666666664 0.0296875 0.08541666666666667
0 0.01328125 0.56875 0.0265625 0.11354166666666667
0 0.9859375 0.725 0.025 0.22708333333333333