0 0.0625 0.5520833333333334 0.125 0.18125
0 0.175 0.5239583333333333 0.14375 0.11875
0 0.7421875 0.56875 0.18125 0.16770833333333332
0 0.665625 0.534375 0.096875 0.12291666666666666
0 0.903125 0.7395833333333334 0.190625 0.4354166666666667
0 0.49921875 0.4739583333333333 0.0453125 0.0375
2 0.603125 0.5125 0.05 0.178125
2 0.565625 0.5020833333333333 0.028125 0.11666666666666667
2 0.31953125 0.4947916666666667 0.0328125 0.10729166666666666
2 0.2890625 0.490625 0.028125 0.10208333333333333
0 0.3734375 0.4625 0.0625 0.05416666666666667
0 0.52265625 0.47291666666666665 0.0203125 0.03125
0 0.5375 0.475 0.01875 0.027083333333333334