2 0.01171875 0.5114583333333333 0.0203125 0.08229166666666667
2 0.0296875 0.509375 0.028125 0.07083333333333333
2 0.615625 0.46875 0.025 0.07395833333333333
2 0.8 0.47604166666666664 0.0375 0.15416666666666667
2 0.77265625 0.4864583333333333 0.0484375 0.16458333333333333
2 0.73828125 0.46875 0.0328125 0.13645833333333332
0 0.41328125 0.46770833333333334 0.0515625 0.0375
0 0.496875 0.5135416666666667 0.14375 0.12083333333333333
0 0.92421875 0.44895833333333335 0.1453125 0.14479166666666668
0 0.95 0.490625 0.09375 0.11666666666666667
2 0.1265625 0.4875 0.025 0.03333333333333333
0 0.64296875 0.44895833333333335 0.0234375 0.027083333333333334
2 0.66328125 0.43333333333333335 0.0203125 0.03958333333333333
2 0.6 0.45625 0.021875 0.053125
2 0.58046875 0.4583333333333333 0.0203125 0.04479166666666667