0 0.37109375 0.4625 0.1296875 0.13645833333333332
2 0.44609375 0.46145833333333336 0.0296875 0.134375
0 0.8984375 0.49583333333333335 0.203125 0.15208333333333332
0 0.80234375 0.459375 0.0796875 0.078125
0 0.759375 0.459375 0.0375 0.07083333333333333
0 0.48203125 0.453125 0.0484375 0.07395833333333333
0 0.66171875 0.4510416666666667 0.0203125 0.03958333333333333
0 0.5125 0.45729166666666665 0.021875 0.035416666666666666
0 0.53046875 0.4510416666666667 0.0203125 0.03125
0 0.5421875 0.446875 0.01875 0.022916666666666665
0 0.5546875 0.44583333333333336 0.0125 0.019791666666666666
0 0.56640625 0.44583333333333336 0.0109375 0.019791666666666666
0 0.61171875 0.44583333333333336 0.0109375 0.019791666666666666
0 0.6203125 0.446875 0.0125 0.019791666666666666
0 0.63125 0.44583333333333336 0.0125 0.015625
0 0.6453125 0.4479166666666667 0.01875 0.029166666666666667
0 0.696875 0.45729166666666665 0.053125 0.03958333333333333