2 0.8640625 0.51875 0.059375 0.15833333333333333
2 0.8234375 0.48541666666666666 0.046875 0.165625
2 0.9234375 0.484375 0.071875 0.30833333333333335
2 0.590625 0.46875 0.021875 0.06666666666666667
2 0.56953125 0.471875 0.0296875 0.071875
0 0.440625 0.48125 0.040625 0.040625
0 0.378125 0.48125 0.046875 0.040625
2 0.54921875 0.46979166666666666 0.0203125 0.071875
2 0.53671875 0.475 0.0234375 0.06666666666666667
2 0.5234375 0.47604166666666664 0.01875 0.06458333333333334
2 0.50546875 0.4739583333333333 0.0234375 0.06458333333333334