0 0.65859375 0.46458333333333335 0.0453125 0.07395833333333333
0 0.62421875 0.45729166666666665 0.0265625 0.06666666666666667
0 0.31953125 0.46458333333333335 0.0828125 0.09791666666666667
0 0.371875 0.4625 0.04375 0.07083333333333333
2 0.265625 0.475 0.0375 0.13645833333333332
2 0.1796875 0.4822916666666667 0.071875 0.14479166666666668
2 0.1 0.475 0.040625 0.12083333333333333
2 0.0671875 0.46979166666666666 0.040625 0.13854166666666667
2 0.73515625 0.4510416666666667 0.0265625 0.06666666666666667
2 0.98984375 0.44479166666666664 0.0203125 0.146875
0 0.4046875 0.465625 0.05 0.05625
0 0.43828125 0.45625 0.0546875 0.06875
0 0.51171875 0.459375 0.0359375 0.042708333333333334
0 0.6078125 0.46041666666666664 0.025 0.040625
0 0.70546875 0.4708333333333333 0.0359375 0.07395833333333333