2 0.54375 0.5645833333333333 0.053125 0.19166666666666668
2 0.4875 0.478125 0.01875 0.078125
2 0.46015625 0.48125 0.0265625 0.084375
2 0.4390625 0.4822916666666667 0.025 0.08229166666666667
0 0.7796875 0.5447916666666667 0.115625 0.12916666666666668
0 0.86171875 0.5010416666666667 0.0609375 0.0875
0 0.72109375 0.5989583333333334 0.1828125 0.18541666666666667
0 0.38359375 0.5 0.0859375 0.08229166666666667
0 0.30078125 0.559375 0.1078125 0.146875
0 0.18359375 0.609375 0.2171875 0.234375
0 0.06171875 0.6375 0.1234375 0.334375
0 0.7140625 0.47604166666666664 0.028125 0.0375
0 0.59375 0.4552083333333333 0.03125 0.035416666666666666