0 0.484375 0.5635416666666667 0.15 0.15
2 0.55859375 0.5010416666666667 0.0328125 0.06041666666666667
2 0.70078125 0.515625 0.0265625 0.10208333333333333
2 0.72109375 0.496875 0.0265625 0.05625
2 0.73984375 0.5145833333333333 0.0328125 0.1
2 0.765625 0.5239583333333333 0.025 0.1
2 0.78515625 0.5375 0.0359375 0.10208333333333333
2 0.815625 0.5333333333333333 0.034375 0.109375
2 0.84609375 0.534375 0.0296875 0.10729166666666666
2 0.89375 0.5354166666666667 0.028125 0.109375
2 0.9296875 0.5354166666666667 0.034375 0.11354166666666667
2 0.30390625 0.5083333333333333 0.0296875 0.08229166666666667