0 0.2765625 0.5052083333333334 0.109375 0.09583333333333334
0 0.390625 0.475 0.05 0.0625
0 0.37890625 0.4895833333333333 0.0234375 0.040625
0 0.359375 0.4947916666666667 0.0375 0.06041666666666667
0 0.33984375 0.50625 0.0359375 0.07083333333333333
0 0.5875 0.4947916666666667 0.05 0.08020833333333334
0 0.63828125 0.5020833333333333 0.0796875 0.125
0 0.66640625 0.5489583333333333 0.1078125 0.11666666666666667
2 0.42734375 0.5166666666666667 0.0359375 0.12291666666666666
2 0.52734375 0.5041666666666667 0.0359375 0.109375
0 0.26171875 0.459375 0.0359375 0.03125