2 0.65390625 0.49166666666666664 0.0515625 0.1625
2 0.55546875 0.46875 0.0296875 0.06666666666666667
2 0.53515625 0.465625 0.0234375 0.071875
2 0.353125 0.46979166666666666 0.03125 0.134375
2 0.32578125 0.475 0.0296875 0.125
2 0.1046875 0.49270833333333336 0.065625 0.259375
0 0.19140625 0.46458333333333335 0.0578125 0.07395833333333333
0 0.04921875 0.49166666666666664 0.0828125 0.11145833333333334
2 0.83046875 0.48125 0.0203125 0.040625
2 0.87109375 0.4875 0.0203125 0.03333333333333333
2 0.88828125 0.49166666666666664 0.0203125 0.05625
2 0.4484375 0.459375 0.01875 0.046875
2 0.40078125 0.45729166666666665 0.0203125 0.046875
0 0.2703125 0.45625 0.040625 0.05625
2 0.625 0.46145833333333336 0.009375 0.029166666666666667
2 0.6171875 0.46041666666666664 0.0125 0.03125
0 0.04609375 0.4114583333333333 0.0765625 0.05625