2 0.159375 0.55 0.103125 0.4
2 0.0609375 0.634375 0.11875 0.7229166666666667
2 0.33671875 0.46770833333333334 0.0296875 0.0875
2 0.36015625 0.4708333333333333 0.0265625 0.08958333333333333
2 0.8390625 0.49166666666666664 0.025 0.06666666666666667
2 0.853125 0.49375 0.01875 0.058333333333333334
0 0.575 0.46145833333333336 0.025 0.025
0 0.275 0.4552083333333333 0.040625 0.06666666666666667
2 0.44375 0.45729166666666665 0.021875 0.051041666666666666
2 0.45703125 0.45416666666666666 0.0203125 0.053125
2 0.6234375 0.46458333333333335 0.021875 0.051041666666666666
2 0.875 0.4864583333333333 0.025 0.035416666666666666