2 0.759375 0.45729166666666665 0.0375 0.109375
2 0.73203125 0.45729166666666665 0.0234375 0.08958333333333333
2 0.71640625 0.46875 0.0359375 0.10520833333333333
2 0.6546875 0.4739583333333333 0.021875 0.09583333333333334
2 0.63515625 0.4739583333333333 0.0265625 0.1
0 0.4078125 0.46458333333333335 0.03125 0.035416666666666666
0 0.378125 0.46041666666666664 0.028125 0.027083333333333334
0 0.3484375 0.46145833333333336 0.034375 0.0375
0 0.31015625 0.46770833333333334 0.0515625 0.053125
0 0.24453125 0.4739583333333333 0.0703125 0.06875
2 0.60703125 0.4635416666666667 0.0203125 0.09583333333333334
2 0.4828125 0.45625 0.01875 0.03333333333333333
2 0.565625 0.44479166666666664 0.01875 0.053125
2 0.1078125 0.44583333333333336 0.021875 0.022916666666666665