0 0.54375 0.5677083333333334 0.28125 0.228125
2 0.98203125 0.50625 0.0328125 0.16458333333333333
2 0.94375 0.4822916666666667 0.03125 0.10520833333333333
2 0.9171875 0.4791666666666667 0.025 0.11145833333333334
1 0.8953125 0.515625 0.021875 0.027083333333333334
2 0.14765625 0.47708333333333336 0.0234375 0.0625
2 0.10234375 0.47708333333333336 0.0234375 0.07395833333333333
2 0.13203125 0.47604166666666664 0.0203125 0.06041666666666667
0 0.4140625 0.46770833333333334 0.01875 0.025
0 0.403125 0.4708333333333333 0.01875 0.027083333333333334
0 0.38671875 0.4739583333333333 0.0203125 0.029166666666666667
2 0.2640625 0.496875 0.021875 0.040625
2 0.196875 0.47708333333333336 0.03125 0.06666666666666667
2 0.08125 0.48020833333333335 0.025 0.08541666666666667
2 0.0625 0.47708333333333336 0.01875 0.084375
2 0.0375 0.48125 0.025 0.07604166666666666
2 0.2171875 0.4708333333333333 0.015625 0.051041666666666666
2 0.009375 0.4552083333333333 0.01875 0.035416666666666666