2 0.87578125 0.5125 0.0328125 0.13854166666666667
2 0.82578125 0.5229166666666667 0.0203125 0.035416666666666666
2 0.7078125 0.45 0.01875 0.0375
0 0.60078125 0.44895833333333335 0.0578125 0.046875
0 0.56484375 0.4354166666666667 0.0234375 0.03958333333333333
0 0.534375 0.42604166666666665 0.01875 0.035416666666666666
0 0.5171875 0.428125 0.01875 0.027083333333333334
0 0.475 0.43125 0.015625 0.015625
0 0.55625 0.4239583333333333 0.028125 0.051041666666666666
0 0.4546875 0.42916666666666664 0.025 0.029166666666666667
0 0.43046875 0.42916666666666664 0.0140625 0.025
0 0.40703125 0.428125 0.0328125 0.03958333333333333
2 0.37734375 0.44375 0.0234375 0.08958333333333333
2 0.35625 0.45416666666666666 0.028125 0.09166666666666666
0 0.3234375 0.4510416666666667 0.0375 0.08229166666666667
2 0.275 0.4739583333333333 0.05625 0.18541666666666667