0 0.2375 0.5229166666666667 0.1625 0.15833333333333333
0 0.3921875 0.4708333333333333 0.046875 0.07395833333333333
0 0.36953125 0.48125 0.0484375 0.06875
0 0.34140625 0.49895833333333334 0.0453125 0.071875
0 0.32578125 0.509375 0.0453125 0.07395833333333333
0 0.62734375 0.48854166666666665 0.0578125 0.0625
0 0.659375 0.509375 0.0875 0.08541666666666667
0 0.78828125 0.5916666666666667 0.2234375 0.1875
2 0.02109375 0.47604166666666664 0.0234375 0.07604166666666666
0 0.9625 0.8697916666666666 0.06875 0.24375
2 0.421875 0.4739583333333333 0.01875 0.05625
0 0.59140625 0.46875 0.0359375 0.046875
0 0.578125 0.4583333333333333 0.0375 0.040625
0 0.4359375 0.4552083333333333 0.03125 0.046875
0 0.45390625 0.4510416666666667 0.0203125 0.035416666666666666
2 0.5375 0.44479166666666664 0.01875 0.0375
2 0.5265625 0.44479166666666664 0.01875 0.0375
0 0.94921875 0.4708333333333333 0.0828125 0.10520833333333333
0 0.0203125 0.6552083333333333 0.040625 0.18958333333333333