2 0.14609375 0.5 0.0671875 0.27708333333333335
2 0.0546875 0.49166666666666664 0.059375 0.265625
0 0.19375 0.46875 0.04375 0.06666666666666667
2 0.35390625 0.46770833333333334 0.0265625 0.06041666666666667
2 0.371875 0.4635416666666667 0.025 0.06875
2 0.828125 0.48125 0.01875 0.0375
2 0.8734375 0.49166666666666664 0.01875 0.029166666666666667
2 0.8875 0.48854166666666665 0.01875 0.051041666666666666
2 0.4484375 0.46041666666666664 0.01875 0.04479166666666667
0 0.2734375 0.459375 0.034375 0.0625
0 0.028125 0.4895833333333333 0.0375 0.1