0 0.15625 0.5604166666666667 0.165625 0.13645833333333332
0 0.25703125 0.5197916666666667 0.1171875 0.12916666666666668
0 0.334375 0.5 0.059375 0.07083333333333333
0 0.35625 0.48125 0.053125 0.05625
2 0.3921875 0.478125 0.025 0.08229166666666667
2 0.71015625 0.471875 0.0328125 0.07604166666666666
1 0.76484375 0.5145833333333333 0.0203125 0.025
0 0.91796875 0.803125 0.1578125 0.37916666666666665
0 0.846875 0.6666666666666666 0.275 0.2833333333333333
0 0.665625 0.5375 0.128125 0.11354166666666667
0 0.6015625 0.48854166666666665 0.065625 0.08229166666666667
0 0.56796875 0.46979166666666666 0.0421875 0.053125
0 0.4234375 0.46041666666666664 0.04375 0.03125
0 0.490625 0.44166666666666665 0.03125 0.027083333333333334
2 0.51328125 0.446875 0.0140625 0.03958333333333333
0 0.55 0.45416666666666666 0.040625 0.04479166666666667
0 0.0171875 0.6583333333333333 0.034375 0.14791666666666667