0 0.94296875 0.7020833333333333 0.1078125 0.21666666666666667
2 0.94140625 0.5395833333333333 0.0484375 0.134375
0 0.79140625 0.6114583333333333 0.2828125 0.17916666666666667
0 0.63671875 0.553125 0.2046875 0.13333333333333333
0 0.53046875 0.5229166666666667 0.1453125 0.10729166666666666
2 0.14375 0.46145833333333336 0.021875 0.04479166666666667
2 0.08671875 0.46979166666666666 0.0296875 0.053125
0 0.03828125 0.4708333333333333 0.0671875 0.046875
2 0.21328125 0.459375 0.0203125 0.046875
2 0.39921875 0.4875 0.0296875 0.06041666666666667
0 0.41875 0.4739583333333333 0.034375 0.06041666666666667
0 0.4703125 0.475 0.046875 0.05416666666666667
0 0.60703125 0.4708333333333333 0.0765625 0.051041666666666666
0 0.82578125 0.4552083333333333 0.0328125 0.035416666666666666