0 0.0578125 0.509375 0.1125 0.13333333333333333
0 0.1375 0.5010416666666667 0.1 0.0875
2 0.63984375 0.4979166666666667 0.0453125 0.109375
2 0.49375 0.46041666666666664 0.025 0.053125
2 0.53046875 0.4552083333333333 0.0109375 0.042708333333333334
2 0.55234375 0.4583333333333333 0.0140625 0.0375
0 0.3859375 0.459375 0.034375 0.03125
0 0.40234375 0.45625 0.0296875 0.0375
0 0.46171875 0.4583333333333333 0.0234375 0.021875
0 0.425 0.4583333333333333 0.021875 0.03333333333333333
0 0.4375 0.45729166666666665 0.01875 0.027083333333333334