2 0.5234375 0.3770833333333333 0.03125 0.10520833333333333
2 0.59921875 0.3854166666666667 0.0296875 0.103125
0 0.68046875 0.41458333333333336 0.1015625 0.09375
0 0.79609375 0.41458333333333336 0.1734375 0.209375
0 0.88359375 0.45729166666666665 0.2296875 0.37083333333333335
0 0.396875 0.37604166666666666 0.05 0.06458333333333334
0 0.35390625 0.3875 0.0734375 0.07604166666666666
0 0.42734375 0.37916666666666665 0.0296875 0.03958333333333333
0 0.2546875 0.4010416666666667 0.109375 0.12291666666666666
0 0.1125 0.41875 0.221875 0.165625
0 0.56875 0.3802083333333333 0.028125 0.0375
0 0.43984375 0.37083333333333335 0.0328125 0.03958333333333333
0 0.46171875 0.3697916666666667 0.0265625 0.03333333333333333
0 0.4875 0.375 0.021875 0.022916666666666665