0 0.03046875 0.4635416666666667 0.0609375 0.13854166666666667
0 0.06953125 0.44583333333333336 0.1296875 0.13333333333333333
0 0.13046875 0.42604166666666665 0.1734375 0.140625
0 0.3 0.521875 0.2875 0.28541666666666665
0 0.9015625 0.43333333333333335 0.1875 0.13645833333333332
0 0.90546875 0.5083333333333333 0.1859375 0.265625
2 0.54296875 0.43645833333333334 0.0359375 0.115625
2 0.5046875 0.446875 0.028125 0.09375
2 0.653125 0.44895833333333335 0.053125 0.23854166666666668
2 0.7171875 0.44166666666666665 0.08125 0.28125
2 0.7765625 0.47708333333333336 0.065625 0.259375
2 0.49296875 0.42083333333333334 0.0234375 0.09166666666666666