0 0.57109375 0.5614583333333333 0.2890625 0.2635416666666667
2 0.89453125 0.4739583333333333 0.0296875 0.103125
2 0.8703125 0.490625 0.034375 0.12916666666666668
1 0.85625 0.5010416666666667 0.0125 0.029166666666666667
2 0.15859375 0.4708333333333333 0.0234375 0.06666666666666667
2 0.1265625 0.47291666666666665 0.021875 0.07083333333333333
2 0.73515625 0.465625 0.0328125 0.071875
0 0.415625 0.46145833333333336 0.01875 0.025
0 0.40625 0.4666666666666667 0.021875 0.027083333333333334
0 0.39296875 0.46875 0.0203125 0.03125
2 0.271875 0.4739583333333333 0.028125 0.06041666666666667
2 0.0796875 0.4708333333333333 0.053125 0.09375