0 0.75390625 0.40625 0.1046875 0.08541666666666667
0 0.7 0.3958333333333333 0.053125 0.06458333333333334
0 0.296875 0.4510416666666667 0.175 0.17916666666666667
0 0.440625 0.4041666666666667 0.04375 0.0625
0 0.6359375 0.38645833333333335 0.03125 0.051041666666666666
2 0.4734375 0.38958333333333334 0.021875 0.071875
2 0.540625 0.384375 0.03125 0.08541666666666667
0 0.65703125 0.390625 0.0484375 0.05416666666666667
0 0.61640625 0.38125 0.0265625 0.035416666666666666
0 0.60703125 0.378125 0.0234375 0.03333333333333333
0 0.59140625 0.37395833333333334 0.0234375 0.029166666666666667
0 0.49609375 0.3854166666666667 0.0234375 0.029166666666666667
0 0.37109375 0.41354166666666664 0.0953125 0.12291666666666666