2 0.84296875 0.49166666666666664 0.0609375 0.17604166666666668
2 0.7203125 0.5083333333333333 0.103125 0.16458333333333333
2 0.63125 0.5010416666666667 0.0625 0.178125
2 0.5953125 0.5010416666666667 0.046875 0.18958333333333333
2 0.5546875 0.503125 0.0375 0.18541666666666667
2 0.51171875 0.5041666666666667 0.0671875 0.22291666666666668
2 0.46015625 0.55625 0.0953125 0.30833333333333335
2 0.425 0.5083333333333333 0.05625 0.18125
2 0.31875 0.5354166666666667 0.071875 0.22291666666666668
2 0.12578125 0.56875 0.0984375 0.30416666666666664
2 0.05234375 0.55 0.0640625 0.275