0 0.8234375 0.48541666666666666 0.184375 0.11875
0 0.68125 0.559375 0.159375 0.13854166666666667
0 0.78515625 0.6364583333333333 0.2734375 0.22708333333333333
0 0.88125 0.809375 0.234375 0.3770833333333333
0 0.334375 0.478125 0.021875 0.042708333333333334
0 0.33046875 0.46145833333333336 0.0328125 0.0375
0 0.1140625 0.5041666666666667 0.103125 0.078125
0 0.040625 0.5083333333333333 0.075 0.11666666666666667
0 0.034375 0.6041666666666666 0.065625 0.15
2 0.6265625 0.45208333333333334 0.01875 0.053125
2 0.59765625 0.4552083333333333 0.0203125 0.05416666666666667
2 0.240625 0.4666666666666667 0.01875 0.058333333333333334
0 0.2921875 0.459375 0.034375 0.046875
0 0.39453125 0.45625 0.0234375 0.025
0 0.43359375 0.46458333333333335 0.0296875 0.03125