2 0.7109375 0.5197916666666667 0.03125 0.078125
2 0.73828125 0.5052083333333334 0.0234375 0.053125
2 0.934375 0.51875 0.025 0.04479166666666667
2 0.915625 0.5166666666666667 0.01875 0.0375
2 0.89609375 0.515625 0.0265625 0.042708333333333334
2 0.8640625 0.5135416666666667 0.025 0.05416666666666667
2 0.8484375 0.5166666666666667 0.01875 0.053125
2 0.79453125 0.509375 0.0296875 0.035416666666666666
0 0.06640625 0.5114583333333333 0.0734375 0.07395833333333333
0 0.0296875 0.521875 0.059375 0.07395833333333333
0 0.31015625 0.5333333333333333 0.2109375 0.19583333333333333
0 0.2125 0.5385416666666667 0.028125 0.03333333333333333