2 0.3609375 0.4625 0.03125 0.08958333333333333
2 0.3375 0.4583333333333333 0.025 0.084375
2 0.19296875 0.5385416666666667 0.1046875 0.365625
2 0.01953125 0.375 0.0359375 0.07083333333333333
2 0.0765625 0.646875 0.15 0.6916666666666667
2 0.834375 0.49166666666666664 0.021875 0.051041666666666666
2 0.8453125 0.49166666666666664 0.021875 0.053125
0 0.275 0.45625 0.040625 0.06041666666666667
2 0.62421875 0.4635416666666667 0.0265625 0.053125
2 0.8765625 0.48541666666666666 0.021875 0.029166666666666667
2 0.8890625 0.4979166666666667 0.03125 0.058333333333333334
2 0.4515625 0.459375 0.01875 0.046875
2 0.44375 0.45729166666666665 0.01875 0.046875
2 0.40546875 0.4583333333333333 0.0203125 0.05625