0 0.93671875 0.73125 0.1234375 0.165625
0 0.025 0.7635416666666667 0.05 0.32083333333333336
0 0.09140625 0.6302083333333334 0.1796875 0.35
0 0.24609375 0.4864583333333333 0.0546875 0.058333333333333334
0 0.2734375 0.46875 0.040625 0.046875
0 0.4921875 0.496875 0.05625 0.05625
0 0.4734375 0.48020833333333335 0.05 0.0625
0 0.95703125 0.5239583333333333 0.0765625 0.09583333333333334
2 0.7671875 0.525 0.040625 0.08229166666666667
2 0.71796875 0.5114583333333333 0.0296875 0.09791666666666667
1 0.69921875 0.540625 0.0296875 0.03125
0 0.1640625 0.46041666666666664 0.028125 0.05625
0 0.1875 0.4583333333333333 0.028125 0.04479166666666667
0 0.43984375 0.4791666666666667 0.0234375 0.03333333333333333
0 0.434375 0.47291666666666665 0.0375 0.035416666666666666
0 0.41484375 0.46770833333333334 0.0296875 0.029166666666666667
2 0.33671875 0.459375 0.0234375 0.051041666666666666