0 0.8578125 0.49270833333333336 0.275 0.2520833333333333
0 0.70703125 0.4395833333333333 0.0453125 0.08958333333333333
0 0.66171875 0.44166666666666665 0.0484375 0.05416666666666667
0 0.44375 0.43125 0.04375 0.042708333333333334
0 0.4953125 0.42916666666666664 0.040625 0.040625
2 0.38046875 0.4322916666666667 0.0234375 0.053125
0 0.35390625 0.48854166666666665 0.0984375 0.15625
0 0.2359375 0.5416666666666666 0.290625 0.2635416666666667
0 0.63125 0.4354166666666667 0.03125 0.046875
0 0.6078125 0.4322916666666667 0.03125 0.0375
0 0.58125 0.428125 0.028125 0.03125
2 0.55234375 0.425 0.0140625 0.0375
0 0.565625 0.4239583333333333 0.021875 0.035416666666666666
0 0.41171875 0.440625 0.0359375 0.06041666666666667