2 0.35 0.5291666666666667 0.06875 0.18333333333333332
2 0.4640625 0.5 0.0375 0.11354166666666667
2 0.484375 0.49270833333333336 0.028125 0.103125
0 0.23046875 0.48333333333333334 0.0421875 0.071875
0 0.29375 0.4708333333333333 0.053125 0.08541666666666667
0 0.42578125 0.46875 0.0296875 0.027083333333333334
0 0.5515625 0.46875 0.0625 0.058333333333333334
0 0.7515625 0.46041666666666664 0.115625 0.078125
0 0.859375 0.4375 0.103125 0.058333333333333334
0 0.51328125 0.46875 0.0296875 0.042708333333333334
0 0.40078125 0.4625 0.0203125 0.027083333333333334