0 0.953125 0.6197916666666666 0.09375 0.2875
2 0.8890625 0.6375 0.090625 0.2833333333333333
0 0.85625 0.546875 0.15625 0.17604166666666668
0 0.7625 0.5177083333333333 0.09375 0.12083333333333333
0 0.7125 0.49166666666666664 0.0875 0.09583333333333334
0 0.65234375 0.490625 0.0453125 0.07083333333333333
0 0.5921875 0.453125 0.0375 0.042708333333333334
0 0.56953125 0.4510416666666667 0.0296875 0.035416666666666666
0 0.55234375 0.440625 0.0296875 0.04479166666666667
0 0.4359375 0.4583333333333333 0.040625 0.040625
0 0.35859375 0.5302083333333333 0.1015625 0.103125
0 0.25703125 0.5458333333333333 0.1828125 0.15
0 0.15546875 0.646875 0.2859375 0.25
0 0.03828125 0.8072916666666666 0.0671875 0.209375
0 0.1140625 0.4510416666666667 0.0875 0.027083333333333334
0 0.25625 0.43333333333333335 0.103125 0.042708333333333334
0 0.3203125 0.440625 0.040625 0.053125
0 0.50625 0.440625 0.01875 0.025