0 0.18984375 0.46041666666666664 0.0515625 0.07395833333333333
0 0.0734375 0.446875 0.14375 0.13645833333333332
0 0.046875 0.490625 0.090625 0.125
2 0.3421875 0.471875 0.025 0.09166666666666666
2 0.321875 0.46979166666666666 0.021875 0.084375
2 0.384375 0.46875 0.021875 0.06666666666666667
2 0.359375 0.46770833333333334 0.01875 0.06458333333333334
2 0.45 0.4635416666666667 0.01875 0.04895833333333333
0 0.58125 0.46458333333333335 0.040625 0.03125
2 0.640625 0.46770833333333334 0.009375 0.021875
2 0.63203125 0.4625 0.0078125 0.027083333333333334
2 0.62421875 0.46458333333333335 0.0109375 0.022916666666666665
2 0.83125 0.478125 0.01875 0.042708333333333334
2 0.871875 0.4864583333333333 0.01875 0.03125
2 0.8875 0.4895833333333333 0.01875 0.053125