0 0.27421875 0.465625 0.1171875 0.06458333333333334
0 0.14140625 0.45416666666666666 0.1046875 0.06041666666666667
0 0.55546875 0.475 0.0484375 0.042708333333333334
0 0.6265625 0.484375 0.05625 0.058333333333333334
0 0.68828125 0.50625 0.0921875 0.12083333333333333
0 0.76171875 0.5270833333333333 0.1546875 0.140625
0 0.825 0.5770833333333333 0.196875 0.178125
0 0.903125 0.6520833333333333 0.190625 0.31666666666666665
2 0.0609375 0.48854166666666665 0.04375 0.140625
1 0.0234375 0.540625 0.028125 0.03958333333333333
0 0.0328125 0.4510416666666667 0.053125 0.10208333333333333
0 0.47421875 0.459375 0.0296875 0.03125
0 0.59609375 0.47708333333333336 0.0328125 0.04479166666666667
0 0.64375 0.5010416666666667 0.04375 0.07604166666666666
0 0.440625 0.45729166666666665 0.021875 0.03125