0 0.39375 0.475 0.075 0.03125
2 0.19765625 0.46770833333333334 0.0140625 0.06875
0 0.9078125 0.45208333333333334 0.05 0.04895833333333333
2 0.96875 0.48541666666666666 0.059375 0.228125
2 0.6546875 0.4635416666666667 0.01875 0.053125
2 0.63515625 0.4625 0.0203125 0.05416666666666667
2 0.6171875 0.46145833333333336 0.025 0.053125
2 0.5953125 0.46041666666666664 0.021875 0.040625
2 0.546875 0.47708333333333336 0.025 0.10520833333333333
2 0.4859375 0.4791666666666667 0.03125 0.09166666666666666
0 0.4578125 0.4666666666666667 0.01875 0.027083333333333334