2 0.0390625 0.44479166666666664 0.046875 0.0875
2 0.84921875 0.45416666666666666 0.0234375 0.07604166666666666
2 0.83203125 0.45729166666666665 0.0203125 0.07395833333333333
0 0.0671875 0.540625 0.13125 0.16458333333333333
0 0.34375 0.50625 0.1625 0.13645833333333332
0 0.42734375 0.48854166666666665 0.0703125 0.09791666666666667
0 0.5546875 0.47291666666666665 0.065625 0.06666666666666667
2 0.44375 0.44479166666666664 0.0125 0.029166666666666667
0 0.58984375 0.4552083333333333 0.0171875 0.027083333333333334
2 0.70859375 0.44583333333333336 0.0171875 0.027083333333333334
2 0.90546875 0.43020833333333336 0.0140625 0.040625
2 0.92890625 0.46770833333333334 0.0515625 0.11875