2 0.571875 0.428125 0.01875 0.05416666666666667
0 0.63046875 0.44479166666666664 0.1046875 0.06041666666666667
0 0.52734375 0.4322916666666667 0.0796875 0.06041666666666667
0 0.4765625 0.440625 0.025 0.03333333333333333
0 0.46796875 0.42604166666666665 0.0296875 0.042708333333333334
0 0.44453125 0.428125 0.0265625 0.03958333333333333
0 0.41015625 0.42604166666666665 0.0265625 0.035416666666666666
2 0.39140625 0.45 0.0203125 0.084375
2 0.37421875 0.4479166666666667 0.0171875 0.084375
2 0.33046875 0.4114583333333333 0.0109375 0.025
2 0.3203125 0.41041666666666665 0.0125 0.027083333333333334
0 0.1375 0.43333333333333335 0.040625 0.046875