0 0.7234375 0.5125 0.14375 0.11875
0 0.55859375 0.4666666666666667 0.0484375 0.051041666666666666
0 0.071875 0.45 0.13125 0.15
0 0.04765625 0.48541666666666666 0.0921875 0.12708333333333333
2 0.1484375 0.49166666666666664 0.05 0.18125
2 0.19765625 0.490625 0.0484375 0.19583333333333333
2 0.24921875 0.47291666666666665 0.0359375 0.14479166666666668
2 0.290625 0.4791666666666667 0.034375 0.12708333333333333
2 0.38671875 0.4635416666666667 0.0265625 0.071875
2 0.40625 0.4708333333333333 0.025 0.07083333333333333
2 0.9859375 0.5083333333333333 0.028125 0.09791666666666667
2 0.44921875 0.46041666666666664 0.0140625 0.046875
0 0.35703125 0.4510416666666667 0.0234375 0.03125
2 0.33984375 0.4510416666666667 0.0203125 0.03958333333333333
2 0.834375 0.48020833333333335 0.01875 0.042708333333333334
2 0.87265625 0.4895833333333333 0.0203125 0.03333333333333333
2 0.6328125 0.4625 0.009375 0.03125
2 0.62578125 0.4666666666666667 0.0109375 0.022916666666666665
2 0.61953125 0.46041666666666664 0.0109375 0.03125