2 0.4625 0.46041666666666664 0.025 0.058333333333333334
2 0.72734375 0.45416666666666666 0.0203125 0.06041666666666667
2 0.7109375 0.4635416666666667 0.021875 0.05625
0 0.41953125 0.646875 0.2796875 0.30104166666666665
2 0.10546875 0.471875 0.0234375 0.09583333333333334
2 0.07890625 0.46979166666666666 0.0265625 0.09166666666666666
2 0.24296875 0.45208333333333334 0.0203125 0.025
0 0.44453125 0.4479166666666667 0.0296875 0.03333333333333333
0 0.48359375 0.45208333333333334 0.0234375 0.040625
0 0.5046875 0.4354166666666667 0.03125 0.027083333333333334
2 0.20078125 0.46979166666666666 0.0203125 0.06041666666666667