2 0.3546875 0.4552083333333333 0.025 0.058333333333333334
2 0.67890625 0.503125 0.0359375 0.1
2 0.7359375 0.471875 0.021875 0.06458333333333334
2 0.753125 0.46979166666666666 0.025 0.05625
0 0.10234375 0.5083333333333333 0.1984375 0.140625
0 0.21640625 0.625 0.2421875 0.21458333333333332
0 0.121875 0.7895833333333333 0.240625 0.41458333333333336
0 0.64140625 0.4791666666666667 0.0484375 0.053125
0 0.925 0.5177083333333333 0.140625 0.09791666666666667
2 0.33828125 0.453125 0.0203125 0.051041666666666666
2 0.36875 0.45416666666666666 0.01875 0.05625
0 0.9296875 0.46770833333333334 0.103125 0.0375
0 0.98203125 0.5229166666666667 0.0359375 0.11666666666666667
0 0.54609375 0.471875 0.0328125 0.029166666666666667
0 0.5625 0.46458333333333335 0.021875 0.035416666666666666
0 0.58671875 0.46041666666666664 0.0234375 0.025