2 0.35625 0.496875 0.0875 0.209375
2 0.81328125 0.515625 0.0703125 0.26145833333333335
0 0.434375 0.496875 0.1125 0.134375
0 0.60078125 0.4979166666666667 0.0609375 0.078125
0 0.64453125 0.50625 0.0421875 0.08541666666666667
0 0.721875 0.48854166666666665 0.1125 0.14791666666666667
0 0.7375 0.5125 0.0875 0.134375
0 0.88125 0.515625 0.06875 0.16770833333333332
0 0.94609375 0.4875 0.1046875 0.228125
0 0.965625 0.5895833333333333 0.065625 0.20729166666666668
0 0.53203125 0.4979166666666667 0.0671875 0.06666666666666667