2 0.790625 0.440625 0.021875 0.09166666666666666
2 0.76640625 0.42916666666666664 0.0140625 0.06875
2 0.73828125 0.44583333333333336 0.0328125 0.10208333333333333
2 0.71484375 0.42916666666666664 0.0140625 0.06666666666666667
2 0.6921875 0.41354166666666664 0.021875 0.0375
2 0.540625 0.446875 0.04375 0.10208333333333333
0 0.465625 0.43854166666666666 0.025 0.025
2 0.4265625 0.434375 0.0125 0.025
2 0.4109375 0.43020833333333336 0.0125 0.029166666666666667
2 0.26171875 0.428125 0.0109375 0.035416666666666666
2 0.19296875 0.434375 0.0109375 0.040625
2 0.18203125 0.42916666666666664 0.0109375 0.042708333333333334