2 0.2203125 0.48333333333333334 0.021875 0.09166666666666666
2 0.27265625 0.5010416666666667 0.0296875 0.04895833333333333
2 0.303125 0.471875 0.01875 0.05625
2 0.35859375 0.4708333333333333 0.0203125 0.0625
0 0.53671875 0.48020833333333335 0.0359375 0.03958333333333333
0 0.59609375 0.48541666666666666 0.0234375 0.025
0 0.6296875 0.4791666666666667 0.021875 0.029166666666666667
0 0.65859375 0.47604166666666664 0.0296875 0.0375
0 0.703125 0.478125 0.059375 0.051041666666666666
0 0.76875 0.475 0.046875 0.0625
0 0.81796875 0.47708333333333336 0.0578125 0.07395833333333333
0 0.86171875 0.48020833333333335 0.0421875 0.08229166666666667
0 0.9359375 0.4947916666666667 0.128125 0.18125