2 0.09609375 0.5364583333333334 0.0828125 0.3104166666666667
2 0.15703125 0.6229166666666667 0.0953125 0.36666666666666664
2 0.2703125 0.4635416666666667 0.034375 0.13125
2 0.40078125 0.571875 0.0890625 0.296875
2 0.553125 0.4666666666666667 0.0625 0.16458333333333333
2 0.56640625 0.6385416666666667 0.1078125 0.36666666666666664
2 0.63984375 0.49583333333333335 0.0296875 0.10520833333333333
2 0.66015625 0.49375 0.0234375 0.109375
0 0.9109375 0.5520833333333334 0.178125 0.196875
0 0.8296875 0.46770833333333334 0.340625 0.228125
2 0.028125 0.6416666666666667 0.053125 0.4625