2 0.140625 0.4552083333333333 0.025 0.08958333333333333
2 0.1640625 0.453125 0.028125 0.08541666666666667
2 0.3125 0.45625 0.021875 0.053125
2 0.61015625 0.478125 0.0296875 0.09791666666666667
2 0.646875 0.48020833333333335 0.025 0.08229166666666667
2 0.7234375 0.47708333333333336 0.01875 0.071875
2 0.840625 0.49375 0.028125 0.09375
2 0.86875 0.48020833333333335 0.028125 0.08229166666666667
2 0.94765625 0.490625 0.0359375 0.08541666666666667
2 0.98203125 0.4895833333333333 0.0296875 0.084375
0 0.54765625 0.4552083333333333 0.0421875 0.027083333333333334
0 0.59453125 0.4625 0.0265625 0.03125
2 0.32890625 0.459375 0.0203125 0.05416666666666667
2 0.3390625 0.46041666666666664 0.01875 0.053125
2 0.66875 0.4625 0.01875 0.046875
2 0.70234375 0.47291666666666665 0.0234375 0.07083333333333333
2 0.7375 0.471875 0.01875 0.06458333333333334
2 0.7484375 0.47604166666666664 0.01875 0.06875
2 0.76484375 0.47708333333333336 0.0234375 0.06875
2 0.7875 0.46875 0.025 0.046875