0 0.0453125 0.5072916666666667 0.084375 0.11875
0 0.20078125 0.5125 0.2421875 0.16979166666666667
0 0.4515625 0.5020833333333333 0.028125 0.10520833333333333
0 0.5109375 0.5083333333333333 0.059375 0.10520833333333333
0 0.59296875 0.5354166666666667 0.1515625 0.11666666666666667
0 0.72578125 0.5 0.0765625 0.08229166666666667
0 0.79140625 0.48854166666666665 0.0484375 0.046875
0 0.98203125 0.5020833333333333 0.0328125 0.05416666666666667
2 0.81875 0.47604166666666664 0.01875 0.040625
2 0.840625 0.47708333333333336 0.01875 0.040625
0 0.89140625 0.4739583333333333 0.0234375 0.025
0 0.9703125 0.4864583333333333 0.04375 0.058333333333333334
0 0.6578125 0.49583333333333335 0.071875 0.06666666666666667