0 0.85234375 0.49895833333333334 0.0953125 0.0875
2 0.94765625 0.5197916666666667 0.0984375 0.41041666666666665
2 0.75859375 0.471875 0.0640625 0.18541666666666667
2 0.6171875 0.47604166666666664 0.065625 0.18958333333333333
2 0.553125 0.47708333333333336 0.075 0.209375
2 0.5 0.475 0.05625 0.21041666666666667
2 0.3515625 0.44479166666666664 0.021875 0.05625
0 0.284375 0.45729166666666665 0.065625 0.06666666666666667
0 0.2 0.45 0.04375 0.05625
0 0.09375 0.453125 0.06875 0.058333333333333334
0 0.22578125 0.44583333333333336 0.0203125 0.027083333333333334