2 0.8625 0.46458333333333335 0.03125 0.11666666666666667
2 0.821875 0.4708333333333333 0.03125 0.11354166666666667
2 0.75546875 0.46458333333333335 0.0234375 0.08229166666666667
2 0.77109375 0.446875 0.0109375 0.042708333333333334
2 0.68125 0.46041666666666664 0.021875 0.05625
2 0.6640625 0.45729166666666665 0.015625 0.051041666666666666
2 0.653125 0.45416666666666666 0.01875 0.05625
2 0.63984375 0.4583333333333333 0.0109375 0.04479166666666667
2 0.62578125 0.46770833333333334 0.0203125 0.06041666666666667
2 0.60234375 0.4635416666666667 0.0203125 0.05625
2 0.53671875 0.46041666666666664 0.0171875 0.035416666666666666
0 0.40859375 0.46979166666666666 0.0703125 0.07604166666666666
0 0.36640625 0.4635416666666667 0.0234375 0.029166666666666667
0 0.34296875 0.471875 0.0234375 0.0375
0 0.3125 0.47604166666666664 0.05 0.05625
2 0.1515625 0.48333333333333334 0.01875 0.04895833333333333
2 0.1609375 0.484375 0.0125 0.046875