0 0.2796875 0.465625 0.025 0.03333333333333333
0 0.328125 0.46145833333333336 0.06875 0.04479166666666667
2 0.39453125 0.490625 0.0296875 0.09791666666666667
0 0.496875 0.45625 0.028125 0.025
0 0.53359375 0.4583333333333333 0.0265625 0.025
0 0.63671875 0.4583333333333333 0.0359375 0.029166666666666667
0 0.6765625 0.459375 0.053125 0.03125
0 0.7359375 0.46041666666666664 0.08125 0.040625
0 0.79765625 0.4635416666666667 0.0703125 0.03333333333333333
0 0.88984375 0.4635416666666667 0.0421875 0.0375
0 0.93203125 0.46041666666666664 0.0609375 0.051041666666666666
0 0.11953125 0.45729166666666665 0.0265625 0.022916666666666665