0 0.103125 0.47291666666666665 0.15625 0.07083333333333333
0 0.1578125 0.46145833333333336 0.1 0.09166666666666666
0 0.240625 0.45729166666666665 0.0375 0.08229166666666667
0 0.37109375 0.4635416666666667 0.0671875 0.04479166666666667
2 0.3296875 0.46770833333333334 0.021875 0.06458333333333334
1 0.31484375 0.490625 0.0140625 0.019791666666666666
0 0.54921875 0.46770833333333334 0.0359375 0.040625
0 0.67421875 0.5114583333333333 0.0828125 0.08958333333333333
0 0.64375 0.48541666666666666 0.059375 0.06458333333333334
0 0.86875 0.6020833333333333 0.246875 0.2125
0 0.96484375 0.7135416666666666 0.0609375 0.20104166666666667
0 0.48359375 0.46145833333333336 0.0234375 0.025
0 0.28359375 0.46041666666666664 0.0546875 0.05416666666666667
0 0.28671875 0.453125 0.0609375 0.05416666666666667
0 0.61328125 0.48541666666666666 0.0421875 0.06041666666666667
0 0.5890625 0.47604166666666664 0.028125 0.0375