2 0.8515625 0.465625 0.01875 0.06458333333333334
2 0.825 0.4625 0.021875 0.07395833333333333
2 0.2765625 0.48020833333333335 0.028125 0.09791666666666667
2 0.29609375 0.4739583333333333 0.0234375 0.115625
2 0.321875 0.50625 0.053125 0.1875
0 0.5 0.45625 0.046875 0.03333333333333333
0 0.5578125 0.45729166666666665 0.040625 0.042708333333333334
0 0.62578125 0.459375 0.0484375 0.035416666666666666
0 0.9234375 0.4625 0.109375 0.051041666666666666
2 0.7140625 0.4395833333333333 0.015625 0.022916666666666665
2 0.73125 0.434375 0.015625 0.025
2 0.73984375 0.453125 0.0203125 0.0625
2 0.75546875 0.4510416666666667 0.0203125 0.05416666666666667
2 0.375 0.4583333333333333 0.0125 0.04479166666666667
2 0.38359375 0.46041666666666664 0.0140625 0.04895833333333333
0 0.96171875 0.5854166666666667 0.0765625 0.21666666666666667