0 0.5234375 0.4635416666666667 0.04375 0.04479166666666667
0 0.4921875 0.48854166666666665 0.053125 0.051041666666666666
2 0.13515625 0.49375 0.0296875 0.109375
2 0.11171875 0.46979166666666666 0.0203125 0.06875
2 0.8046875 0.48125 0.021875 0.084375
2 0.85078125 0.49583333333333335 0.0359375 0.078125
0 0.475 0.478125 0.0375 0.046875
2 0.0234375 0.47708333333333336 0.021875 0.07083333333333333
2 0.3890625 0.446875 0.015625 0.027083333333333334
0 0.371875 0.4479166666666667 0.025 0.025
2 0.6234375 0.46145833333333336 0.015625 0.04895833333333333
2 0.63515625 0.45416666666666666 0.0109375 0.029166666666666667