2 0.0359375 0.55 0.06875 0.24375
2 0.6203125 0.49895833333333334 0.0375 0.15
2 0.33984375 0.4895833333333333 0.0234375 0.10729166666666666
2 0.31875 0.4791666666666667 0.028125 0.12291666666666666
2 0.2984375 0.49166666666666664 0.028125 0.10729166666666666
0 0.94921875 0.7197916666666667 0.0984375 0.3260416666666667
0 0.8796875 0.5979166666666667 0.23125 0.30104166666666665
0 0.728125 0.521875 0.140625 0.12916666666666668
0 0.68203125 0.496875 0.0953125 0.12708333333333333
0 0.546875 0.453125 0.025 0.027083333333333334
0 0.40078125 0.4510416666666667 0.0578125 0.035416666666666666
0 0.36171875 0.496875 0.0203125 0.06875
0 0.37421875 0.48333333333333334 0.0421875 0.06875
2 0.46875 0.4552083333333333 0.0125 0.035416666666666666
0 0.5828125 0.46041666666666664 0.025 0.03333333333333333