0 0.91015625 0.5333333333333333 0.0796875 0.058333333333333334
0 0.840625 0.534375 0.059375 0.053125
2 0.98046875 0.5260416666666666 0.0234375 0.053125
2 0.95390625 0.5239583333333333 0.0234375 0.06041666666666667
2 0.26640625 0.5395833333333333 0.0265625 0.12083333333333333
2 0.29609375 0.5645833333333333 0.0265625 0.078125
2 0.409375 0.5666666666666667 0.025 0.07395833333333333
2 0.4359375 0.55 0.028125 0.103125
2 0.17734375 0.55 0.0265625 0.084375
2 0.1203125 0.5833333333333334 0.03125 0.06458333333333334
2 0.16796875 0.575 0.0265625 0.053125