0 0.97265625 0.6541666666666667 0.0546875 0.16041666666666668
0 0.89375 0.590625 0.18125 0.1625
0 0.78203125 0.5354166666666667 0.0921875 0.10208333333333333
2 0.73359375 0.528125 0.0421875 0.1
0 0.7203125 0.5104166666666666 0.09375 0.12291666666666666
0 0.66328125 0.4979166666666667 0.0453125 0.07395833333333333
0 0.63984375 0.4875 0.0296875 0.06041666666666667
0 0.4078125 0.471875 0.053125 0.06041666666666667
0 0.40859375 0.49375 0.0296875 0.05416666666666667
0 0.365625 0.5052083333333334 0.090625 0.09166666666666666
0 0.34296875 0.5385416666666667 0.1046875 0.1
0 0.265625 0.575 0.19375 0.16979166666666667
0 0.09765625 0.7895833333333333 0.1921875 0.41458333333333336
0 0.615625 0.47291666666666665 0.034375 0.046875
0 0.5703125 0.45416666666666666 0.025 0.0375
0 0.58515625 0.46145833333333336 0.0234375 0.03333333333333333
0 0.55625 0.4479166666666667 0.021875 0.029166666666666667