2 0.0390625 0.6177083333333333 0.078125 0.24791666666666667
0 0.121875 0.571875 0.134375 0.15625
0 0.2015625 0.478125 0.065625 0.046875
0 0.24296875 0.45729166666666665 0.0984375 0.07083333333333333
0 0.38125 0.49166666666666664 0.06875 0.07083333333333333
0 0.596875 0.4864583333333333 0.046875 0.07395833333333333
0 0.63359375 0.5041666666666667 0.0734375 0.078125
0 0.6828125 0.540625 0.121875 0.11354166666666667
0 0.715625 0.5739583333333333 0.140625 0.14791666666666667
0 0.84921875 0.646875 0.2921875 0.28958333333333336
0 0.91875 0.81875 0.153125 0.35520833333333335
0 0.50859375 0.44375 0.0234375 0.03125
0 0.315625 0.4666666666666667 0.05 0.03958333333333333
0 0.4546875 0.4510416666666667 0.025 0.022916666666666665
0 0.56171875 0.4583333333333333 0.0359375 0.040625