0 0.86328125 0.540625 0.2703125 0.32395833333333335
0 0.59375 0.49583333333333335 0.075 0.07395833333333333
0 0.48515625 0.48020833333333335 0.0859375 0.07395833333333333
0 0.43046875 0.49270833333333336 0.0203125 0.025
0 0.40546875 0.49166666666666664 0.0265625 0.022916666666666665
0 0.38203125 0.49166666666666664 0.0234375 0.025
0 0.3453125 0.48333333333333334 0.04375 0.04479166666666667
2 0.24296875 0.48125 0.0203125 0.04479166666666667
2 0.225 0.48541666666666666 0.01875 0.04479166666666667
2 0.20859375 0.4895833333333333 0.0203125 0.0375
2 0.18203125 0.490625 0.0203125 0.035416666666666666
2 0.1578125 0.49166666666666664 0.01875 0.0375
0 0.075 0.5458333333333333 0.15 0.17395833333333333