0 0.7484375 0.5020833333333333 0.25625 0.22708333333333333
0 0.621875 0.5010416666666667 0.053125 0.103125
0 0.5953125 0.49166666666666664 0.065625 0.08541666666666667
0 0.5640625 0.4864583333333333 0.04375 0.06666666666666667
0 0.26171875 0.4822916666666667 0.0359375 0.058333333333333334
0 0.3 0.4791666666666667 0.040625 0.04895833333333333
0 0.32578125 0.47708333333333336 0.0203125 0.0375
0 0.53828125 0.48125 0.0234375 0.05625
0 0.3375 0.47291666666666665 0.03125 0.035416666666666666
2 0.0578125 0.49583333333333335 0.065625 0.29270833333333335
0 0.52109375 0.47604166666666664 0.0265625 0.053125
0 0.50546875 0.46979166666666666 0.0265625 0.053125
0 0.48203125 0.46145833333333336 0.0203125 0.03333333333333333
0 0.46328125 0.4666666666666667 0.0203125 0.027083333333333334
0 0.44921875 0.4625 0.0203125 0.027083333333333334
0 0.40390625 0.465625 0.0203125 0.025
0 0.390625 0.4666666666666667 0.01875 0.027083333333333334
0 0.378125 0.4666666666666667 0.01875 0.027083333333333334
0 0.3625 0.46770833333333334 0.01875 0.029166666666666667
0 0.346875 0.4708333333333333 0.01875 0.035416666666666666
0 0.221875 0.49166666666666664 0.075 0.06458333333333334