2 0.6265625 0.44583333333333336 0.05625 0.22291666666666668
2 0.6828125 0.44895833333333335 0.0625 0.22708333333333333
2 0.73125 0.471875 0.05625 0.22083333333333333
0 0.859375 0.4114583333333333 0.171875 0.0875
0 0.8703125 0.503125 0.23125 0.240625
0 0.25234375 0.3885416666666667 0.0671875 0.042708333333333334
0 0.32265625 0.5145833333333333 0.2703125 0.271875
0 0.153125 0.42291666666666666 0.146875 0.11875
0 0.0765625 0.4395833333333333 0.15 0.125
0 0.0515625 0.45729166666666665 0.103125 0.125
2 0.48828125 0.4239583333333333 0.0296875 0.08958333333333333
2 0.49765625 0.44375 0.0265625 0.08541666666666667
2 0.5109375 0.4041666666666667 0.021875 0.05416666666666667
2 0.53046875 0.43125 0.0328125 0.11666666666666667