2 0.47421875 0.47708333333333336 0.0546875 0.12916666666666668
2 0.24609375 0.48125 0.0484375 0.12708333333333333
0 0.18359375 0.48125 0.0859375 0.09166666666666666
0 0.27578125 0.475 0.0203125 0.0625
0 0.29765625 0.471875 0.0265625 0.05625
0 0.37578125 0.46458333333333335 0.0359375 0.03125
0 0.41328125 0.465625 0.0296875 0.0375
2 0.9015625 0.46458333333333335 0.0375 0.14791666666666667
2 0.86796875 0.475 0.0328125 0.13645833333333332
2 0.76015625 0.471875 0.0421875 0.115625
2 0.0140625 0.48541666666666666 0.028125 0.10729166666666666
2 0.73125 0.45729166666666665 0.034375 0.10520833333333333
2 0.7046875 0.46145833333333336 0.025 0.1
2 0.79453125 0.47708333333333336 0.0328125 0.13333333333333333