0 0.93203125 0.48541666666666666 0.1296875 0.2947916666666667
1 0.9359375 0.71875 0.125 0.16458333333333333
0 0.8359375 0.49270833333333336 0.05625 0.13125
2 0.7671875 0.56875 0.103125 0.40208333333333335
2 0.70234375 0.521875 0.0546875 0.29270833333333335
0 0.63515625 0.5166666666666667 0.0796875 0.15416666666666667
0 0.5828125 0.5010416666666667 0.03125 0.09583333333333334
0 0.55 0.49166666666666664 0.03125 0.078125
0 0.5125 0.48333333333333334 0.046875 0.06875
0 0.47890625 0.4739583333333333 0.0203125 0.053125
0 0.46015625 0.4708333333333333 0.0203125 0.05416666666666667
0 0.4015625 0.478125 0.10625 0.140625
0 0.3390625 0.4583333333333333 0.025 0.0375
0 0.3125 0.4625 0.034375 0.046875
0 0.2890625 0.47291666666666665 0.04375 0.06666666666666667
0 0.2484375 0.48125 0.05 0.09166666666666666
0 0.2171875 0.48854166666666665 0.046875 0.13333333333333333
0 0.1671875 0.4822916666666667 0.046875 0.14479166666666668
0 0.1375 0.51875 0.04375 0.15416666666666667
0 0.05546875 0.490625 0.1109375 0.41041666666666665