2 0.07421875 0.5385416666666667 0.0359375 0.15
2 0.03046875 0.5375 0.0421875 0.14791666666666667
2 0.159375 0.5229166666666667 0.03125 0.09583333333333334
2 0.196875 0.525 0.021875 0.08958333333333333
2 0.21953125 0.5166666666666667 0.0234375 0.0875
2 0.24140625 0.5197916666666667 0.0265625 0.08229166666666667
2 0.134375 0.5208333333333334 0.028125 0.1
2 0.28359375 0.5072916666666667 0.0328125 0.0875
2 0.3203125 0.5083333333333333 0.03125 0.0875
2 0.4328125 0.503125 0.03125 0.06875
2 0.6515625 0.4979166666666667 0.021875 0.05416666666666667
0 0.5171875 0.5614583333333333 0.15 0.146875