2 0.4296875 0.47604166666666664 0.028125 0.13125
2 0.4453125 0.484375 0.028125 0.12083333333333333
2 0.56796875 0.48125 0.0359375 0.12708333333333333
2 0.69296875 0.459375 0.0328125 0.09791666666666667
2 0.721875 0.46041666666666664 0.01875 0.103125
2 0.7828125 0.475 0.034375 0.125
2 0.871875 0.4666666666666667 0.040625 0.13333333333333333
2 0.90859375 0.4625 0.0359375 0.140625
0 0.18828125 0.4791666666666667 0.0953125 0.0875
0 0.26875 0.475 0.0625 0.07083333333333333
0 0.31796875 0.46979166666666666 0.0453125 0.04479166666666667
0 0.37421875 0.46041666666666664 0.0359375 0.027083333333333334
2 0.55078125 0.48333333333333334 0.0234375 0.12291666666666666
0 0.4125 0.465625 0.034375 0.0375