0 0.1921875 0.4625 0.05 0.07083333333333333
0 0.49140625 0.5177083333333333 0.1296875 0.12083333333333333
0 0.103125 0.45 0.090625 0.115625
0 0.17109375 0.47291666666666665 0.0328125 0.06666666666666667
2 0.06171875 0.6239583333333333 0.1109375 0.5916666666666667
2 0.315625 0.47708333333333336 0.040625 0.12083333333333333
2 0.36015625 0.4625 0.0234375 0.07395833333333333
2 0.4 0.46979166666666666 0.025 0.07604166666666666
0 0.2734375 0.4583333333333333 0.0375 0.06041666666666667
2 0.71171875 0.4666666666666667 0.0203125 0.03958333333333333
2 0.87421875 0.490625 0.0203125 0.03125