2 0.7515625 0.5302083333333333 0.040625 0.12291666666666666
2 0.72109375 0.509375 0.0234375 0.13333333333333333
2 0.703125 0.484375 0.01875 0.07395833333333333
0 0.5203125 0.47708333333333336 0.034375 0.040625
0 0.478125 0.4791666666666667 0.025 0.040625
2 0.4484375 0.47708333333333336 0.0125 0.04479166666666667
0 0.35703125 0.478125 0.0328125 0.03125
0 0.3171875 0.478125 0.046875 0.046875
0 0.25859375 0.4791666666666667 0.0734375 0.071875
0 0.2140625 0.475 0.028125 0.035416666666666666
0 0.12421875 0.48125 0.0671875 0.05625
2 0.0796875 0.47291666666666665 0.01875 0.05416666666666667
0 0.0390625 0.48125 0.078125 0.040625
0 0.1703125 0.48125 0.025 0.029166666666666667