0 0.928125 0.47708333333333336 0.14375 0.17916666666666667
0 0.81796875 0.48541666666666666 0.1109375 0.09583333333333334
0 0.7328125 0.4708333333333333 0.09375 0.06666666666666667
0 0.63671875 0.47708333333333336 0.0484375 0.08541666666666667
0 0.4921875 0.4635416666666667 0.059375 0.09583333333333334
0 0.5640625 0.475 0.1375 0.15208333333333332
2 0.02890625 0.47291666666666665 0.0484375 0.15208333333333332
2 0.2578125 0.46041666666666664 0.03125 0.09375
2 0.31875 0.44479166666666664 0.01875 0.04479166666666667
2 0.3359375 0.4395833333333333 0.01875 0.027083333333333334
2 0.3484375 0.4427083333333333 0.01875 0.03333333333333333