0 0.93984375 0.6041666666666666 0.1203125 0.18541666666666667
0 0.86015625 0.5427083333333333 0.1484375 0.15208333333333332
0 0.7703125 0.5208333333333334 0.06875 0.09166666666666666
0 0.72734375 0.5041666666666667 0.0703125 0.08229166666666667
0 0.70390625 0.48541666666666666 0.0609375 0.07604166666666666
0 0.6390625 0.5104166666666666 0.0875 0.09166666666666666
0 0.59609375 0.46875 0.0546875 0.06666666666666667
0 0.12421875 0.7895833333333333 0.2359375 0.41041666666666665
0 0.215625 0.6177083333333333 0.240625 0.2125
0 0.32734375 0.5666666666666667 0.1453125 0.15208333333333332
0 0.56484375 0.46041666666666664 0.0296875 0.05625
0 0.51875 0.44166666666666665 0.03125 0.03958333333333333
2 0.50234375 0.46041666666666664 0.0203125 0.051041666666666666
0 0.38125 0.5083333333333333 0.1125 0.125
0 0.43203125 0.49375 0.0328125 0.06666666666666667
0 0.44140625 0.484375 0.0484375 0.0625
2 0.02734375 0.42916666666666664 0.0140625 0.042708333333333334
2 0.04140625 0.42291666666666666 0.0140625 0.0375
0 0.3375 0.4375 0.059375 0.027083333333333334