2 0.4953125 0.44583333333333336 0.021875 0.05625
2 0.77265625 0.3958333333333333 0.0296875 0.053125
2 0.8125 0.39166666666666666 0.03125 0.053125
2 0.71015625 0.465625 0.0421875 0.13125
2 0.66171875 0.47604166666666664 0.0359375 0.15
0 0.828125 0.45729166666666665 0.05 0.07083333333333333
0 0.7578125 0.453125 0.05625 0.07395833333333333
0 0.44765625 0.44583333333333336 0.0484375 0.05416666666666667
0 0.3578125 0.4510416666666667 0.08125 0.07083333333333333
0 0.30625 0.42916666666666664 0.034375 0.040625
0 0.26796875 0.4479166666666667 0.0359375 0.040625