0 0.06875 0.5291666666666667 0.1375 0.17916666666666667
0 0.240625 0.50625 0.1125 0.08958333333333333
0 0.28984375 0.484375 0.0828125 0.07395833333333333
0 0.6703125 0.4583333333333333 0.04375 0.05625
0 0.69921875 0.46041666666666664 0.0296875 0.0625
0 0.73359375 0.4510416666666667 0.0671875 0.08541666666666667
0 0.79296875 0.44583333333333336 0.0359375 0.07083333333333333
0 0.84609375 0.453125 0.0984375 0.08958333333333333
0 0.9140625 0.53125 0.15 0.203125
2 0.371875 0.471875 0.025 0.06875
2 0.5234375 0.45416666666666666 0.0125 0.0375
2 0.44453125 0.4635416666666667 0.0140625 0.04479166666666667
0 0.546875 0.46041666666666664 0.03125 0.03125
0 0.50390625 0.45729166666666665 0.0265625 0.027083333333333334
0 0.40234375 0.47291666666666665 0.0421875 0.03958333333333333
0 0.33125 0.47708333333333336 0.034375 0.06458333333333334
0 0.3578125 0.48020833333333335 0.03125 0.05416666666666667
0 0.4546875 0.45729166666666665 0.01875 0.03125
0 0.90625 0.46041666666666664 0.09375 0.07604166666666666