2 0.12109375 0.521875 0.0265625 0.109375
2 0.15625 0.5145833333333333 0.028125 0.1
2 0.18125 0.5208333333333334 0.028125 0.1
2 0.26953125 0.521875 0.0296875 0.08541666666666667
2 0.29921875 0.5322916666666667 0.0203125 0.071875
2 0.3203125 0.534375 0.025 0.0875
2 0.34140625 0.534375 0.0203125 0.07604166666666666
2 0.36796875 0.5385416666666667 0.0203125 0.071875
2 0.38515625 0.540625 0.0203125 0.0625
2 0.40625 0.54375 0.01875 0.05625
2 0.41953125 0.540625 0.0203125 0.058333333333333334
2 0.4359375 0.5447916666666667 0.01875 0.05416666666666667
0 0.58828125 0.49895833333333334 0.0171875 0.021875
0 0.56796875 0.5197916666666667 0.0203125 0.019791666666666666
0 0.6171875 0.5416666666666666 0.028125 0.04479166666666667
0 0.6546875 0.5416666666666666 0.028125 0.040625
0 0.58984375 0.5541666666666667 0.0296875 0.058333333333333334
0 0.5375 0.5479166666666667 0.071875 0.07604166666666666
2 0.67265625 0.5416666666666666 0.0140625 0.040625
2 0.7265625 0.5416666666666666 0.0125 0.04479166666666667
2 0.73828125 0.540625 0.0140625 0.042708333333333334
2 0.7578125 0.5458333333333333 0.01875 0.04479166666666667
0 0.7890625 0.565625 0.021875 0.03333333333333333
0 0.8140625 0.5552083333333333 0.01875 0.04479166666666667
2 0.98125 0.5604166666666667 0.028125 0.08958333333333333