2 0.4734375 0.4552083333333333 0.040625 0.13645833333333332
0 0.69453125 0.4708333333333333 0.2171875 0.19895833333333332
0 0.9734375 0.4708333333333333 0.046875 0.08958333333333333
0 0.54921875 0.4479166666666667 0.0828125 0.08020833333333334
0 0.02265625 0.49166666666666664 0.0453125 0.14270833333333333
0 0.08203125 0.4791666666666667 0.1171875 0.1
0 0.15625 0.46145833333333336 0.09375 0.103125
0 0.2125 0.46041666666666664 0.046875 0.08541666666666667
0 0.31328125 0.45208333333333334 0.0203125 0.04479166666666667
0 0.334375 0.45 0.021875 0.040625
0 0.3515625 0.44583333333333336 0.0125 0.029166666666666667
0 0.578125 0.49895833333333334 0.025 0.053125
0 0.5046875 0.45625 0.021875 0.04479166666666667
0 0.4515625 0.44583333333333336 0.01875 0.022916666666666665
0 0.4375 0.44583333333333336 0.0125 0.019791666666666666
0 0.39375 0.44583333333333336 0.01875 0.019791666666666666
0 0.38125 0.44583333333333336 0.015625 0.019791666666666666
0 0.3671875 0.44479166666666664 0.01875 0.029166666666666667
0 0.28984375 0.45625 0.0453125 0.040625