0 0.4515625 0.47708333333333336 0.08125 0.084375
2 0.953125 0.48854166666666665 0.04375 0.16458333333333333
2 0.9125 0.48854166666666665 0.03125 0.11666666666666667
2 0.846875 0.48020833333333335 0.05625 0.11666666666666667
2 0.759375 0.48854166666666665 0.075 0.1875
2 0.7140625 0.4635416666666667 0.028125 0.06875
2 0.68046875 0.47291666666666665 0.0265625 0.0625
0 0.82265625 0.4625 0.0453125 0.05416666666666667
0 0.6015625 0.47291666666666665 0.03125 0.03125
0 0.49140625 0.48020833333333335 0.0234375 0.042708333333333334
0 0.50078125 0.4739583333333333 0.0359375 0.040625