2 0.978125 0.503125 0.040625 0.15
2 0.8421875 0.48125 0.025 0.09166666666666666
0 0.73671875 0.48541666666666666 0.0484375 0.040625
0 0.73125 0.4479166666666667 0.05 0.03333333333333333
2 0.68515625 0.471875 0.0109375 0.04895833333333333
2 0.6734375 0.47708333333333336 0.01875 0.058333333333333334
2 0.6546875 0.46458333333333335 0.01875 0.046875
2 0.63671875 0.46458333333333335 0.0203125 0.042708333333333334
2 0.61875 0.46875 0.01875 0.051041666666666666
0 0.5625 0.47604166666666664 0.046875 0.04479166666666667
0 0.52578125 0.46770833333333334 0.0265625 0.029166666666666667
0 0.4875 0.465625 0.04375 0.025
0 0.44140625 0.4635416666666667 0.0328125 0.03333333333333333
0 0.384375 0.465625 0.0375 0.04479166666666667
0 0.34453125 0.46770833333333334 0.0234375 0.029166666666666667
0 0.30390625 0.4666666666666667 0.0515625 0.05416666666666667
2 0.03671875 0.475 0.0203125 0.05416666666666667
2 0.078125 0.490625 0.021875 0.051041666666666666
0 0.11171875 0.47604166666666664 0.0859375 0.06458333333333334