0 0.11171875 0.66875 0.2171875 0.2635416666666667
0 0.225 0.5791666666666667 0.159375 0.15833333333333333
0 0.29921875 0.515625 0.1421875 0.14479166666666668
0 0.36328125 0.49166666666666664 0.0734375 0.0875
0 0.45234375 0.4791666666666667 0.0765625 0.103125
0 0.6125 0.48541666666666666 0.0625 0.07604166666666666
2 0.5296875 0.48020833333333335 0.01875 0.07083333333333333
2 0.6625 0.5145833333333333 0.034375 0.09583333333333334
0 0.69296875 0.5145833333333333 0.0484375 0.084375
0 0.784375 0.5583333333333333 0.165625 0.14479166666666668
0 0.9484375 0.6416666666666667 0.103125 0.20104166666666667
0 0.01953125 0.48333333333333334 0.0328125 0.06875
0 0.21484375 0.4708333333333333 0.0515625 0.058333333333333334
0 0.1453125 0.4635416666666667 0.0625 0.071875
0 0.13125 0.4822916666666667 0.03125 0.05416666666666667
0 0.53984375 0.45625 0.0265625 0.029166666666666667
0 0.515625 0.45 0.021875 0.0375
0 0.49375 0.4552083333333333 0.028125 0.035416666666666666
0 0.92890625 0.48020833333333335 0.0796875 0.051041666666666666
0 0.96171875 0.4822916666666667 0.0765625 0.058333333333333334
0 0.59140625 0.4708333333333333 0.0515625 0.058333333333333334