0 0.0390625 0.6145833333333334 0.078125 0.1625
0 0.196875 0.46979166666666666 0.109375 0.05625
0 0.27734375 0.4979166666666667 0.0859375 0.08541666666666667
0 0.34140625 0.46979166666666666 0.0578125 0.053125
0 0.6671875 0.465625 0.075 0.06041666666666667
0 0.49296875 0.4354166666666667 0.0328125 0.035416666666666666
0 0.7890625 0.484375 0.0375 0.07083333333333333
0 0.88203125 0.49166666666666664 0.1734375 0.11145833333333334
0 0.93125 0.5229166666666667 0.13125 0.13645833333333332
0 0.62109375 0.4510416666666667 0.0296875 0.03958333333333333
0 0.4109375 0.4322916666666667 0.021875 0.03333333333333333
0 0.39609375 0.4427083333333333 0.0265625 0.03333333333333333
0 0.58984375 0.44583333333333336 0.0203125 0.03333333333333333
2 0.5171875 0.4552083333333333 0.015625 0.051041666666666666
2 0.4375 0.43333333333333335 0.015625 0.03958333333333333