0 0.76484375 0.5927083333333333 0.2234375 0.18958333333333333
0 0.66875 0.5385416666666667 0.11875 0.115625
0 0.64765625 0.490625 0.1046875 0.08541666666666667
0 0.5921875 0.46458333333333335 0.065625 0.08229166666666667
0 0.540625 0.453125 0.05 0.0625
0 0.36484375 0.4625 0.0421875 0.042708333333333334
0 0.33359375 0.475 0.0671875 0.06666666666666667
2 0.26953125 0.515625 0.0453125 0.125
2 0.43125 0.4510416666666667 0.021875 0.05416666666666667
2 0.48046875 0.44583333333333336 0.0203125 0.058333333333333334
0 0.2328125 0.5145833333333333 0.059375 0.103125
0 0.10390625 0.565625 0.2046875 0.240625
0 0.12890625 0.44166666666666665 0.0765625 0.027083333333333334
0 0.38515625 0.45729166666666665 0.0234375 0.042708333333333334
0 0.3953125 0.44895833333333335 0.040625 0.051041666666666666
0 0.496875 0.43854166666666666 0.01875 0.025