2 0.16328125 0.5145833333333333 0.0484375 0.18125
0 0.20859375 0.5010416666666667 0.0765625 0.103125
0 0.07578125 0.4947916666666667 0.1484375 0.115625
0 0.30546875 0.4708333333333333 0.0421875 0.06666666666666667
0 0.37265625 0.49166666666666664 0.0984375 0.103125
0 0.45 0.4510416666666667 0.03125 0.035416666666666666
0 0.47578125 0.4625 0.0546875 0.058333333333333334
0 0.54921875 0.45416666666666666 0.0578125 0.053125
0 0.60390625 0.46041666666666664 0.0421875 0.04479166666666667
0 0.6453125 0.46041666666666664 0.053125 0.0625
0 0.66328125 0.471875 0.0421875 0.05625
0 0.69375 0.47604166666666664 0.046875 0.071875
0 0.76015625 0.4791666666666667 0.1171875 0.10729166666666666