0 0.14296875 0.5041666666666667 0.2109375 0.125
0 0.03203125 0.47291666666666665 0.0203125 0.035416666666666666
0 0.65390625 0.47291666666666665 0.0328125 0.125
2 0.6171875 0.46770833333333334 0.034375 0.14270833333333333
0 0.5234375 0.465625 0.059375 0.071875
0 0.24765625 0.4708333333333333 0.0390625 0.0625
0 0.3078125 0.46979166666666666 0.046875 0.0375
0 0.5671875 0.47604166666666664 0.06875 0.134375
0 0.48828125 0.4635416666666667 0.0203125 0.040625
0 0.4765625 0.46041666666666664 0.021875 0.035416666666666666
0 0.459375 0.4583333333333333 0.021875 0.029166666666666667
0 0.4484375 0.45625 0.01875 0.025
0 0.43125 0.4552083333333333 0.01875 0.022916666666666665
0 0.390625 0.459375 0.01875 0.022916666666666665
0 0.3765625 0.459375 0.01875 0.022916666666666665
0 0.3609375 0.4583333333333333 0.01875 0.025
0 0.34375 0.459375 0.021875 0.03125
0 0.071875 0.471875 0.05625 0.04479166666666667
0 0.00859375 0.4739583333333333 0.0171875 0.040625
0 0.059375 0.45 0.034375 0.0375