0 0.8859375 0.46041666666666664 0.0625 0.11666666666666667
2 0.9828125 0.490625 0.03125 0.28958333333333336
2 0.93828125 0.51875 0.0734375 0.275
2 0.83203125 0.5020833333333333 0.0765625 0.25416666666666665
2 0.7859375 0.4864583333333333 0.0375 0.19895833333333332
2 0.740625 0.515625 0.08125 0.265625
2 0.6953125 0.5052083333333334 0.05 0.2125
2 0.125 0.4864583333333333 0.021875 0.035416666666666666
2 0.10859375 0.4947916666666667 0.0234375 0.04479166666666667
2 0.20859375 0.48541666666666666 0.0203125 0.04479166666666667
2 0.4296875 0.46458333333333335 0.025 0.0625
2 0.65078125 0.46458333333333335 0.0234375 0.07395833333333333
2 0.63203125 0.46145833333333336 0.0265625 0.07604166666666666
2 0.55390625 0.4552083333333333 0.0203125 0.046875