0 0.01796875 0.521875 0.0359375 0.19166666666666668
0 0.0625 0.5020833333333333 0.121875 0.18333333333333332
0 0.1015625 0.48541666666666666 0.190625 0.18125
0 0.2140625 0.49583333333333335 0.05 0.10520833333333333
0 0.2265625 0.44479166666666664 0.084375 0.04479166666666667
0 0.36875 0.5708333333333333 0.325 0.31875
2 0.5421875 0.46770833333333334 0.021875 0.05625
2 0.6515625 0.490625 0.05625 0.1875
2 0.53203125 0.46979166666666666 0.0203125 0.05625
2 0.5859375 0.47604166666666664 0.028125 0.10729166666666666
2 0.59453125 0.496875 0.0203125 0.06041666666666667