0 0.059375 0.5135416666666667 0.11875 0.12083333333333333
0 0.38515625 0.4666666666666667 0.0453125 0.035416666666666666
0 0.3984375 0.46458333333333335 0.034375 0.035416666666666666
2 0.65703125 0.509375 0.0359375 0.125
2 0.09453125 0.46041666666666664 0.0296875 0.03958333333333333
0 0.48984375 0.4666666666666667 0.0203125 0.027083333333333334
0 0.4625 0.4666666666666667 0.025 0.022916666666666665
0 0.5109375 0.46875 0.01875 0.019791666666666666
2 0.534375 0.46145833333333336 0.0125 0.040625
2 0.55625 0.4635416666666667 0.015625 0.0375
2 0.58125 0.46979166666666666 0.0125 0.029166666666666667
2 0.61640625 0.4708333333333333 0.0296875 0.058333333333333334