0 0.95625 0.5395833333333333 0.084375 0.1875
0 0.73359375 0.5125 0.0484375 0.084375
2 0.70859375 0.5166666666666667 0.0265625 0.103125
2 0.6875 0.5177083333333333 0.01875 0.08541666666666667
0 0.66015625 0.49583333333333335 0.0359375 0.07083333333333333
2 0.62265625 0.5083333333333333 0.0203125 0.09166666666666666
0 0.57265625 0.4875 0.0328125 0.03333333333333333
0 0.54296875 0.46875 0.0265625 0.027083333333333334
0 0.52734375 0.46770833333333334 0.0234375 0.025
0 0.4984375 0.46041666666666664 0.021875 0.022916666666666665
0 0.46484375 0.45729166666666665 0.0171875 0.015625
0 0.428125 0.46875 0.01875 0.03125
0 0.396875 0.471875 0.053125 0.06041666666666667
2 0.3515625 0.45416666666666666 0.0125 0.029166666666666667
2 0.33203125 0.46041666666666664 0.0140625 0.042708333333333334
2 0.303125 0.45 0.021875 0.040625
0 0.0453125 0.515625 0.090625 0.140625