2 0.2609375 0.4583333333333333 0.01875 0.053125
0 0.78515625 0.53125 0.2421875 0.234375
0 0.625 0.49166666666666664 0.109375 0.11666666666666667
0 0.45546875 0.4239583333333333 0.0171875 0.027083333333333334
0 0.4421875 0.44583333333333336 0.028125 0.029166666666666667
0 0.4140625 0.4239583333333333 0.021875 0.022916666666666665
0 0.40390625 0.43333333333333335 0.0234375 0.03125
0 0.38203125 0.425 0.0234375 0.025
0 0.36640625 0.475 0.0578125 0.0625
0 0.1390625 0.509375 0.159375 0.140625
0 0.0390625 0.5270833333333333 0.075 0.19166666666666668