0 0.9 0.484375 0.196875 0.328125
2 0.6734375 0.453125 0.046875 0.13645833333333332
2 0.50859375 0.4510416666666667 0.0296875 0.10208333333333333
2 0.4515625 0.46770833333333334 0.053125 0.115625
2 0.334375 0.46041666666666664 0.05625 0.12291666666666666
2 0.27421875 0.45729166666666665 0.0484375 0.12083333333333333
2 0.2328125 0.46979166666666666 0.040625 0.12291666666666666
2 0.04921875 0.4708333333333333 0.0328125 0.11354166666666667
0 0.10234375 0.46041666666666664 0.0796875 0.07083333333333333
0 0.42265625 0.453125 0.0359375 0.051041666666666666
2 0.0140625 0.4625 0.028125 0.11354166666666667