0 0.05546875 0.5270833333333333 0.1078125 0.22708333333333333
0 0.20390625 0.521875 0.1578125 0.11354166666666667
0 0.30390625 0.5052083333333334 0.0765625 0.084375
0 0.346875 0.49583333333333335 0.053125 0.058333333333333334
0 0.36171875 0.478125 0.0671875 0.07395833333333333
0 0.415625 0.47708333333333336 0.046875 0.046875
0 0.603125 0.475 0.040625 0.051041666666666666
0 0.659375 0.509375 0.103125 0.10520833333333333
0 0.91328125 0.4947916666666667 0.1109375 0.13854166666666667
2 0.56328125 0.46770833333333334 0.0265625 0.06041666666666667
0 0.61953125 0.4947916666666667 0.0359375 0.06875
0 0.4515625 0.4635416666666667 0.040625 0.040625
0 0.4796875 0.4552083333333333 0.025 0.03125
0 0.52734375 0.45729166666666665 0.0234375 0.022916666666666665
2 0.54765625 0.465625 0.0140625 0.04895833333333333
2 0.50390625 0.4583333333333333 0.0109375 0.029166666666666667