0 0.6609375 0.45416666666666666 0.05625 0.09583333333333334
2 0.62109375 0.45208333333333334 0.0328125 0.103125
2 0.590625 0.453125 0.034375 0.109375
2 0.38046875 0.4354166666666667 0.0265625 0.08229166666666667
0 0.3421875 0.43854166666666666 0.05 0.06458333333333334
0 0.40859375 0.43333333333333335 0.0234375 0.046875
0 0.05625 0.42916666666666664 0.075 0.084375
0 0.19375 0.4322916666666667 0.06875 0.06041666666666667
0 0.26171875 0.4510416666666667 0.1203125 0.10208333333333333
0 0.11328125 0.425 0.0453125 0.06875
0 0.09765625 0.403125 0.1109375 0.07604166666666666
0 0.43125 0.42916666666666664 0.028125 0.042708333333333334
0 0.4515625 0.42916666666666664 0.021875 0.0375
0 0.46015625 0.4197916666666667 0.0296875 0.035416666666666666