2 0.9578125 0.5083333333333333 0.0625 0.228125
2 0.54453125 0.46458333333333335 0.0203125 0.06666666666666667
0 0.38984375 0.475 0.0265625 0.035416666666666666
0 0.32109375 0.47708333333333336 0.0359375 0.0375
0 0.278125 0.48020833333333335 0.05 0.046875
0 0.20703125 0.490625 0.0609375 0.07395833333333333
0 0.1359375 0.5 0.11875 0.109375
0 0.3421875 0.4739583333333333 0.021875 0.029166666666666667
2 0.75390625 0.43333333333333335 0.0234375 0.042708333333333334
2 0.7765625 0.4354166666666667 0.01875 0.042708333333333334
2 0.04453125 0.490625 0.0328125 0.07083333333333333
0 0.36328125 0.471875 0.0203125 0.025