0 0.5328125 0.5697916666666667 0.40625 0.18958333333333333
0 0.6140625 0.46041666666666664 0.071875 0.0875
0 0.459375 0.44375 0.065625 0.058333333333333334
0 0.27578125 0.4395833333333333 0.0703125 0.06666666666666667
0 0.18203125 0.43020833333333336 0.0984375 0.0875
2 0.12734375 0.43854166666666666 0.0265625 0.07604166666666666
2 0.0875 0.4322916666666667 0.021875 0.071875
2 0.91640625 0.45416666666666666 0.0421875 0.12291666666666666
2 0.8703125 0.41041666666666665 0.040625 0.051041666666666666
2 0.83671875 0.45416666666666666 0.0453125 0.115625
0 0.79609375 0.43020833333333336 0.0515625 0.05625
0 0.73515625 0.428125 0.0421875 0.0625
2 0.68984375 0.40208333333333335 0.0203125 0.035416666666666666
0 0.43359375 0.421875 0.0515625 0.05416666666666667
0 0.40625 0.41770833333333335 0.021875 0.03125
0 0.69296875 0.43854166666666666 0.0828125 0.053125
0 0.2390625 0.41770833333333335 0.0375 0.07083333333333333