2 0.29453125 0.5041666666666667 0.0578125 0.125
2 0.08046875 0.5072916666666667 0.0421875 0.12291666666666666
2 0.06640625 0.5114583333333333 0.0296875 0.109375
0 0.01171875 0.5635416666666667 0.0234375 0.12708333333333333
0 0.55703125 0.6375 0.5453125 0.49375
2 0.890625 0.484375 0.028125 0.11666666666666667
2 0.1765625 0.46041666666666664 0.025 0.07395833333333333
2 0.1953125 0.4635416666666667 0.021875 0.06041666666666667
0 0.75234375 0.4479166666666667 0.0921875 0.06875
0 0.92734375 0.4583333333333333 0.0296875 0.06875
0 0.853125 0.4708333333333333 0.065625 0.05416666666666667