0 0.93984375 0.47604166666666664 0.1203125 0.13125
0 0.85625 0.475 0.053125 0.07395833333333333
0 0.06640625 0.48020833333333335 0.1296875 0.09791666666666667
0 0.1203125 0.7479166666666667 0.23125 0.48854166666666665
0 0.2 0.5760416666666667 0.290625 0.28125
2 0.4 0.4895833333333333 0.03125 0.05625
2 0.3765625 0.48125 0.021875 0.06458333333333334
2 0.60078125 0.47291666666666665 0.0234375 0.051041666666666666
2 0.5609375 0.4625 0.01875 0.035416666666666666
0 0.69375 0.471875 0.034375 0.0375
2 0.58359375 0.45625 0.0203125 0.040625
2 0.6578125 0.4666666666666667 0.01875 0.051041666666666666
2 0.6703125 0.46458333333333335 0.01875 0.046875
0 0.53984375 0.47604166666666664 0.0359375 0.03333333333333333