2 0.6703125 0.5770833333333333 0.05 0.084375
2 0.7109375 0.503125 0.021875 0.06875
2 0.909375 0.49375 0.03125 0.0625
2 0.665625 0.503125 0.03125 0.06041666666666667
2 0.5703125 0.5083333333333333 0.021875 0.06875
2 0.1328125 0.5166666666666667 0.034375 0.09166666666666666
0 0.1921875 0.5083333333333333 0.084375 0.1
0 0.0875 0.521875 0.0625 0.11666666666666667
0 0.0375 0.5229166666666667 0.075 0.12291666666666666
0 0.48125 0.525 0.09375 0.09375
2 0.29453125 0.484375 0.0140625 0.03125
2 0.30703125 0.49270833333333336 0.0171875 0.04895833333333333