0 0.3234375 0.509375 0.178125 0.13645833333333332
0 0.028125 0.690625 0.05625 0.196875
0 0.80546875 0.46458333333333335 0.0484375 0.07083333333333333
2 0.9 0.496875 0.0375 0.18125
2 0.94453125 0.5 0.0828125 0.29270833333333335
2 0.8453125 0.5302083333333333 0.075 0.2520833333333333
2 0.70546875 0.4625 0.0328125 0.109375
2 0.628125 0.46145833333333336 0.03125 0.10729166666666666
2 0.55234375 0.45625 0.0234375 0.04479166666666667
2 0.1421875 0.47708333333333336 0.015625 0.040625
2 0.1265625 0.475 0.01875 0.0625
2 0.11328125 0.48854166666666665 0.0203125 0.0625
0 0.4578125 0.46770833333333334 0.04375 0.04479166666666667
2 0.65625 0.42916666666666664 0.025 0.042708333333333334
2 0.66875 0.46458333333333335 0.028125 0.10208333333333333