0 0.125 0.46875 0.1125 0.08229166666666667
0 0.08671875 0.578125 0.1734375 0.1875
0 0.2484375 0.50625 0.134375 0.10208333333333333
0 0.31328125 0.47708333333333336 0.1015625 0.0875
0 0.371875 0.45208333333333334 0.0625 0.07604166666666666
0 0.60859375 0.484375 0.0359375 0.078125
0 0.62578125 0.5041666666666667 0.0421875 0.08958333333333333
0 0.69765625 0.5229166666666667 0.1484375 0.15833333333333333
0 0.765625 0.5927083333333333 0.215625 0.20104166666666667
0 0.40703125 0.45625 0.0234375 0.040625
2 0.45546875 0.44375 0.0203125 0.03958333333333333
0 0.42421875 0.4479166666666667 0.0203125 0.03333333333333333
0 0.43125 0.440625 0.028125 0.053125
0 0.02890625 0.46458333333333335 0.0578125 0.0625
0 0.58828125 0.45729166666666665 0.0484375 0.042708333333333334