0 0.95 0.6208333333333333 0.096875 0.22291666666666668
0 0.79453125 0.5291666666666667 0.2140625 0.23020833333333332
0 0.95078125 0.4947916666666667 0.0953125 0.029166666666666667
0 0.6359375 0.4979166666666667 0.103125 0.10208333333333333
0 0.5828125 0.4947916666666667 0.028125 0.084375
0 0.56171875 0.49166666666666664 0.0234375 0.078125
0 0.528125 0.48541666666666666 0.03125 0.03333333333333333
0 0.4578125 0.5145833333333333 0.13125 0.13125
0 0.40078125 0.48333333333333334 0.0203125 0.017708333333333333
0 0.3828125 0.48854166666666665 0.01875 0.035416666666666666
0 0.36953125 0.48854166666666665 0.0203125 0.035416666666666666
0 0.3453125 0.48541666666666666 0.040625 0.04479166666666667
2 0.2859375 0.478125 0.015625 0.042708333333333334
0 0.2171875 0.4947916666666667 0.06875 0.06875
0 0.128125 0.478125 0.109375 0.13333333333333333
0 0.03828125 0.4979166666666667 0.0734375 0.13645833333333332