2 0.74453125 0.49895833333333334 0.0234375 0.053125
2 0.37265625 0.521875 0.0296875 0.06666666666666667
2 0.3 0.5135416666666667 0.01875 0.06666666666666667
2 0.2625 0.515625 0.025 0.051041666666666666
2 0.196875 0.5 0.01875 0.05416666666666667
2 0.1625 0.5177083333333333 0.025 0.08958333333333333
2 0.140625 0.503125 0.021875 0.03333333333333333
2 0.01171875 0.5145833333333333 0.0203125 0.09166666666666666
2 0.04140625 0.5197916666666667 0.0265625 0.08958333333333333
0 0.4953125 0.5145833333333333 0.059375 0.06875
0 0.5140625 0.5364583333333334 0.08125 0.1
0 0.58046875 0.5875 0.2078125 0.203125
2 0.65078125 0.5041666666666667 0.0203125 0.051041666666666666