0 0.0671875 0.5479166666666667 0.134375 0.24791666666666667
0 0.2421875 0.4625 0.0875 0.06666666666666667
0 0.31796875 0.47604166666666664 0.0921875 0.0875
0 0.38203125 0.46458333333333335 0.0546875 0.05416666666666667
0 0.415625 0.4510416666666667 0.034375 0.05416666666666667
2 0.65234375 0.46041666666666664 0.0203125 0.06041666666666667
0 0.728125 0.49166666666666664 0.078125 0.08541666666666667
0 0.915625 0.5020833333333333 0.134375 0.11666666666666667
0 0.9390625 0.5114583333333333 0.11875 0.125
2 0.81484375 0.559375 0.0734375 0.2833333333333333
0 0.66875 0.46041666666666664 0.025 0.05416666666666667
0 0.603125 0.45208333333333334 0.025 0.03333333333333333
0 0.5765625 0.45625 0.040625 0.04479166666666667
0 0.5359375 0.44583333333333336 0.01875 0.022916666666666665
0 0.43984375 0.45208333333333334 0.0203125 0.03333333333333333
0 0.45234375 0.44895833333333335 0.0234375 0.027083333333333334
0 0.46328125 0.44375 0.0234375 0.027083333333333334
0 0.11484375 0.446875 0.0671875 0.035416666666666666