2 0.87265625 0.4947916666666667 0.0203125 0.09583333333333334
0 0.9046875 0.46979166666666666 0.09375 0.0875
0 0.8078125 0.46875 0.053125 0.08958333333333333
0 0.6 0.475 0.05 0.058333333333333334
0 0.5734375 0.440625 0.021875 0.021875
0 0.53515625 0.4395833333333333 0.0171875 0.019791666666666666
0 0.5296875 0.490625 0.084375 0.08541666666666667
0 0.46953125 0.46041666666666664 0.0265625 0.0375
0 0.4359375 0.48333333333333334 0.071875 0.06875
0 0.39921875 0.47291666666666665 0.0203125 0.022916666666666665
0 0.3671875 0.49166666666666664 0.059375 0.06875