2 0.81796875 0.47708333333333336 0.0328125 0.103125
2 0.78515625 0.47708333333333336 0.0328125 0.109375
2 0.1640625 0.47604166666666664 0.040625 0.1
0 0.2390625 0.490625 0.065625 0.058333333333333334
0 0.34375 0.47708333333333336 0.078125 0.07395833333333333
0 0.4828125 0.5177083333333333 0.178125 0.1875
0 0.96484375 0.5479166666666667 0.0671875 0.22083333333333333
2 0.025 0.490625 0.01875 0.0625
2 0.009375 0.48125 0.01875 0.071875
2 0.2890625 0.471875 0.021875 0.0375
2 0.13515625 0.4625 0.0234375 0.03125
0 0.39296875 0.46458333333333335 0.0265625 0.03125