2 0.55 0.4739583333333333 0.021875 0.06041666666666667
0 0.53515625 0.459375 0.0265625 0.027083333333333334
0 0.6328125 0.49270833333333336 0.065625 0.07604166666666666
0 0.596875 0.48541666666666666 0.034375 0.05625
0 0.725 0.5125 0.1625 0.18125
0 0.87578125 0.59375 0.2453125 0.42916666666666664
0 0.42421875 0.4791666666666667 0.0390625 0.040625
0 0.37734375 0.48125 0.0734375 0.071875
0 0.2734375 0.49583333333333335 0.0875 0.11354166666666667
2 0.4890625 0.46145833333333336 0.0125 0.025
2 0.475 0.46979166666666666 0.0125 0.040625
2 0.46328125 0.46770833333333334 0.0109375 0.04479166666666667
0 0.3328125 0.47291666666666665 0.040625 0.051041666666666666
0 0.175 0.5166666666666667 0.18125 0.146875
2 0.56484375 0.47291666666666665 0.0171875 0.05416666666666667
2 0.5828125 0.48125 0.01875 0.053125