2 0.3109375 0.47708333333333336 0.03125 0.10729166666666666
2 0.34296875 0.4708333333333333 0.0328125 0.11354166666666667
2 0.4046875 0.46458333333333335 0.03125 0.10208333333333333
0 0.5640625 0.465625 0.034375 0.0375
0 0.7484375 0.47708333333333336 0.16875 0.1625
0 0.9109375 0.596875 0.175 0.396875
2 0.371875 0.46458333333333335 0.025 0.09375
2 0.471875 0.46145833333333336 0.028125 0.10729166666666666
2 0.44921875 0.46770833333333334 0.0359375 0.103125
2 0.5046875 0.46145833333333336 0.025 0.06458333333333334
0 0.603125 0.4635416666666667 0.034375 0.0375