2 0.2875 0.4666666666666667 0.034375 0.07395833333333333
0 0.34140625 0.46041666666666664 0.0453125 0.042708333333333334
0 0.21484375 0.4666666666666667 0.0515625 0.046875
0 0.46796875 0.4625 0.0484375 0.051041666666666666
2 0.54140625 0.4552083333333333 0.0296875 0.08229166666666667
2 0.74765625 0.48541666666666666 0.0796875 0.165625
2 0.77578125 0.47708333333333336 0.0515625 0.1625
2 0.5828125 0.45625 0.028125 0.09166666666666666
2 0.50390625 0.453125 0.0203125 0.078125
2 0.515625 0.4510416666666667 0.021875 0.078125
2 0.0609375 0.46979166666666666 0.025 0.0875
2 0.040625 0.4708333333333333 0.01875 0.07395833333333333
2 0.63046875 0.4479166666666667 0.0234375 0.071875
0 0.4203125 0.45729166666666665 0.021875 0.027083333333333334
0 0.4015625 0.45625 0.01875 0.025