2 0.8734375 0.45 0.071875 0.11145833333333334
2 0.68984375 0.4947916666666667 0.0328125 0.16979166666666667
2 0.65625 0.521875 0.025 0.109375
2 0.62578125 0.49375 0.0359375 0.125
2 0.58671875 0.49166666666666664 0.0265625 0.115625
0 0.72109375 0.4947916666666667 0.0265625 0.040625
0 0.553125 0.46041666666666664 0.0375 0.027083333333333334
0 0.5046875 0.49166666666666664 0.128125 0.07083333333333333
0 0.40078125 0.49166666666666664 0.0953125 0.103125
0 0.34609375 0.465625 0.0328125 0.025
0 0.30234375 0.4791666666666667 0.0671875 0.07604166666666666
0 0.19375 0.47604166666666664 0.153125 0.146875
0 0.09609375 0.45208333333333334 0.0359375 0.040625
0 0.0734375 0.45 0.01875 0.0375
0 0.05546875 0.4625 0.0203125 0.042708333333333334
0 0.015625 0.45729166666666665 0.03125 0.0625