0 0.0890625 0.6083333333333333 0.175 0.228125
0 0.2140625 0.5583333333333333 0.125 0.12083333333333333
0 0.26796875 0.521875 0.1046875 0.09375
0 0.3390625 0.4947916666666667 0.06875 0.06875
0 0.3828125 0.46979166666666666 0.034375 0.040625
0 0.41796875 0.45729166666666665 0.0359375 0.035416666666666666
0 0.5875 0.46875 0.046875 0.051041666666666666
0 0.67578125 0.5114583333333333 0.1453125 0.140625
0 0.809375 0.6135416666666667 0.25 0.203125
0 0.840625 0.46875 0.0625 0.058333333333333334
0 0.81171875 0.4625 0.0546875 0.046875
0 0.77734375 0.46145833333333336 0.0453125 0.05625
0 0.440625 0.44583333333333336 0.03125 0.03958333333333333
0 0.5609375 0.4510416666666667 0.03125 0.042708333333333334
2 0.98125 0.6 0.034375 0.16770833333333332