2 0.35390625 0.5354166666666667 0.1953125 0.42604166666666665
0 0.290625 0.4666666666666667 0.065625 0.10208333333333333
0 0.05546875 0.521875 0.1046875 0.10520833333333333
0 0.6671875 0.4625 0.071875 0.07083333333333333
0 0.62890625 0.46145833333333336 0.0296875 0.06458333333333334
0 0.490625 0.45625 0.053125 0.053125
2 0.2140625 0.47604166666666664 0.046875 0.146875
2 0.98125 0.43333333333333335 0.028125 0.11354166666666667
0 0.4390625 0.45729166666666665 0.059375 0.06666666666666667
0 0.403125 0.4666666666666667 0.05625 0.058333333333333334
2 0.73515625 0.4552083333333333 0.0265625 0.06666666666666667
0 0.6078125 0.46041666666666664 0.021875 0.040625