2 0.6171875 0.584375 0.084375 0.25833333333333336
2 0.41640625 0.590625 0.0921875 0.2635416666666667
0 0.0359375 0.5958333333333333 0.06875 0.20729166666666668
0 0.1421875 0.5729166666666666 0.165625 0.1625
0 0.31484375 0.496875 0.0609375 0.06458333333333334
0 0.74609375 0.5947916666666667 0.1734375 0.178125
0 0.8625 0.678125 0.26875 0.30416666666666664
0 0.07734375 0.478125 0.0671875 0.078125
0 0.27421875 0.48020833333333335 0.0921875 0.0625
0 0.3640625 0.48020833333333335 0.046875 0.06666666666666667
0 0.46015625 0.45 0.0328125 0.0375
0 0.55859375 0.46145833333333336 0.0359375 0.040625
0 0.590625 0.4895833333333333 0.053125 0.06875
0 0.646875 0.50625 0.053125 0.078125
0 0.68125 0.46145833333333336 0.078125 0.03333333333333333
0 0.8515625 0.471875 0.115625 0.06458333333333334
0 0.8234375 0.46145833333333336 0.1125 0.06041666666666667
0 0.9390625 0.8520833333333333 0.1125 0.28958333333333336