2 0.85546875 0.5041666666666667 0.0296875 0.13645833333333332
2 0.9125 0.5114583333333333 0.040625 0.15625
2 0.96328125 0.503125 0.0265625 0.134375
2 0.9859375 0.5010416666666667 0.021875 0.15
0 0.5328125 0.48125 0.05 0.053125
0 0.44921875 0.47291666666666665 0.0484375 0.058333333333333334
0 0.33046875 0.478125 0.0453125 0.042708333333333334
0 0.27421875 0.4875 0.0671875 0.053125
0 0.37265625 0.471875 0.0296875 0.03333333333333333
2 0.58828125 0.47708333333333336 0.0140625 0.046875
2 0.58203125 0.4739583333333333 0.0140625 0.053125