0 0.95703125 0.5135416666666667 0.0796875 0.109375
0 0.8484375 0.5020833333333333 0.140625 0.08958333333333333
0 0.740625 0.49270833333333336 0.11875 0.071875
0 0.634375 0.4875 0.1 0.06458333333333334
0 0.54140625 0.4822916666666667 0.0984375 0.05416666666666667
0 0.43515625 0.47291666666666665 0.0296875 0.046875
2 0.328125 0.465625 0.01875 0.053125
2 0.29765625 0.46145833333333336 0.0203125 0.06041666666666667
2 0.4734375 0.471875 0.028125 0.06041666666666667
2 0.69921875 0.45625 0.0203125 0.0375
2 0.71640625 0.44895833333333335 0.0203125 0.027083333333333334
2 0.4984375 0.45729166666666665 0.01875 0.03958333333333333
2 0.45625 0.475 0.021875 0.058333333333333334
2 0.28359375 0.46041666666666664 0.0203125 0.05416666666666667