0 0.19140625 0.4791666666666667 0.0984375 0.09166666666666666
0 0.2546875 0.47604166666666664 0.059375 0.06458333333333334
0 0.29375 0.4739583333333333 0.03125 0.053125
0 0.4109375 0.4666666666666667 0.034375 0.03958333333333333
2 0.35 0.47708333333333336 0.04375 0.12708333333333333
2 0.7234375 0.459375 0.028125 0.10208333333333333
2 0.7015625 0.45729166666666665 0.025 0.10208333333333333
2 0.853125 0.4666666666666667 0.03125 0.140625
2 0.8796875 0.46875 0.025 0.13645833333333332
2 0.903125 0.46041666666666664 0.03125 0.140625
2 0.7921875 0.471875 0.01875 0.12291666666666666
2 0.77265625 0.478125 0.0296875 0.13645833333333332
2 0.75078125 0.475 0.0265625 0.12916666666666668