0 0.73828125 0.5291666666666667 0.2234375 0.19895833333333332
0 0.6140625 0.5 0.10625 0.12083333333333333
0 0.559375 0.490625 0.0625 0.08229166666666667
0 0.5203125 0.4739583333333333 0.05 0.04895833333333333
0 0.4546875 0.46875 0.04375 0.042708333333333334
2 0.97421875 0.48541666666666666 0.0484375 0.1625
2 0.92421875 0.49895833333333334 0.0453125 0.134375
2 0.29296875 0.46041666666666664 0.0171875 0.051041666666666666
0 0.43125 0.46041666666666664 0.015625 0.022916666666666665
2 0.384375 0.46458333333333335 0.009375 0.035416666666666666
2 0.3640625 0.4552083333333333 0.01875 0.042708333333333334
2 0.3484375 0.45625 0.009375 0.040625
2 0.3375 0.4552083333333333 0.009375 0.035416666666666666
2 0.275 0.465625 0.0125 0.053125