2 0.21171875 0.5166666666666667 0.0609375 0.275
2 0.1453125 0.50625 0.071875 0.26145833333333335
2 0.06171875 0.5270833333333333 0.0765625 0.24583333333333332
2 0.31328125 0.4822916666666667 0.0453125 0.09375
2 0.359375 0.48020833333333335 0.0375 0.09791666666666667
2 0.4046875 0.4708333333333333 0.034375 0.10520833333333333
2 0.43203125 0.4708333333333333 0.0421875 0.109375
2 0.46171875 0.47604166666666664 0.0234375 0.1
0 0.653125 0.478125 0.05625 0.058333333333333334
0 0.79140625 0.496875 0.1546875 0.13854166666666667
0 0.58125 0.4864583333333333 0.040625 0.03125
2 0.53125 0.48125 0.021875 0.04479166666666667