0 0.925 0.44583333333333336 0.146875 0.14791666666666667
0 0.95078125 0.4864583333333333 0.0921875 0.125
2 0.81796875 0.478125 0.0671875 0.19166666666666668
2 0.64296875 0.46458333333333335 0.0328125 0.11354166666666667
2 0.6234375 0.47708333333333336 0.028125 0.08958333333333333
2 0.1703125 0.4875 0.015625 0.06041666666666667
0 0.728125 0.45625 0.040625 0.04479166666666667
2 0.67578125 0.42916666666666664 0.0203125 0.027083333333333334
2 0.59375 0.459375 0.01875 0.058333333333333334
2 0.3828125 0.46145833333333336 0.0125 0.029166666666666667
2 0.55625 0.45729166666666665 0.01875 0.05416666666666667
2 0.128125 0.48854166666666665 0.021875 0.035416666666666666