0 0.94375 0.6375 0.109375 0.24375
0 0.85625 0.5739583333333333 0.15625 0.16458333333333333
0 0.76953125 0.5229166666666667 0.1328125 0.13854166666666667
0 0.6859375 0.496875 0.06875 0.05625
0 0.66015625 0.48333333333333334 0.0609375 0.05625
0 0.62421875 0.4708333333333333 0.0453125 0.051041666666666666
0 0.3984375 0.4895833333333333 0.0625 0.05625
0 0.21640625 0.603125 0.2328125 0.19166666666666668
0 0.196875 0.478125 0.1 0.06666666666666667
0 0.24140625 0.478125 0.1046875 0.058333333333333334
0 0.33671875 0.459375 0.0359375 0.03958333333333333
0 0.0578125 0.5177083333333333 0.090625 0.10208333333333333
0 0.01875 0.53125 0.034375 0.14479166666666668
2 0.5765625 0.4635416666666667 0.01875 0.06041666666666667