2 0.015625 0.5 0.028125 0.17604166666666668
2 0.04296875 0.5020833333333333 0.0234375 0.15208333333333332
2 0.09375 0.5052083333333334 0.0375 0.15
2 0.13515625 0.5145833333333333 0.0359375 0.11875
2 0.26171875 0.49375 0.0203125 0.07083333333333333
2 0.2921875 0.4895833333333333 0.021875 0.09166666666666666
2 0.3078125 0.496875 0.015625 0.06875
2 0.3234375 0.49375 0.015625 0.0625
2 0.3515625 0.49895833333333334 0.015625 0.04895833333333333
2 0.36484375 0.49583333333333335 0.0109375 0.051041666666666666
2 0.39140625 0.490625 0.0140625 0.058333333333333334
0 0.52109375 0.521875 0.1484375 0.14791666666666667
0 0.6171875 0.49375 0.025 0.027083333333333334