0 0.865625 0.5364583333333334 0.20625 0.165625
0 0.75234375 0.5104166666666666 0.0984375 0.10729166666666666
0 0.67578125 0.4947916666666667 0.0796875 0.07604166666666666
0 0.61640625 0.484375 0.0546875 0.058333333333333334
0 0.26328125 0.5291666666666667 0.1734375 0.16458333333333333
0 0.15078125 0.5927083333333333 0.2703125 0.24791666666666667
0 0.0609375 0.728125 0.1125 0.23854166666666668
0 0.35546875 0.5 0.0515625 0.08541666666666667
2 0.44375 0.46041666666666664 0.01875 0.03958333333333333
2 0.553125 0.46458333333333335 0.01875 0.058333333333333334
0 0.39609375 0.48541666666666666 0.0328125 0.05625
0 0.4078125 0.471875 0.0375 0.053125
0 0.590625 0.4666666666666667 0.040625 0.05416666666666667
0 0.5296875 0.45625 0.021875 0.029166666666666667
0 0.41953125 0.4666666666666667 0.0328125 0.042708333333333334
0 0.5109375 0.4552083333333333 0.01875 0.022916666666666665