2 0.20078125 0.49166666666666664 0.0359375 0.078125
2 0.178125 0.49895833333333334 0.028125 0.06458333333333334
0 0.83671875 0.46875 0.0234375 0.06666666666666667
0 0.80859375 0.46041666666666664 0.0671875 0.084375
0 0.92578125 0.446875 0.1453125 0.13645833333333332
0 0.9515625 0.4875 0.0875 0.11875
2 0.60546875 0.4625 0.0234375 0.08958333333333333
2 0.62734375 0.4625 0.0265625 0.08958333333333333
2 0.69140625 0.46770833333333334 0.0421875 0.11875
2 0.128125 0.4875 0.021875 0.03333333333333333
2 0.359375 0.45729166666666665 0.0125 0.022916666666666665
2 0.3765625 0.46145833333333336 0.0125 0.025
0 0.72890625 0.4625 0.0421875 0.051041666666666666