0 0.46328125 0.47708333333333336 0.0828125 0.09166666666666666
0 0.35078125 0.48020833333333335 0.0859375 0.05416666666666667
0 0.12578125 0.4625 0.0390625 0.027083333333333334
2 0.91640625 0.44583333333333336 0.0328125 0.071875
2 0.8796875 0.4427083333333333 0.028125 0.05625
2 0.85390625 0.44479166666666664 0.0234375 0.04895833333333333
2 0.784375 0.44583333333333336 0.025 0.03958333333333333
2 0.80390625 0.44583333333333336 0.0171875 0.0375
2 0.66484375 0.46041666666666664 0.0140625 0.027083333333333334
2 0.6796875 0.46041666666666664 0.015625 0.027083333333333334
2 0.15546875 0.45729166666666665 0.0203125 0.03125
2 0.18984375 0.46770833333333334 0.0140625 0.053125
2 0.203125 0.46875 0.0125 0.051041666666666666