2 0.85234375 0.4635416666666667 0.0546875 0.15416666666666667
2 0.815625 0.465625 0.025 0.12291666666666666
2 0.6640625 0.453125 0.01875 0.08541666666666667
2 0.63046875 0.440625 0.0234375 0.06458333333333334
2 0.559375 0.4583333333333333 0.021875 0.06041666666666667
2 0.5796875 0.4583333333333333 0.021875 0.053125
0 0.3515625 0.4625 0.028125 0.035416666666666666
0 0.315625 0.46041666666666664 0.025 0.03125
2 0.4890625 0.45625 0.021875 0.04479166666666667
2 0.4109375 0.4583333333333333 0.015625 0.029166666666666667
2 0.68359375 0.425 0.0234375 0.0375