0 0.03671875 0.7052083333333333 0.0703125 0.30833333333333335
0 0.5609375 0.47604166666666664 0.09375 0.071875
0 0.6578125 0.46875 0.078125 0.07083333333333333
0 0.52578125 0.46458333333333335 0.0359375 0.07395833333333333
0 0.503125 0.453125 0.025 0.058333333333333334
2 0.79609375 0.4635416666666667 0.0234375 0.07604166666666666
2 0.778125 0.453125 0.015625 0.0625
2 0.7078125 0.46041666666666664 0.015625 0.05416666666666667
2 0.01953125 0.45625 0.0234375 0.0875
2 0.2984375 0.46041666666666664 0.015625 0.04479166666666667
2 0.28125 0.4395833333333333 0.0125 0.022916666666666665
2 0.22265625 0.4395833333333333 0.0203125 0.035416666666666666
2 0.35625 0.44583333333333336 0.01875 0.035416666666666666
2 0.38515625 0.44479166666666664 0.0203125 0.0375
0 0.61953125 0.46145833333333336 0.0296875 0.06875
2 0.83203125 0.43333333333333335 0.0203125 0.03958333333333333