2 0.89296875 0.48125 0.0421875 0.14270833333333333
2 0.9359375 0.4375 0.028125 0.03125
0 0.415625 0.45625 0.021875 0.021875
0 0.44921875 0.459375 0.0203125 0.027083333333333334
2 0.86875 0.44583333333333336 0.021875 0.03958333333333333
2 0.9125 0.4395833333333333 0.0125 0.027083333333333334
2 0.77734375 0.48125 0.1171875 0.321875
2 0.59296875 0.48541666666666666 0.0640625 0.20104166666666667
2 0.49296875 0.49166666666666664 0.0546875 0.19166666666666668
2 0.46640625 0.46458333333333335 0.0171875 0.06666666666666667
0 0.39375 0.4583333333333333 0.021875 0.025
0 0.37421875 0.465625 0.0234375 0.025