2 0.3984375 0.48854166666666665 0.034375 0.13333333333333333
2 0.42421875 0.4895833333333333 0.0328125 0.134375
2 0.59375 0.4822916666666667 0.04375 0.06666666666666667
2 0.64453125 0.48020833333333335 0.0359375 0.08229166666666667
2 0.6703125 0.49166666666666664 0.03125 0.09791666666666667
2 0.7015625 0.4791666666666667 0.040625 0.06875
2 0.7546875 0.46979166666666666 0.0375 0.13125
2 0.79453125 0.484375 0.0296875 0.08541666666666667
2 0.81953125 0.475 0.0359375 0.12083333333333333
2 0.8484375 0.47291666666666665 0.034375 0.12083333333333333
2 0.97265625 0.459375 0.0234375 0.05416666666666667
2 0.88828125 0.4625 0.0234375 0.06666666666666667
2 0.9078125 0.4625 0.01875 0.0625
2 0.47109375 0.44895833333333335 0.0265625 0.046875
2 0.49453125 0.4510416666666667 0.0265625 0.05416666666666667
2 0.515625 0.4552083333333333 0.01875 0.05416666666666667