0 0.76796875 0.4427083333333333 0.0828125 0.0375
0 0.68984375 0.496875 0.0796875 0.0875
0 0.79609375 0.5208333333333334 0.1546875 0.13125
0 0.6125 0.48020833333333335 0.065625 0.05416666666666667
0 0.29765625 0.5322916666666667 0.1296875 0.11875
0 0.1296875 0.59375 0.25625 0.31666666666666665
0 0.0609375 0.7114583333333333 0.11875 0.3260416666666667
2 0.38046875 0.51875 0.0421875 0.13125
2 0.41015625 0.48125 0.0265625 0.09166666666666666
2 0.43671875 0.490625 0.0265625 0.10208333333333333
0 0.58046875 0.475 0.0296875 0.03958333333333333
2 0.60859375 0.44375 0.0203125 0.027083333333333334
0 0.5671875 0.4635416666666667 0.028125 0.04479166666666667
0 0.53203125 0.4552083333333333 0.0296875 0.03125
0 0.25234375 0.47291666666666665 0.0453125 0.06666666666666667