0 0.96875 0.546875 0.0625 0.16770833333333332
0 0.815625 0.5052083333333334 0.23125 0.15833333333333333
0 0.68984375 0.47604166666666664 0.0515625 0.09166666666666666
0 0.63125 0.459375 0.034375 0.03125
0 0.54375 0.45729166666666665 0.034375 0.035416666666666666
0 0.38515625 0.47604166666666664 0.0703125 0.06458333333333334
0 0.35 0.5083333333333333 0.090625 0.09166666666666666
0 0.06015625 0.4947916666666667 0.1109375 0.09583333333333334
0 0.228125 0.5697916666666667 0.265625 0.18541666666666667
0 0.08125 0.7270833333333333 0.153125 0.39479166666666665
2 0.4875 0.465625 0.015625 0.040625
0 0.278125 0.45729166666666665 0.075 0.05416666666666667