0 0.15546875 0.521875 0.1703125 0.12916666666666668
0 0.25703125 0.5072916666666667 0.0828125 0.09166666666666666
0 0.33984375 0.4791666666666667 0.0796875 0.071875
0 0.3859375 0.484375 0.040625 0.05416666666666667
0 0.60078125 0.48020833333333335 0.0578125 0.046875
0 0.7140625 0.4708333333333333 0.0625 0.07083333333333333
0 0.42734375 0.4635416666666667 0.0359375 0.040625
2 0.55859375 0.46145833333333336 0.0171875 0.04479166666666667
0 0.9546875 0.4822916666666667 0.084375 0.08541666666666667
2 0.54453125 0.46145833333333336 0.0109375 0.040625
0 0.53125 0.45729166666666665 0.01875 0.022916666666666665
0 0.4140625 0.478125 0.025 0.046875
0 0.428125 0.471875 0.025 0.04479166666666667
0 0.45859375 0.4635416666666667 0.0296875 0.0375
0 0.478125 0.46041666666666664 0.021875 0.03333333333333333
0 0.3046875 0.4895833333333333 0.071875 0.084375