2 0.1796875 0.515625 0.025 0.11666666666666667
2 0.1484375 0.51875 0.028125 0.12291666666666666
2 0.10703125 0.5208333333333334 0.0359375 0.134375
2 0.8 0.49270833333333336 0.01875 0.06458333333333334
2 0.97265625 0.5020833333333333 0.0203125 0.11354166666666667
0 0.5296875 0.5177083333333333 0.078125 0.09375
2 0.2 0.5104166666666666 0.025 0.103125
2 0.4078125 0.5083333333333333 0.01875 0.0625
2 0.44140625 0.509375 0.0203125 0.0625
2 0.7828125 0.49270833333333336 0.021875 0.06875
2 0.01484375 0.4875 0.0203125 0.040625
2 0.0296875 0.4864583333333333 0.021875 0.042708333333333334