0 0.81953125 0.5291666666666667 0.2234375 0.16458333333333333
0 0.675 0.48854166666666665 0.103125 0.109375
0 0.6125 0.4864583333333333 0.046875 0.08229166666666667
0 0.59609375 0.475 0.0578125 0.08229166666666667
0 0.5234375 0.4625 0.0375 0.03958333333333333
0 0.37890625 0.46770833333333334 0.0421875 0.040625
0 0.2453125 0.528125 0.1125 0.12708333333333333
0 0.303125 0.5083333333333333 0.059375 0.08958333333333333
2 0.0234375 0.6291666666666667 0.04375 0.37916666666666665
2 0.075 0.6333333333333333 0.103125 0.415625
2 0.14921875 0.60625 0.0734375 0.38125
0 0.33046875 0.48854166666666665 0.0515625 0.06666666666666667
0 0.5 0.45729166666666665 0.025 0.035416666666666666
0 0.4515625 0.45416666666666666 0.021875 0.029166666666666667
2 0.47265625 0.45208333333333334 0.0109375 0.029166666666666667
2 0.2578125 0.45625 0.01875 0.021875