0 0.0296875 0.7885416666666667 0.05625 0.19375
0 0.14921875 0.6447916666666667 0.2890625 0.22291666666666668
0 0.31015625 0.5354166666666667 0.1453125 0.10208333333333333
0 0.73984375 0.51875 0.0921875 0.115625
0 0.79375 0.546875 0.1125 0.140625
0 0.8859375 0.59375 0.2 0.19895833333333332
0 0.9734375 0.6510416666666666 0.053125 0.196875
2 0.41953125 0.5229166666666667 0.0671875 0.15833333333333333
2 0.5671875 0.5208333333333334 0.053125 0.15833333333333333
2 0.6390625 0.46458333333333335 0.028125 0.046875
2 0.69765625 0.459375 0.0203125 0.05416666666666667
0 0.13203125 0.4791666666666667 0.0703125 0.06458333333333334
0 0.0546875 0.484375 0.10625 0.07395833333333333
0 0.45625 0.46041666666666664 0.046875 0.06041666666666667
0 0.53203125 0.459375 0.0265625 0.03125
2 0.7140625 0.46041666666666664 0.01875 0.0625