2 0.03515625 0.459375 0.0453125 0.13645833333333332
2 0.07265625 0.46875 0.0484375 0.11666666666666667
2 0.2546875 0.41875 0.028125 0.0375
2 0.30703125 0.4510416666666667 0.0203125 0.058333333333333334
2 0.5984375 0.4552083333333333 0.01875 0.046875
0 0.61640625 0.47708333333333336 0.0296875 0.06666666666666667
2 0.4890625 0.45416666666666666 0.01875 0.0375
2 0.55859375 0.45208333333333334 0.0140625 0.029166666666666667
0 0.65 0.4895833333333333 0.090625 0.0875
2 0.715625 0.4708333333333333 0.021875 0.05416666666666667
2 0.3296875 0.45729166666666665 0.01875 0.0625
2 0.35 0.4510416666666667 0.01875 0.046875
2 0.3625 0.453125 0.01875 0.051041666666666666
2 0.4046875 0.44375 0.01875 0.03125
2 0.4140625 0.44583333333333336 0.01875 0.03333333333333333
2 0.54765625 0.45208333333333334 0.0109375 0.029166666666666667
2 0.540625 0.45416666666666666 0.0125 0.0375
2 0.69375 0.46458333333333335 0.0125 0.05416666666666667
2 0.68203125 0.453125 0.0203125 0.042708333333333334
0 0.9765625 0.7833333333333333 0.040625 0.33229166666666665