2 0.815625 0.621875 0.090625 0.259375
2 0.7265625 0.496875 0.028125 0.08020833333333334
2 0.3109375 0.5583333333333333 0.05625 0.21875
2 0.25703125 0.5645833333333333 0.0578125 0.20729166666666668
2 0.203125 0.55625 0.0625 0.19895833333333332
0 0.89296875 0.5291666666666667 0.1078125 0.125
0 0.78046875 0.49583333333333335 0.0828125 0.07395833333333333
0 0.54296875 0.4583333333333333 0.0421875 0.040625
0 0.134375 0.575 0.140625 0.165625
2 0.40078125 0.465625 0.0265625 0.053125
0 0.43515625 0.446875 0.0203125 0.022916666666666665
0 0.66640625 0.47604166666666664 0.0265625 0.040625
2 0.5671875 0.4552083333333333 0.01875 0.03958333333333333