0 0.91640625 0.6270833333333333 0.1671875 0.21041666666666667
0 0.83125 0.5552083333333333 0.146875 0.15416666666666667
0 0.5078125 0.44479166666666664 0.034375 0.03333333333333333
0 0.365625 0.49895833333333334 0.0875 0.07604166666666666
0 0.21328125 0.47291666666666665 0.1234375 0.058333333333333334
0 0.09453125 0.49166666666666664 0.0953125 0.08958333333333333
0 0.184375 0.5958333333333333 0.253125 0.23020833333333332
2 0.340625 0.4510416666666667 0.01875 0.03958333333333333
2 0.53828125 0.45 0.0203125 0.04479166666666667
2 0.48046875 0.4479166666666667 0.0203125 0.040625
0 0.028125 0.46770833333333334 0.053125 0.103125
0 0.565625 0.45416666666666666 0.03125 0.0375
0 0.58125 0.46145833333333336 0.025 0.0375
0 0.59296875 0.46458333333333335 0.0265625 0.042708333333333334
0 0.61796875 0.47604166666666664 0.0453125 0.04479166666666667
0 0.44921875 0.45625 0.0203125 0.03333333333333333
0 0.42109375 0.4635416666666667 0.0578125 0.053125