0 0.55546875 0.47604166666666664 0.0546875 0.04479166666666667
0 0.534375 0.4583333333333333 0.04375 0.040625
0 0.49609375 0.43854166666666666 0.0328125 0.029166666666666667
2 0.596875 0.50625 0.046875 0.13645833333333332
2 0.83828125 0.4895833333333333 0.0296875 0.10729166666666666
2 0.7921875 0.48125 0.0375 0.10729166666666666
2 0.25703125 0.49270833333333336 0.0359375 0.071875
2 0.36875 0.4479166666666667 0.01875 0.040625
2 0.14453125 0.48020833333333335 0.0328125 0.08958333333333333
2 0.096875 0.475 0.025 0.0625
2 0.06875 0.46770833333333334 0.028125 0.040625