2 0.57578125 0.48541666666666666 0.0234375 0.06041666666666667
0 0.8328125 0.615625 0.321875 0.40208333333333335
0 0.25859375 0.5166666666666667 0.0984375 0.0875
0 0.12890625 0.5875 0.2515625 0.22291666666666668
0 0.29453125 0.4979166666666667 0.0578125 0.06666666666666667
0 0.3171875 0.48333333333333334 0.0375 0.04479166666666667
2 0.5359375 0.478125 0.015625 0.046875
2 0.5234375 0.4791666666666667 0.0125 0.040625
2 0.5109375 0.4791666666666667 0.0125 0.04479166666666667
2 0.5 0.48020833333333335 0.0125 0.042708333333333334
2 0.471875 0.475 0.009375 0.03125
2 0.46328125 0.47708333333333336 0.0109375 0.03125