0 0.5390625 0.5020833333333333 0.103125 0.10520833333333333
0 0.41640625 0.48854166666666665 0.0203125 0.022916666666666665
2 0.31796875 0.484375 0.0109375 0.03125
2 0.3078125 0.48541666666666666 0.009375 0.029166666666666667
2 0.296875 0.4864583333333333 0.0125 0.027083333333333334
2 0.2859375 0.48541666666666666 0.009375 0.029166666666666667
2 0.27578125 0.484375 0.0109375 0.03125
2 0.26484375 0.484375 0.0109375 0.035416666666666666
2 0.253125 0.48333333333333334 0.0125 0.0375
2 0.2390625 0.48541666666666666 0.0125 0.0375
2 0.22890625 0.484375 0.0109375 0.03125
2 0.2140625 0.484375 0.009375 0.035416666666666666
2 0.19921875 0.48541666666666666 0.0109375 0.04479166666666667
2 0.1890625 0.4875 0.0125 0.04479166666666667
2 0.175 0.4864583333333333 0.0125 0.046875
2 0.16484375 0.4895833333333333 0.0078125 0.04895833333333333
2 0.1609375 0.4864583333333333 0.015625 0.046875
2 0.1484375 0.4875 0.0125 0.04895833333333333
2 0.13515625 0.4864583333333333 0.0140625 0.058333333333333334
2 0.1046875 0.49583333333333335 0.01875 0.058333333333333334
2 0.08125 0.49270833333333336 0.01875 0.06041666666666667
2 0.0640625 0.496875 0.01875 0.05625
2 0.01171875 0.49583333333333335 0.0203125 0.07083333333333333