0 0.06171875 0.5229166666666667 0.1234375 0.32083333333333336
0 0.44765625 0.49270833333333336 0.0796875 0.084375
2 0.90234375 0.4739583333333333 0.0421875 0.115625
2 0.8046875 0.4666666666666667 0.021875 0.046875
2 0.82578125 0.4552083333333333 0.0234375 0.027083333333333334
2 0.51171875 0.48020833333333335 0.0171875 0.051041666666666666
2 0.49140625 0.478125 0.0203125 0.058333333333333334
0 0.35546875 0.4791666666666667 0.0890625 0.0375
2 0.75703125 0.465625 0.0234375 0.04895833333333333
2 0.74140625 0.46041666666666664 0.0203125 0.051041666666666666
2 0.72734375 0.46458333333333335 0.0203125 0.046875
2 0.5625 0.47708333333333336 0.01875 0.029166666666666667
2 0.57734375 0.4739583333333333 0.0203125 0.029166666666666667