2 0.0359375 0.503125 0.034375 0.10729166666666666
2 0.76171875 0.5020833333333333 0.0265625 0.11666666666666667
2 0.8703125 0.49583333333333335 0.03125 0.12083333333333333
2 0.85390625 0.5052083333333334 0.0234375 0.103125
2 0.81171875 0.5020833333333333 0.0265625 0.125
2 0.79609375 0.49895833333333334 0.0265625 0.11875
0 0.51484375 0.4895833333333333 0.0453125 0.04479166666666667
0 0.440625 0.48125 0.08125 0.09166666666666666
0 0.3671875 0.47708333333333336 0.034375 0.03125
0 0.3265625 0.48541666666666666 0.05 0.0375
0 0.27265625 0.4875 0.0578125 0.04479166666666667
2 0.5640625 0.478125 0.01875 0.042708333333333334