2 0.80859375 0.43020833333333336 0.0296875 0.103125
0 0.60546875 0.409375 0.0421875 0.07604166666666666
2 0.5171875 0.4395833333333333 0.021875 0.09375
2 0.49140625 0.4322916666666667 0.0265625 0.084375
0 0.47578125 0.4197916666666667 0.0203125 0.03125
0 0.4578125 0.428125 0.01875 0.027083333333333334
0 0.425 0.4 0.015625 0.019791666666666666
0 0.4484375 0.4 0.015625 0.019791666666666666
0 0.4546875 0.41458333333333336 0.015625 0.019791666666666666
0 0.3890625 0.39166666666666666 0.015625 0.021875
0 0.3796875 0.421875 0.025 0.042708333333333334
0 0.3640625 0.43125 0.021875 0.046875
0 0.32265625 0.43854166666666666 0.0890625 0.09166666666666666