2 0.01484375 0.5083333333333333 0.0234375 0.109375
2 0.053125 0.49270833333333336 0.028125 0.12291666666666666
2 0.0875 0.5041666666666667 0.034375 0.125
2 0.171875 0.484375 0.021875 0.03958333333333333
2 0.20234375 0.5052083333333334 0.0359375 0.12291666666666666
2 0.2265625 0.5166666666666667 0.01875 0.09583333333333334
2 0.25703125 0.515625 0.0234375 0.08541666666666667
2 0.27265625 0.5229166666666667 0.0203125 0.07604166666666666
2 0.2890625 0.5208333333333334 0.025 0.0875
2 0.31328125 0.5208333333333334 0.0265625 0.0875
2 0.340625 0.5229166666666667 0.01875 0.06458333333333334
2 0.359375 0.5239583333333333 0.01875 0.06041666666666667
2 0.378125 0.5260416666666666 0.01875 0.06041666666666667
2 0.39375 0.528125 0.021875 0.05625
2 0.40703125 0.521875 0.0203125 0.051041666666666666
2 0.4171875 0.5239583333333333 0.01875 0.05625
2 0.42734375 0.51875 0.0203125 0.053125
0 0.5578125 0.5010416666666667 0.046875 0.025
0 0.58984375 0.5395833333333333 0.0421875 0.06875
2 0.46953125 0.515625 0.0203125 0.042708333333333334
0 0.5359375 0.5385416666666667 0.09375 0.09166666666666666
0 0.66640625 0.525 0.0515625 0.042708333333333334
2 0.71875 0.53125 0.01875 0.05416666666666667
2 0.740625 0.5197916666666667 0.0125 0.046875
2 0.7515625 0.5208333333333334 0.015625 0.04479166666666667
2 0.7765625 0.5239583333333333 0.015625 0.04479166666666667
0 0.81796875 0.55 0.0328125 0.040625
0 0.8515625 0.5385416666666667 0.021875 0.053125
0 0.62265625 0.5208333333333334 0.0234375 0.040625