0 0.43359375 0.49270833333333336 0.1046875 0.134375
0 0.5890625 0.5 0.0625 0.07083333333333333
0 0.63125 0.50625 0.04375 0.078125
0 0.6921875 0.478125 0.1 0.11354166666666667
0 0.70390625 0.5125 0.0734375 0.11875
0 0.82109375 0.5104166666666666 0.0609375 0.146875
0 0.91328125 0.48125 0.1578125 0.196875
0 0.925 0.5447916666666667 0.146875 0.24166666666666667
2 0.75546875 0.5104166666666666 0.0578125 0.225
2 0.365625 0.49375 0.071875 0.203125
0 0.52578125 0.4947916666666667 0.0609375 0.06458333333333334