0 0.12265625 0.5197916666666667 0.2421875 0.32083333333333336
1 0.125 0.6677083333333333 0.09375 0.125
2 0.26015625 0.5427083333333333 0.0953125 0.33229166666666665
2 0.3390625 0.5104166666666666 0.05625 0.24791666666666667
0 0.371875 0.5229166666666667 0.021875 0.08541666666666667
0 0.403125 0.5020833333333333 0.078125 0.12916666666666668
0 0.44609375 0.49375 0.0203125 0.05416666666666667
0 0.46640625 0.490625 0.0234375 0.058333333333333334
0 0.5015625 0.4791666666666667 0.040625 0.06458333333333334
0 0.528125 0.4708333333333333 0.01875 0.051041666666666666
0 0.596875 0.48020833333333335 0.13125 0.16770833333333332
0 0.66640625 0.45625 0.0234375 0.0375
0 0.68515625 0.4625 0.0296875 0.051041666666666666
0 0.70078125 0.4708333333333333 0.0296875 0.058333333333333334
0 0.7296875 0.471875 0.03125 0.06458333333333334
0 0.76640625 0.4791666666666667 0.0671875 0.115625
0 0.89453125 0.475 0.2078125 0.30104166666666665