2 0.23125 0.4822916666666667 0.040625 0.08229166666666667
2 0.26328125 0.484375 0.0328125 0.08541666666666667
2 0.46875 0.46458333333333335 0.025 0.0625
2 0.43125 0.4708333333333333 0.028125 0.07083333333333333
0 0.0921875 0.609375 0.18125 0.17916666666666667
0 0.60078125 0.46458333333333335 0.0515625 0.05416666666666667
0 0.92421875 0.6833333333333333 0.1484375 0.296875
0 0.33125 0.45208333333333334 0.046875 0.040625
0 0.03828125 0.49270833333333336 0.0734375 0.08020833333333334
0 0.09609375 0.5114583333333333 0.0234375 0.051041666666666666
0 0.1109375 0.47291666666666665 0.065625 0.03958333333333333
2 0.70703125 0.46458333333333335 0.0265625 0.05416666666666667
2 0.6703125 0.45 0.01875 0.05625