0 0.978125 0.63125 0.040625 0.22708333333333333
0 0.86171875 0.5427083333333333 0.2734375 0.22291666666666668
0 0.53046875 0.4666666666666667 0.0609375 0.07083333333333333
0 0.2609375 0.4791666666666667 0.059375 0.053125
0 0.49375 0.4635416666666667 0.025 0.04895833333333333
0 0.37734375 0.46458333333333335 0.0171875 0.022916666666666665
0 0.4765625 0.4635416666666667 0.021875 0.029166666666666667
0 0.459375 0.46041666666666664 0.01875 0.027083333333333334
0 0.43984375 0.4625 0.0140625 0.019791666666666666
0 0.39296875 0.4635416666666667 0.0171875 0.021875
0 0.35 0.465625 0.0375 0.03333333333333333
0 0.3125 0.46979166666666666 0.040625 0.053125
0 0.2125 0.4708333333333333 0.028125 0.042708333333333334
0 0.18125 0.46145833333333336 0.021875 0.040625
0 0.1625 0.46041666666666664 0.021875 0.040625
0 0.1390625 0.459375 0.028125 0.03958333333333333
2 0.09609375 0.46041666666666664 0.0421875 0.06666666666666667