2 0.92109375 0.49166666666666664 0.0578125 0.18541666666666667
2 0.2328125 0.509375 0.03125 0.078125
2 0.3046875 0.478125 0.021875 0.09791666666666667
2 0.278125 0.46875 0.046875 0.17916666666666667
0 0.553125 0.47708333333333336 0.046875 0.040625
0 0.60625 0.47708333333333336 0.040625 0.042708333333333334
2 0.40859375 0.46875 0.0234375 0.06666666666666667
2 0.4328125 0.46875 0.021875 0.06666666666666667
2 0.44453125 0.465625 0.0203125 0.06458333333333334
2 0.48125 0.46770833333333334 0.01875 0.06041666666666667
2 0.49765625 0.4666666666666667 0.0203125 0.058333333333333334
2 0.4671875 0.46458333333333335 0.01875 0.0625