2 0.040625 0.4395833333333333 0.05 0.14791666666666667
2 0.19921875 0.4322916666666667 0.0234375 0.09583333333333334
2 0.21328125 0.4322916666666667 0.0203125 0.10729166666666666
2 0.23828125 0.44583333333333336 0.0234375 0.11666666666666667
2 0.2578125 0.44166666666666665 0.01875 0.09375
2 0.26953125 0.4427083333333333 0.0203125 0.07604166666666666
2 0.2859375 0.44375 0.021875 0.078125
2 0.2984375 0.4427083333333333 0.01875 0.071875
2 0.31328125 0.4395833333333333 0.0203125 0.08229166666666667
2 0.32578125 0.44375 0.0203125 0.07395833333333333
2 0.3421875 0.44166666666666665 0.01875 0.07395833333333333
2 0.3578125 0.44479166666666664 0.01875 0.06041666666666667
2 0.37578125 0.4427083333333333 0.0234375 0.05625
2 0.440625 0.45729166666666665 0.021875 0.06666666666666667
0 0.528125 0.47708333333333336 0.034375 0.025
2 0.478125 0.46875 0.01875 0.03958333333333333
2 0.76875 0.48333333333333334 0.01875 0.04479166666666667
2 0.81171875 0.47604166666666664 0.0203125 0.06041666666666667
2 0.8296875 0.475 0.021875 0.0625
2 0.875 0.4739583333333333 0.021875 0.071875
2 0.89765625 0.4739583333333333 0.0234375 0.071875