0 0.81015625 0.4510416666666667 0.0984375 0.058333333333333334
0 0.89453125 0.5541666666666667 0.2109375 0.16979166666666667
0 0.77265625 0.5114583333333333 0.1203125 0.125
0 0.71796875 0.4875 0.0796875 0.0875
0 0.6765625 0.475 0.05625 0.06666666666666667
0 0.64765625 0.46041666666666664 0.0546875 0.053125
0 0.625 0.44583333333333336 0.05 0.058333333333333334
0 0.3234375 0.5239583333333333 0.071875 0.12708333333333333
0 0.175 0.5697916666666667 0.309375 0.275
2 0.0703125 0.47604166666666664 0.04375 0.084375
0 0.44296875 0.4395833333333333 0.0296875 0.03125
0 0.38046875 0.4322916666666667 0.0203125 0.040625
0 0.59609375 0.43854166666666666 0.0265625 0.040625
0 0.56875 0.4239583333333333 0.03125 0.035416666666666666
0 0.57578125 0.4395833333333333 0.0234375 0.022916666666666665
2 0.53359375 0.42916666666666664 0.0140625 0.040625
2 0.1140625 0.4510416666666667 0.01875 0.035416666666666666