2 0.7421875 0.5354166666666667 0.071875 0.22291666666666668
2 0.8171875 0.5583333333333333 0.0875 0.25
0 0.91796875 0.5833333333333334 0.1578125 0.196875
0 0.21875 0.534375 0.209375 0.146875
0 0.3390625 0.5020833333333333 0.1125 0.12916666666666668
0 0.41796875 0.490625 0.0671875 0.06666666666666667
0 0.45234375 0.471875 0.0453125 0.05625
0 0.68515625 0.5 0.0578125 0.06666666666666667
0 0.65234375 0.4864583333333333 0.0359375 0.042708333333333334
0 0.6375 0.48020833333333335 0.021875 0.035416666666666666
0 0.6109375 0.46979166666666666 0.021875 0.025
0 0.490625 0.47291666666666665 0.01875 0.035416666666666666
0 0.521875 0.46770833333333334 0.025 0.029166666666666667