2 0.775 0.4822916666666667 0.05625 0.13645833333333332
2 0.884375 0.4864583333333333 0.03125 0.14479166666666668
2 0.93359375 0.471875 0.0328125 0.115625
2 0.9671875 0.471875 0.05 0.12708333333333333
2 0.01171875 0.44583333333333336 0.0234375 0.146875
2 0.26640625 0.4510416666666667 0.0203125 0.058333333333333334
0 0.34296875 0.46458333333333335 0.0421875 0.07083333333333333
0 0.6890625 0.4625 0.109375 0.10208333333333333
0 0.62421875 0.46875 0.0359375 0.06666666666666667
0 0.36953125 0.45729166666666665 0.0328125 0.0625
0 0.48828125 0.459375 0.0421875 0.051041666666666666
0 0.29375 0.46875 0.0375 0.07083333333333333
0 0.56484375 0.45625 0.0609375 0.06875
0 0.5953125 0.465625 0.046875 0.06041666666666667