2 0.6015625 0.5166666666666667 0.05625 0.16979166666666667
2 0.57109375 0.5020833333333333 0.0328125 0.10520833333333333
2 0.39453125 0.490625 0.0234375 0.08229166666666667
2 0.3734375 0.4875 0.028125 0.07604166666666666
0 0.6578125 0.5208333333333334 0.071875 0.10729166666666666
0 0.715625 0.5447916666666667 0.11875 0.14479166666666668
0 0.81640625 0.59375 0.2703125 0.23020833333333332
0 0.51640625 0.47708333333333336 0.0453125 0.03125
0 0.27578125 0.5114583333333333 0.0734375 0.09791666666666667
0 0.1875 0.5166666666666667 0.125 0.13854166666666667
0 0.32734375 0.503125 0.0578125 0.071875
0 0.08515625 0.5583333333333333 0.1671875 0.17916666666666667
0 0.54296875 0.47708333333333336 0.0203125 0.022916666666666665
0 0.41875 0.46875 0.040625 0.03958333333333333