0 0.07890625 0.5708333333333333 0.1546875 0.26145833333333335
0 0.1875 0.5385416666666667 0.240625 0.18125
0 0.3015625 0.5135416666666667 0.1125 0.12916666666666668
0 0.36640625 0.49270833333333336 0.1078125 0.11145833333333334
0 0.4125 0.48541666666666666 0.05625 0.084375
0 0.44375 0.4822916666666667 0.046875 0.058333333333333334
0 0.46796875 0.4739583333333333 0.0421875 0.05625
0 0.48984375 0.4708333333333333 0.0359375 0.05416666666666667
0 0.96640625 0.51875 0.0671875 0.134375
0 0.9 0.5041666666666667 0.121875 0.12083333333333333
0 0.82265625 0.49895833333333334 0.0671875 0.0875
0 0.7609375 0.4822916666666667 0.075 0.07395833333333333
0 0.715625 0.4822916666666667 0.040625 0.051041666666666666
0 0.64296875 0.46875 0.0296875 0.027083333333333334
0 0.5203125 0.4625 0.028125 0.027083333333333334
0 0.2265625 0.4395833333333333 0.0875 0.019791666666666666
0 0.5375 0.4666666666666667 0.025 0.027083333333333334
0 0.553125 0.46041666666666664 0.009375 0.015625
0 0.5609375 0.4625 0.009375 0.015625
2 0.61171875 0.45416666666666666 0.0140625 0.025