0 0.0921875 0.48541666666666666 0.065625 0.09583333333333334
0 0.16953125 0.48854166666666665 0.0453125 0.08541666666666667
0 0.19140625 0.45729166666666665 0.0859375 0.08229166666666667
0 0.3 0.459375 0.06875 0.06666666666666667
0 0.53359375 0.46041666666666664 0.0734375 0.058333333333333334
0 0.46640625 0.45416666666666666 0.0296875 0.040625
0 0.4875 0.45729166666666665 0.028125 0.046875
2 0.41953125 0.471875 0.0265625 0.11875
2 0.4046875 0.49166666666666664 0.034375 0.109375
2 0.34140625 0.5052083333333334 0.0515625 0.15
0 0.728125 0.45625 0.025 0.071875
0 0.79765625 0.45 0.1046875 0.1
0 0.92734375 0.4239583333333333 0.1328125 0.06666666666666667