0 0.0359375 0.5625 0.071875 0.16458333333333333
0 0.2125 0.5145833333333333 0.15 0.10729166666666666
0 0.3359375 0.48333333333333334 0.128125 0.09166666666666666
0 0.6078125 0.49166666666666664 0.075 0.071875
0 0.653125 0.521875 0.096875 0.10208333333333333
0 0.746875 0.5635416666666667 0.178125 0.18958333333333333
2 0.48984375 0.475 0.0171875 0.035416666666666666
2 0.47578125 0.4739583333333333 0.0140625 0.040625
0 0.46640625 0.4625 0.0234375 0.03125
0 0.69140625 0.46041666666666664 0.0484375 0.040625
0 0.8234375 0.4895833333333333 0.08125 0.06458333333333334
0 0.88125 0.49166666666666664 0.08125 0.0625
2 0.56875 0.47291666666666665 0.01875 0.03958333333333333