2 0.7609375 0.5083333333333333 0.034375 0.09166666666666666
2 0.7078125 0.49166666666666664 0.0375 0.15625
2 0.67265625 0.5 0.0484375 0.15208333333333332
2 0.59765625 0.484375 0.0421875 0.13333333333333333
2 0.4796875 0.490625 0.04375 0.07395833333333333
2 0.41875 0.4895833333333333 0.040625 0.0875
2 0.38828125 0.48125 0.0296875 0.07604166666666666
2 0.353125 0.48541666666666666 0.04375 0.0875
2 0.3015625 0.47708333333333336 0.04375 0.13333333333333333
2 0.26015625 0.4791666666666667 0.0546875 0.15833333333333333
2 0.22578125 0.46041666666666664 0.0234375 0.06458333333333334
2 0.09140625 0.47291666666666665 0.0296875 0.08541666666666667