2 0.359375 0.5135416666666667 0.090625 0.22291666666666668
2 0.28671875 0.503125 0.0859375 0.259375
2 0.47890625 0.465625 0.0359375 0.12291666666666666
0 0.13203125 0.503125 0.2609375 0.24375
0 0.06484375 0.5552083333333333 0.1265625 0.23229166666666667
0 0.81015625 0.42916666666666664 0.0859375 0.06875
0 0.9109375 0.47291666666666665 0.171875 0.23854166666666668
0 0.96015625 0.5 0.0796875 0.25833333333333336
0 0.6859375 0.5541666666666667 0.3125 0.30104166666666665
2 0.390625 0.434375 0.034375 0.05625
2 0.421875 0.44166666666666665 0.03125 0.07395833333333333
2 0.4421875 0.46979166666666666 0.034375 0.12708333333333333
2 0.47109375 0.47604166666666664 0.0265625 0.11875
2 0.49921875 0.44375 0.0234375 0.07083333333333333
2 0.5375 0.44583333333333336 0.03125 0.07604166666666666