2 0.1765625 0.6364583333333333 0.09375 0.33541666666666664
2 0.803125 0.621875 0.10625 0.259375
0 0.06484375 0.7510416666666667 0.1234375 0.271875
0 0.090625 0.5833333333333334 0.175 0.209375
0 0.2359375 0.5802083333333333 0.059375 0.17604166666666668
0 0.3125 0.50625 0.11875 0.10520833333333333
0 0.66953125 0.5072916666666667 0.0984375 0.0875
0 0.9171875 0.59375 0.1625 0.18333333333333332
0 0.75859375 0.534375 0.0828125 0.11145833333333334
0 0.59296875 0.475 0.0578125 0.06666666666666667
0 0.51171875 0.459375 0.0515625 0.042708333333333334
2 0.4546875 0.45416666666666666 0.0125 0.040625
0 0.0921875 0.45416666666666666 0.06875 0.0375
0 0.6265625 0.49166666666666664 0.040625 0.06875
0 0.56796875 0.46979166666666666 0.0328125 0.053125
0 0.55078125 0.46041666666666664 0.0203125 0.042708333333333334
0 0.54609375 0.46041666666666664 0.0296875 0.053125
0 0.47578125 0.4395833333333333 0.0203125 0.027083333333333334
0 0.40703125 0.4510416666666667 0.0296875 0.027083333333333334
0 0.36875 0.48541666666666666 0.034375 0.05625
0 0.38359375 0.478125 0.0296875 0.042708333333333334