2 0.9328125 0.51875 0.034375 0.15416666666666667
2 0.9046875 0.5135416666666667 0.028125 0.13333333333333333
2 0.8734375 0.521875 0.03125 0.13645833333333332
2 0.8296875 0.5083333333333333 0.021875 0.09375
2 0.8046875 0.515625 0.025 0.08958333333333333
2 0.775 0.5208333333333334 0.021875 0.09583333333333334
2 0.75234375 0.5104166666666666 0.0203125 0.09166666666666666
2 0.73359375 0.5145833333333333 0.0171875 0.084375
2 0.71171875 0.5104166666666666 0.0171875 0.0875
2 0.6765625 0.49583333333333335 0.015625 0.06666666666666667
2 0.615625 0.4864583333333333 0.0125 0.05416666666666667
2 0.5953125 0.48125 0.0125 0.04895833333333333
2 0.64921875 0.4822916666666667 0.0140625 0.05416666666666667
2 0.56796875 0.459375 0.0109375 0.03958333333333333
0 0.40625 0.4552083333333333 0.01875 0.027083333333333334
0 0.453125 0.471875 0.06875 0.0375
2 0.3625 0.49166666666666664 0.0125 0.058333333333333334
2 0.96796875 0.5197916666666667 0.0390625 0.15208333333333332
0 0.40703125 0.54375 0.0796875 0.11145833333333334
0 0.33046875 0.4864583333333333 0.0171875 0.042708333333333334
0 0.30546875 0.49375 0.0484375 0.05416666666666667
0 0.4984375 0.5520833333333334 0.159375 0.1625
2 0.225 0.48854166666666665 0.0125 0.058333333333333334
2 0.2 0.49375 0.01875 0.0625
2 0.184375 0.4947916666666667 0.01875 0.06041666666666667
2 0.12265625 0.4864583333333333 0.0171875 0.042708333333333334
2 0.109375 0.48541666666666666 0.015625 0.040625
2 0.06484375 0.53125 0.0265625 0.08229166666666667
0 0.0609375 0.5208333333333334 0.11875 0.08020833333333334
2 0.53671875 0.459375 0.0140625 0.03958333333333333
2 0.7359375 0.4583333333333333 0.01875 0.029166666666666667
0 0.384375 0.46875 0.040625 0.035416666666666666
0 0.3640625 0.48541666666666666 0.04375 0.04895833333333333
0 0.4390625 0.43645833333333334 0.015625 0.017708333333333333
0 0.4125 0.43854166666666666 0.01875 0.017708333333333333
2 0.71953125 0.459375 0.0140625 0.027083333333333334
2 0.703125 0.46458333333333335 0.015625 0.035416666666666666
2 0.8140625 0.4510416666666667 0.0125 0.03958333333333333
2 0.8 0.45208333333333334 0.0125 0.0375