0 0.809375 0.4666666666666667 0.053125 0.078125
0 0.9234375 0.4270833333333333 0.146875 0.103125
0 0.88828125 0.5020833333333333 0.2203125 0.19895833333333332
2 0.6671875 0.4739583333333333 0.034375 0.13854166666666667
2 0.7421875 0.475 0.040625 0.14791666666666667
2 0.3625 0.47604166666666664 0.01875 0.05625
2 0.3765625 0.4708333333333333 0.01875 0.05416666666666667
2 0.12734375 0.4895833333333333 0.0203125 0.03333333333333333
2 0.5921875 0.4635416666666667 0.01875 0.05625
2 0.578125 0.459375 0.021875 0.051041666666666666
2 0.61171875 0.46041666666666664 0.0234375 0.06666666666666667
2 0.6265625 0.45208333333333334 0.021875 0.07604166666666666
0 0.459375 0.4625 0.0375 0.035416666666666666
2 0.70234375 0.47708333333333336 0.0359375 0.13645833333333332