0 0.6296875 0.484375 0.125 0.16041666666666668
0 0.53515625 0.4635416666666667 0.0515625 0.053125
2 0.421875 0.44166666666666665 0.05 0.12916666666666668
2 0.378125 0.49166666666666664 0.053125 0.16979166666666667
2 0.0796875 0.46979166666666666 0.0625 0.13125
2 0.18828125 0.51875 0.1421875 0.4666666666666667
0 0.6984375 0.46458333333333335 0.04375 0.09791666666666667
2 0.3328125 0.48333333333333334 0.0375 0.0875
2 0.2953125 0.453125 0.025 0.03958333333333333
2 0.2796875 0.46041666666666664 0.046875 0.06041666666666667
2 0.121875 0.5177083333333333 0.0875 0.18333333333333332