0 0.73203125 0.46145833333333336 0.0328125 0.0375
0 0.684375 0.4625 0.065625 0.051041666666666666
2 0.5703125 0.48854166666666665 0.0375 0.12083333333333333
0 0.509375 0.45416666666666666 0.028125 0.025
0 0.47421875 0.45625 0.0359375 0.025
0 0.44375 0.45729166666666665 0.028125 0.022916666666666665
0 0.3453125 0.46041666666666664 0.05625 0.035416666666666666
0 0.31484375 0.46770833333333334 0.0765625 0.029166666666666667
0 0.22109375 0.46458333333333335 0.1328125 0.0625
0 0.16796875 0.46979166666666666 0.0859375 0.040625
0 0.03046875 0.4635416666666667 0.0609375 0.06458333333333334