0 0.0640625 0.453125 0.05 0.046875
0 0.1171875 0.446875 0.05 0.046875
0 0.2 0.44583333333333336 0.04375 0.040625
0 0.27265625 0.45729166666666665 0.0609375 0.058333333333333334
2 0.33515625 0.446875 0.0203125 0.051041666666666666
2 0.49453125 0.47604166666666664 0.0609375 0.24375
2 0.54140625 0.39479166666666665 0.0265625 0.03958333333333333
2 0.56015625 0.4791666666666667 0.0546875 0.22083333333333333
2 0.67109375 0.47291666666666665 0.0578125 0.15625
2 0.9640625 0.4822916666666667 0.06875 0.34375
2 0.9 0.4895833333333333 0.08125 0.3375
2 0.83203125 0.49895833333333334 0.0953125 0.35