2 0.42109375 0.45729166666666665 0.0328125 0.11666666666666667
0 0.96484375 0.41458333333333336 0.0453125 0.04479166666666667
0 0.91640625 0.41041666666666665 0.0421875 0.03958333333333333
0 0.803125 0.47708333333333336 0.109375 0.10208333333333333
0 0.52265625 0.4270833333333333 0.1109375 0.06041666666666667
0 0.4765625 0.434375 0.10625 0.06041666666666667
0 0.34296875 0.4354166666666667 0.0828125 0.046875
0 0.284375 0.43645833333333334 0.028125 0.04479166666666667
0 0.2609375 0.44895833333333335 0.034375 0.042708333333333334
0 0.18125 0.44166666666666665 0.078125 0.0625
0 0.75234375 0.4 0.0328125 0.03125
0 0.828125 0.3875 0.078125 0.040625
2 0.73203125 0.41458333333333336 0.0171875 0.0625