0 0.075 0.521875 0.146875 0.109375
0 0.175 0.47708333333333336 0.153125 0.07395833333333333
0 0.4390625 0.45729166666666665 0.0375 0.035416666666666666
0 0.50390625 0.44166666666666665 0.0265625 0.03125
0 0.6265625 0.48541666666666666 0.06875 0.084375
0 0.7046875 0.528125 0.1125 0.146875
0 0.7296875 0.5645833333333333 0.109375 0.140625
0 0.85625 0.64375 0.275 0.30625
2 0.4140625 0.46875 0.01875 0.058333333333333334
0 0.26875 0.4708333333333333 0.03125 0.06666666666666667
0 0.3484375 0.46041666666666664 0.046875 0.040625
0 0.5921875 0.475 0.0375 0.0625