0 0.859375 0.5604166666666667 0.2375 0.16458333333333333
2 0.8171875 0.46041666666666664 0.03125 0.03958333333333333
2 0.78671875 0.46458333333333335 0.0421875 0.03958333333333333
0 0.1015625 0.5395833333333333 0.16875 0.05625
0 0.47734375 0.5427083333333333 0.0859375 0.08958333333333333
0 0.6921875 0.5 0.05 0.042708333333333334
0 0.51640625 0.51875 0.0578125 0.053125
0 0.12109375 0.509375 0.1296875 0.058333333333333334
0 0.74921875 0.5010416666666667 0.0546875 0.05625
0 0.71953125 0.5 0.0265625 0.051041666666666666
0 0.659375 0.49583333333333335 0.028125 0.035416666666666666
0 0.5921875 0.5052083333333334 0.028125 0.029166666666666667
2 0.565625 0.5041666666666667 0.0125 0.035416666666666666
2 0.61796875 0.4947916666666667 0.0140625 0.0375
2 0.625 0.49375 0.01875 0.03958333333333333
0 0.246875 0.5666666666666667 0.128125 0.11666666666666667