0 0.89453125 0.48125 0.0953125 0.084375
0 0.9765625 0.471875 0.04375 0.09166666666666666
0 0.89453125 0.45 0.0859375 0.05625
2 0.83828125 0.47708333333333336 0.0109375 0.084375
2 0.8234375 0.4822916666666667 0.021875 0.08958333333333333
0 0.79296875 0.4875 0.0359375 0.05625
2 0.7515625 0.48020833333333335 0.021875 0.06666666666666667
2 0.7296875 0.47708333333333336 0.021875 0.07395833333333333
2 0.7078125 0.47604166666666664 0.021875 0.07604166666666666
0 0.6171875 0.48541666666666666 0.065625 0.06041666666666667
0 0.5625 0.475 0.034375 0.03958333333333333
2 0.53125 0.46979166666666666 0.009375 0.029166666666666667
0 0.459375 0.46770833333333334 0.03125 0.0375
0 0.43125 0.46458333333333335 0.028125 0.03125
0 0.3890625 0.46875 0.046875 0.05416666666666667
0 0.234375 0.47604166666666664 0.1 0.1
2 0.159375 0.4708333333333333 0.01875 0.046875
2 0.1421875 0.46979166666666666 0.01875 0.04479166666666667
2 0.0921875 0.4822916666666667 0.015625 0.051041666666666666
0 0.10859375 0.4708333333333333 0.0203125 0.051041666666666666
0 0.034375 0.4895833333333333 0.06875 0.09583333333333334