0 0.45625 0.5677083333333334 0.28125 0.228125
2 0.01796875 0.50625 0.0328125 0.16458333333333333
2 0.05625 0.4822916666666667 0.03125 0.10520833333333333
2 0.0828125 0.4791666666666667 0.025 0.11145833333333334
1 0.1046875 0.515625 0.021875 0.027083333333333334
2 0.85234375 0.47708333333333336 0.0234375 0.0625
2 0.89765625 0.47708333333333336 0.0234375 0.07395833333333333
2 0.86796875 0.47604166666666664 0.0203125 0.06041666666666667
0 0.5859375 0.46770833333333334 0.01875 0.025
0 0.596875 0.4708333333333333 0.01875 0.027083333333333334
0 0.61328125 0.4739583333333333 0.0203125 0.029166666666666667
2 0.7359375 0.496875 0.021875 0.040625
2 0.803125 0.47708333333333336 0.03125 0.06666666666666667
2 0.91875 0.48020833333333335 0.025 0.08541666666666667
2 0.9375 0.47708333333333336 0.01875 0.084375
2 0.9625 0.48125 0.025 0.07604166666666666
2 0.7828125 0.4708333333333333 0.015625 0.051041666666666666
2 0.990625 0.4552083333333333 0.01875 0.035416666666666666