2 0.57265625 0.440625 0.0296875 0.05625
2 0.60390625 0.4635416666666667 0.0421875 0.09166666666666666
1 0.62109375 0.5572916666666666 0.0671875 0.10729166666666666
2 0.51484375 0.46458333333333335 0.0421875 0.17604166666666668
2 0.4703125 0.46458333333333335 0.046875 0.08229166666666667
2 0.3640625 0.45208333333333334 0.04375 0.13125
2 0.6921875 0.521875 0.128125 0.5197916666666667
2 0.80859375 0.6020833333333333 0.2578125 0.6604166666666667
2 0.88828125 0.421875 0.0609375 0.1875
0 0.2296875 0.46145833333333336 0.1625 0.19375
2 0.946875 0.6104166666666667 0.1 0.384375
2 0.3265625 0.43854166666666666 0.021875 0.06458333333333334
2 0.390625 0.4552083333333333 0.028125 0.109375
2 0.41640625 0.4583333333333333 0.0328125 0.05625