2 0.83046875 0.5114583333333333 0.0671875 0.265625
0 0.71953125 0.45729166666666665 0.0234375 0.027083333333333334
0 0.65703125 0.4583333333333333 0.0359375 0.0375
0 0.5921875 0.46145833333333336 0.03125 0.04479166666666667
0 0.5421875 0.45729166666666665 0.065625 0.05416666666666667
0 0.4890625 0.4635416666666667 0.04375 0.06041666666666667
0 0.453125 0.471875 0.04375 0.06041666666666667
0 0.3625 0.4666666666666667 0.13125 0.08958333333333333
0 0.121875 0.45 0.08125 0.04479166666666667
0 0.021875 0.44583333333333336 0.040625 0.042708333333333334
0 0.77890625 0.45 0.0265625 0.040625