0 0.63515625 0.6260416666666667 0.4890625 0.4197916666666667
2 0.9125 0.4739583333333333 0.03125 0.09166666666666666
1 0.878125 0.5052083333333334 0.03125 0.029166666666666667
2 0.79921875 0.48125 0.0328125 0.084375
2 0.22421875 0.46979166666666666 0.0171875 0.05625
2 0.20078125 0.47291666666666665 0.0203125 0.0625
0 0.421875 0.46770833333333334 0.01875 0.025
0 0.4078125 0.46875 0.0125 0.022916666666666665
0 0.39296875 0.46979166666666666 0.0203125 0.025
2 0.3375 0.47291666666666665 0.01875 0.046875
2 0.2828125 0.46458333333333335 0.025 0.051041666666666666
2 0.1671875 0.47291666666666665 0.025 0.0625
2 0.1515625 0.475 0.021875 0.0625
2 0.09609375 0.453125 0.0140625 0.035416666666666666
2 0.07578125 0.45625 0.0171875 0.0375