0 0.634375 0.540625 0.18125 0.14791666666666667
0 0.553125 0.521875 0.05625 0.09791666666666667
0 0.5328125 0.5177083333333333 0.040625 0.078125
0 0.509375 0.5135416666666667 0.025 0.07083333333333333
0 0.4890625 0.5114583333333333 0.025 0.051041666666666666
0 0.41171875 0.49895833333333334 0.0484375 0.04895833333333333
0 0.47265625 0.503125 0.0203125 0.04479166666666667
0 0.35859375 0.4979166666666667 0.0421875 0.051041666666666666
0 0.29765625 0.515625 0.0453125 0.046875
0 0.24765625 0.5197916666666667 0.0578125 0.058333333333333334
0 0.1984375 0.5270833333333333 0.034375 0.06666666666666667
0 0.1671875 0.5197916666666667 0.034375 0.10520833333333333
2 0.13984375 0.5229166666666667 0.0296875 0.12916666666666668
0 0.10625 0.48854166666666665 0.046875 0.03125
0 0.05859375 0.5364583333333334 0.1171875 0.1625