0 0.51875 0.521875 0.14375 0.17604166666666668
0 0.228125 0.5208333333333334 0.15625 0.08020833333333334
0 0.9640625 0.5 0.071875 0.12083333333333333
0 0.5890625 0.5072916666666667 0.028125 0.05625
0 0.696875 0.49270833333333336 0.028125 0.029166666666666667
2 0.1453125 0.5208333333333334 0.028125 0.11145833333333334
0 0.7359375 0.475 0.015625 0.015625
0 0.75546875 0.478125 0.0109375 0.019791666666666666
0 0.765625 0.4708333333333333 0.0125 0.019791666666666666
0 0.765625 0.4822916666666667 0.0125 0.019791666666666666
0 0.784375 0.490625 0.021875 0.027083333333333334
0 0.6140625 0.4864583333333333 0.015625 0.019791666666666666
0 0.6359375 0.48020833333333335 0.015625 0.019791666666666666