0 0.75859375 0.5385416666666667 0.1546875 0.12708333333333333
2 0.76875 0.4625 0.03125 0.042708333333333334
2 0.640625 0.47708333333333336 0.075 0.07604166666666666
0 0.5875 0.4427083333333333 0.025 0.029166666666666667
0 0.54296875 0.440625 0.0234375 0.025
0 0.42734375 0.46875 0.0328125 0.03958333333333333
0 0.44296875 0.459375 0.0296875 0.027083333333333334
0 0.45703125 0.4552083333333333 0.0234375 0.022916666666666665
0 0.0984375 0.7104166666666667 0.19375 0.296875
0 0.1921875 0.5958333333333333 0.209375 0.19895833333333332
0 0.25234375 0.521875 0.1765625 0.15208333333333332
0 0.33203125 0.509375 0.0796875 0.109375
0 0.3640625 0.5010416666666667 0.04375 0.0875
0 0.38671875 0.49166666666666664 0.0359375 0.07083333333333333
0 0.4046875 0.48333333333333334 0.034375 0.04479166666666667
0 0.88125 0.49375 0.146875 0.10520833333333333
0 0.71328125 0.465625 0.0359375 0.05625