0 0.81015625 0.484375 0.0953125 0.07395833333333333
0 0.72578125 0.4739583333333333 0.0578125 0.04895833333333333
0 0.65859375 0.46770833333333334 0.0296875 0.029166666666666667
0 0.6421875 0.4625 0.025 0.03125
2 0.50859375 0.4625 0.0109375 0.042708333333333334
2 0.5296875 0.46041666666666664 0.0125 0.03958333333333333
2 0.61953125 0.46770833333333334 0.0140625 0.04895833333333333
2 0.884375 0.48125 0.01875 0.07604166666666666
0 0.67265625 0.475 0.0234375 0.035416666666666666
0 0.6875 0.47604166666666664 0.021875 0.04479166666666667
2 0.98203125 0.47708333333333336 0.0359375 0.12916666666666668