0 0.0609375 0.64375 0.115625 0.225
0 0.14296875 0.5583333333333333 0.1796875 0.18333333333333332
0 0.2484375 0.5333333333333333 0.0875 0.11354166666666667
0 0.30546875 0.515625 0.0578125 0.078125
0 0.34921875 0.48333333333333334 0.0609375 0.071875
0 0.6296875 0.49583333333333335 0.078125 0.09791666666666667
0 0.65078125 0.534375 0.0578125 0.1
0 0.7359375 0.5625 0.18125 0.17916666666666667
0 0.85625 0.6760416666666667 0.275 0.24583333333333332
0 0.95859375 0.84375 0.0734375 0.25416666666666665
2 0.5296875 0.453125 0.01875 0.046875
2 0.5140625 0.44895833333333335 0.01875 0.042708333333333334
0 0.5546875 0.45729166666666665 0.034375 0.046875
0 0.57734375 0.4739583333333333 0.0421875 0.06041666666666667
0 0.4 0.46875 0.021875 0.046875
0 0.41796875 0.45416666666666666 0.0296875 0.04479166666666667
0 0.38125 0.48125 0.025 0.05625