0 0.94921875 0.4875 0.0984375 0.12708333333333333
0 0.925 0.44895833333333335 0.140625 0.13645833333333332
0 0.83203125 0.4708333333333333 0.0328125 0.0625
0 0.80703125 0.4625 0.0578125 0.07395833333333333
2 0.48671875 0.48020833333333335 0.0296875 0.078125
2 0.509375 0.471875 0.025 0.09166666666666666
0 0.72734375 0.46041666666666664 0.0359375 0.053125
2 0.6765625 0.42916666666666664 0.021875 0.025
2 0.16875 0.4864583333333333 0.01875 0.042708333333333334
2 0.12734375 0.48854166666666665 0.0203125 0.035416666666666666
2 0.56875 0.46770833333333334 0.021875 0.06458333333333334
2 0.59453125 0.4625 0.0234375 0.06666666666666667
2 0.61796875 0.4625 0.0203125 0.078125
0 0.64453125 0.4479166666666667 0.0203125 0.029166666666666667