2 0.51875 0.45416666666666666 0.0375 0.071875
2 0.6046875 0.4395833333333333 0.034375 0.042708333333333334
0 0.959375 0.5489583333333333 0.078125 0.19895833333333332
0 0.89453125 0.4947916666666667 0.2078125 0.228125
0 0.7578125 0.5052083333333334 0.109375 0.13854166666666667
0 0.7125 0.49895833333333334 0.115625 0.12291666666666666
0 0.4671875 0.44583333333333336 0.090625 0.11875
0 0.35390625 0.46041666666666664 0.0671875 0.058333333333333334
0 0.10078125 0.41875 0.1171875 0.09166666666666666
0 0.1234375 0.47604166666666664 0.084375 0.071875
0 0.1015625 0.4895833333333333 0.109375 0.09583333333333334
0 0.059375 0.49375 0.11875 0.16041666666666668
0 0.41171875 0.46979166666666666 0.0546875 0.05625
0 0.3046875 0.465625 0.040625 0.0375
0 0.36796875 0.46979166666666666 0.0421875 0.040625