0 0.9421875 0.509375 0.1125 0.13333333333333333
0 0.8625 0.5010416666666667 0.1 0.0875
2 0.36015625 0.4979166666666667 0.0453125 0.109375
2 0.50625 0.46041666666666664 0.025 0.053125
2 0.46953125 0.4552083333333333 0.0109375 0.042708333333333334
2 0.44765625 0.4583333333333333 0.0140625 0.0375
0 0.6140625 0.459375 0.034375 0.03125
0 0.59765625 0.45625 0.0296875 0.0375
0 0.53828125 0.4583333333333333 0.0234375 0.021875
0 0.575 0.4583333333333333 0.021875 0.03333333333333333
0 0.5625 0.45729166666666665 0.01875 0.027083333333333334