0 0.70546875 0.5291666666666667 0.1359375 0.140625
0 0.640625 0.5177083333333333 0.053125 0.10208333333333333
0 0.928125 0.728125 0.140625 0.35208333333333336
0 0.60078125 0.478125 0.0421875 0.058333333333333334
0 0.49609375 0.44166666666666665 0.0296875 0.03125
0 0.4296875 0.45208333333333334 0.034375 0.03333333333333333
0 0.3859375 0.46770833333333334 0.046875 0.04479166666666667
0 0.04765625 0.5135416666666667 0.0953125 0.12083333333333333
2 0.321875 0.50625 0.03125 0.09791666666666667
0 0.1484375 0.4864583333333333 0.0375 0.078125
0 0.25390625 0.459375 0.0453125 0.05416666666666667
0 0.29296875 0.47291666666666665 0.0515625 0.05416666666666667
0 0.57109375 0.4635416666666667 0.0328125 0.040625
0 0.559375 0.4510416666666667 0.034375 0.042708333333333334