0 0.86796875 0.7197916666666667 0.2609375 0.3458333333333333
0 0.61953125 0.465625 0.0734375 0.06458333333333334
0 0.5796875 0.45729166666666665 0.03125 0.058333333333333334
2 0.28359375 0.5 0.0296875 0.08541666666666667
0 0.39765625 0.43125 0.0296875 0.035416666666666666
2 0.69375 0.43645833333333334 0.01875 0.040625
2 0.72421875 0.440625 0.0203125 0.0375
2 0.74140625 0.44583333333333336 0.0203125 0.040625
2 0.16640625 0.459375 0.0203125 0.051041666666666666
2 0.190625 0.45416666666666666 0.01875 0.0375
2 0.1453125 0.4583333333333333 0.021875 0.05625