0 0.52890625 0.46770833333333334 0.1359375 0.1625
0 0.0234375 0.490625 0.04375 0.0625
0 0.34296875 0.4864583333333333 0.0734375 0.051041666666666666
0 0.8546875 0.4791666666666667 0.075 0.08020833333333334
0 0.44921875 0.484375 0.0234375 0.051041666666666666
0 0.66796875 0.471875 0.0203125 0.021875
2 0.80546875 0.48125 0.0203125 0.06875
0 0.90546875 0.4895833333333333 0.0296875 0.040625
0 0.7328125 0.4708333333333333 0.015625 0.019791666666666666
0 0.7609375 0.47708333333333336 0.015625 0.017708333333333333
2 0.30390625 0.478125 0.0140625 0.058333333333333334
0 0.97890625 0.49166666666666664 0.0421875 0.04479166666666667