2 0.16875 0.4395833333333333 0.028125 0.046875
0 0.12265625 0.5791666666666667 0.2421875 0.30625
2 0.353125 0.4739583333333333 0.015625 0.040625
2 0.3671875 0.49166666666666664 0.01875 0.06041666666666667
0 0.27578125 0.521875 0.1734375 0.15625
0 0.375 0.49583333333333335 0.096875 0.10520833333333333
0 0.40703125 0.47708333333333336 0.0796875 0.08229166666666667
0 0.44375 0.4791666666666667 0.025 0.06458333333333334
0 0.509375 0.4666666666666667 0.040625 0.046875
0 0.575 0.471875 0.046875 0.05625
0 0.61015625 0.47604166666666664 0.0234375 0.0375
0 0.63671875 0.47708333333333336 0.0234375 0.03125
0 0.6671875 0.46979166666666666 0.034375 0.06458333333333334
0 0.7140625 0.484375 0.0875 0.08958333333333333
0 0.88828125 0.5229166666666667 0.1390625 0.12916666666666668
0 0.95859375 0.540625 0.0828125 0.15208333333333332
0 0.48125 0.4635416666666667 0.04375 0.05625