2 0.0234375 0.521875 0.04375 0.14791666666666667
2 0.04453125 0.496875 0.0296875 0.103125
2 0.0765625 0.5135416666666667 0.0375 0.13333333333333333
2 0.3875 0.5447916666666667 0.05 0.203125
2 0.61875 0.5572916666666666 0.075 0.20104166666666667
0 0.31328125 0.4895833333333333 0.0859375 0.084375
0 0.58359375 0.46979166666666666 0.0515625 0.071875
0 0.45234375 0.45 0.0296875 0.03333333333333333
0 0.41484375 0.46041666666666664 0.0234375 0.035416666666666666
0 0.6140625 0.44583333333333336 0.046875 0.05625
0 0.5546875 0.4666666666666667 0.025 0.051041666666666666
0 0.53515625 0.453125 0.0234375 0.027083333333333334