0 0.0875 0.5229166666666667 0.171875 0.21875
0 0.203125 0.5114583333333333 0.115625 0.14479166666666668
0 0.29921875 0.4875 0.0671875 0.0875
0 0.33203125 0.4822916666666667 0.0453125 0.07083333333333333
0 0.45703125 0.47604166666666664 0.0515625 0.05625
2 0.5203125 0.478125 0.025 0.08229166666666667
0 0.5046875 0.47708333333333336 0.03125 0.07083333333333333
0 0.56171875 0.49895833333333334 0.0796875 0.084375
0 0.62578125 0.5020833333333333 0.0546875 0.07083333333333333
0 0.67265625 0.5010416666666667 0.0859375 0.115625
0 0.96875 0.6427083333333333 0.05625 0.25416666666666665