2 0.0609375 0.521875 0.04375 0.11666666666666667
0 0.02578125 0.51875 0.0515625 0.13125
0 0.13671875 0.50625 0.1171875 0.11354166666666667
0 0.48203125 0.5229166666666667 0.0828125 0.08958333333333333
2 0.9796875 0.5229166666666667 0.03125 0.13645833333333332
2 0.70546875 0.584375 0.0546875 0.109375
2 0.20625 0.47708333333333336 0.021875 0.06458333333333334
2 0.29453125 0.4864583333333333 0.0234375 0.051041666666666666
2 0.56640625 0.5020833333333333 0.0234375 0.07083333333333333
2 0.73046875 0.490625 0.0234375 0.06666666666666667
2 0.67890625 0.4947916666666667 0.0203125 0.06041666666666667