0 0.809375 0.4635416666666667 0.05625 0.06458333333333334
0 0.925 0.446875 0.146875 0.13645833333333332
0 0.95234375 0.49166666666666664 0.0921875 0.11875
2 0.70703125 0.478125 0.0328125 0.10520833333333333
2 0.6828125 0.471875 0.028125 0.115625
2 0.65390625 0.46875 0.0234375 0.08541666666666667
2 0.63515625 0.46979166666666666 0.0234375 0.0875
0 0.44765625 0.47291666666666665 0.0359375 0.03958333333333333
2 0.54921875 0.459375 0.0140625 0.046875
2 0.5796875 0.4635416666666667 0.025 0.05625
2 0.6015625 0.4583333333333333 0.025 0.06041666666666667
2 0.16875 0.48020833333333335 0.01875 0.042708333333333334
2 0.1265625 0.48854166666666665 0.01875 0.035416666666666666
2 0.11171875 0.490625 0.0203125 0.046875
2 0.3625 0.4625 0.0125 0.027083333333333334
2 0.3734375 0.46041666666666664 0.009375 0.027083333333333334
2 0.3796875 0.46041666666666664 0.009375 0.025