0 0.1 0.6 0.2 0.19895833333333332
0 0.3171875 0.5 0.090625 0.07083333333333333
0 0.4625 0.45416666666666666 0.034375 0.0375
0 0.37578125 0.47708333333333336 0.0453125 0.04479166666666667
0 0.7859375 0.615625 0.21875 0.21458333333333332
0 0.88515625 0.74375 0.2203125 0.40625
0 0.65625 0.5177083333333333 0.0625 0.10208333333333333
2 0.4015625 0.6125 0.0875 0.2833333333333333
2 0.61875 0.5854166666666667 0.078125 0.265625
0 0.8359375 0.46458333333333335 0.1125 0.078125
0 0.8796875 0.4739583333333333 0.11875 0.06041666666666667
0 0.6953125 0.465625 0.075 0.040625
0 0.26875 0.48854166666666665 0.09375 0.0625
0 0.0625 0.48333333333333334 0.075 0.084375
0 0.59453125 0.490625 0.0609375 0.07395833333333333
0 0.56640625 0.46875 0.0453125 0.05416666666666667
0 0.40859375 0.4666666666666667 0.0296875 0.051041666666666666
0 0.4265625 0.46041666666666664 0.01875 0.040625