2 0.1453125 0.41770833333333335 0.028125 0.051041666666666666
0 0.50859375 0.44479166666666664 0.0171875 0.021875
2 0.5515625 0.4427083333333333 0.0125 0.029166666666666667
2 0.56328125 0.44375 0.0109375 0.03958333333333333
2 0.584375 0.44375 0.0125 0.035416666666666666
2 0.646875 0.44166666666666665 0.0125 0.027083333333333334
2 0.69609375 0.43854166666666666 0.0109375 0.029166666666666667
2 0.7203125 0.4375 0.0125 0.03125
2 0.7296875 0.4322916666666667 0.0125 0.0375
2 0.73984375 0.434375 0.0109375 0.025
2 0.7734375 0.44166666666666665 0.015625 0.051041666666666666
2 0.796875 0.43854166666666666 0.015625 0.053125
2 0.81015625 0.440625 0.0140625 0.04895833333333333
2 0.87109375 0.4270833333333333 0.0140625 0.025
2 0.8953125 0.434375 0.01875 0.04895833333333333
2 0.13515625 0.465625 0.0234375 0.040625