0 0.0375 0.709375 0.071875 0.30833333333333335
0 0.6578125 0.475 0.075 0.07395833333333333
0 0.5625 0.48020833333333335 0.090625 0.07395833333333333
0 0.53984375 0.46770833333333334 0.0640625 0.08020833333333334
0 0.509375 0.45729166666666665 0.0375 0.06666666666666667
2 0.79140625 0.46875 0.0296875 0.07395833333333333
2 0.29765625 0.4625 0.0203125 0.042708333333333334
2 0.284375 0.44583333333333336 0.015625 0.0375
2 0.7046875 0.4625 0.01875 0.046875
2 0.225 0.44479166666666664 0.015625 0.0375
2 0.359375 0.4635416666666667 0.021875 0.06041666666666667
2 0.3828125 0.45625 0.021875 0.05625
2 0.83125 0.4395833333333333 0.01875 0.042708333333333334
0 0.61171875 0.475 0.0203125 0.051041666666666666