0 0.521875 0.521875 0.075 0.07083333333333333
2 0.42265625 0.5177083333333333 0.0265625 0.08229166666666667
2 0.271875 0.5427083333333333 0.046875 0.13333333333333333
2 0.23203125 0.5145833333333333 0.0484375 0.1
2 0.334375 0.48854166666666665 0.01875 0.035416666666666666
2 0.31953125 0.4875 0.0203125 0.0375
2 0.1359375 0.5 0.03125 0.078125
2 0.09921875 0.490625 0.0484375 0.08958333333333333
2 0.05546875 0.5083333333333333 0.0296875 0.08229166666666667
2 0.84375 0.48854166666666665 0.01875 0.058333333333333334
2 0.93828125 0.47604166666666664 0.0203125 0.03333333333333333