0 0.1640625 0.4666666666666667 0.040625 0.046875
0 0.2203125 0.465625 0.05625 0.04895833333333333
2 0.2671875 0.465625 0.01875 0.040625
0 0.3625 0.478125 0.01875 0.022916666666666665
0 0.3859375 0.4739583333333333 0.03125 0.040625
0 0.42578125 0.47708333333333336 0.0515625 0.0625
0 0.54140625 0.4822916666666667 0.0515625 0.051041666666666666
0 0.5765625 0.4875 0.028125 0.03333333333333333
0 0.7171875 0.5083333333333333 0.125 0.09375
0 0.7921875 0.49895833333333334 0.028125 0.053125
0 0.81640625 0.4947916666666667 0.0265625 0.053125
0 0.959375 0.49583333333333335 0.078125 0.03125