0 0.140625 0.5604166666666667 0.2375 0.16458333333333333
2 0.1828125 0.46041666666666664 0.03125 0.03958333333333333
2 0.21328125 0.46458333333333335 0.0421875 0.03958333333333333
0 0.8984375 0.5395833333333333 0.16875 0.05625
0 0.52265625 0.5427083333333333 0.0859375 0.08958333333333333
0 0.3078125 0.5 0.05 0.042708333333333334
0 0.48359375 0.51875 0.0578125 0.053125
0 0.87890625 0.509375 0.1296875 0.058333333333333334
0 0.25078125 0.5010416666666667 0.0546875 0.05625
0 0.28046875 0.5 0.0265625 0.051041666666666666
0 0.340625 0.49583333333333335 0.028125 0.035416666666666666
0 0.4078125 0.5052083333333334 0.028125 0.029166666666666667
2 0.434375 0.5041666666666667 0.0125 0.035416666666666666
2 0.38203125 0.4947916666666667 0.0140625 0.0375
2 0.375 0.49375 0.01875 0.03958333333333333
0 0.753125 0.5666666666666667 0.128125 0.11666666666666667