0 0.86953125 0.48125 0.1046875 0.1
0 0.5234375 0.5114583333333333 0.1375 0.13333333333333333
0 0.446875 0.47708333333333336 0.0625 0.084375
2 0.26484375 0.4583333333333333 0.0453125 0.071875
0 0.30625 0.4791666666666667 0.05625 0.03333333333333333
0 0.384375 0.47604166666666664 0.0375 0.040625
0 0.94296875 0.49166666666666664 0.0453125 0.0625
0 0.796875 0.4791666666666667 0.075 0.084375
2 0.0734375 0.46770833333333334 0.01875 0.04479166666666667
2 0.1234375 0.465625 0.01875 0.04479166666666667
2 0.146875 0.4666666666666667 0.01875 0.03958333333333333
0 0.3421875 0.47708333333333336 0.0375 0.04479166666666667