2 0.24453125 0.5135416666666667 0.1359375 0.30416666666666664
1 0.29765625 0.646875 0.0703125 0.0625
2 0.32578125 0.553125 0.0515625 0.19166666666666668
2 0.3109375 0.39791666666666664 0.071875 0.10729166666666666
0 0.05859375 0.465625 0.1171875 0.225
2 0.15 0.4510416666666667 0.0375 0.109375
2 0.5234375 0.40625 0.05 0.11666666666666667
2 0.4921875 0.4270833333333333 0.05625 0.13125
2 0.4671875 0.38125 0.05 0.09375
2 0.54921875 0.4 0.0328125 0.11666666666666667
2 0.38203125 0.475 0.0578125 0.12916666666666668
2 0.43125 0.446875 0.034375 0.06666666666666667
2 0.4703125 0.546875 0.140625 0.26145833333333335