2 0.44375 0.49270833333333336 0.04375 0.16979166666666667
2 0.3203125 0.47291666666666665 0.025 0.10208333333333333
2 0.13671875 0.4791666666666667 0.0484375 0.1625
0 0.03046875 0.4625 0.0609375 0.16458333333333333
0 0.07890625 0.48125 0.0671875 0.1
0 0.37421875 0.47708333333333336 0.0859375 0.08958333333333333
0 0.49375 0.453125 0.084375 0.03958333333333333
0 0.50078125 0.50625 0.0734375 0.10520833333333333
0 0.56484375 0.4979166666666667 0.1015625 0.14791666666666667
0 0.59375 0.5052083333333334 0.078125 0.15416666666666667
0 0.64140625 0.49895833333333334 0.0671875 0.165625
0 0.82265625 0.4791666666666667 0.3484375 0.3572916666666667
0 0.29375 0.47604166666666664 0.040625 0.06041666666666667
0 0.2640625 0.46875 0.046875 0.046875
0 0.225 0.46770833333333334 0.03125 0.04479166666666667
2 0.17265625 0.4635416666666667 0.0203125 0.06041666666666667