0 0.9765625 0.6354166666666666 0.046875 0.15
0 0.8921875 0.578125 0.178125 0.16770833333333332
0 0.76953125 0.5239583333333333 0.1078125 0.13125
0 0.6734375 0.4875 0.05 0.05625
0 0.6515625 0.4708333333333333 0.04375 0.058333333333333334
0 0.62265625 0.4666666666666667 0.0265625 0.042708333333333334
0 0.24375 0.6052083333333333 0.259375 0.19895833333333332
0 0.3328125 0.5364583333333334 0.15 0.15416666666666667
0 0.41171875 0.5010416666666667 0.0859375 0.0875
0 0.58828125 0.453125 0.0265625 0.022916666666666665
2 0.559375 0.4510416666666667 0.015625 0.035416666666666666
0 0.53515625 0.4427083333333333 0.0234375 0.025
2 0.51796875 0.4427083333333333 0.0140625 0.029166666666666667
0 0.12578125 0.45729166666666665 0.0796875 0.05416666666666667
0 0.1609375 0.49166666666666664 0.06875 0.078125
2 0.41328125 0.440625 0.0203125 0.025
0 0.4546875 0.4739583333333333 0.040625 0.053125
0 0.71328125 0.5072916666666667 0.0578125 0.071875
0 0.4796875 0.459375 0.028125 0.035416666666666666
0 0.4875 0.446875 0.034375 0.03958333333333333