0 0.496875 0.4666666666666667 0.04375 0.051041666666666666
0 0.94609375 0.48333333333333334 0.1046875 0.12291666666666666
0 0.184375 0.46458333333333335 0.071875 0.0625
2 0.86640625 0.5583333333333333 0.0890625 0.44583333333333336
2 0.81171875 0.5552083333333333 0.0671875 0.4125
2 0.75234375 0.5541666666666667 0.0671875 0.4125
2 0.646875 0.46145833333333336 0.03125 0.09583333333333334
2 0.62734375 0.45729166666666665 0.0234375 0.10208333333333333
2 0.55390625 0.45729166666666665 0.0234375 0.078125
2 0.45859375 0.46145833333333336 0.0484375 0.11145833333333334
2 0.1046875 0.47291666666666665 0.040625 0.11354166666666667
2 0.43828125 0.4625 0.0328125 0.09375