2 0.3078125 0.5166666666666667 0.04375 0.1625
2 0.2546875 0.5010416666666667 0.046875 0.10729166666666666
2 0.13984375 0.46979166666666666 0.0265625 0.040625
0 0.028125 0.775 0.053125 0.25416666666666665
0 0.09296875 0.6302083333333334 0.1828125 0.271875
0 0.184375 0.5572916666666666 0.178125 0.15833333333333333
0 0.34140625 0.4895833333333333 0.0421875 0.06875
0 0.50625 0.4635416666666667 0.040625 0.0375
0 0.609375 0.48125 0.065625 0.07604166666666666
0 0.56796875 0.48333333333333334 0.0296875 0.05625
0 0.67890625 0.503125 0.1296875 0.1
0 0.8453125 0.5125 0.196875 0.2125
0 0.384375 0.4666666666666667 0.0375 0.035416666666666666
0 0.4453125 0.45625 0.021875 0.021875
2 0.465625 0.4552083333333333 0.0125 0.027083333333333334
0 0.03984375 0.46979166666666666 0.0765625 0.053125
0 0.55625 0.47604166666666664 0.025 0.053125