0 0.06796875 0.48541666666666666 0.1296875 0.2947916666666667
1 0.0640625 0.71875 0.125 0.16458333333333333
0 0.1640625 0.49270833333333336 0.05625 0.13125
2 0.2328125 0.56875 0.103125 0.40208333333333335
2 0.29765625 0.521875 0.0546875 0.29270833333333335
0 0.36484375 0.5166666666666667 0.0796875 0.15416666666666667
0 0.4171875 0.5010416666666667 0.03125 0.09583333333333334
0 0.45 0.49166666666666664 0.03125 0.078125
0 0.4875 0.48333333333333334 0.046875 0.06875
0 0.52109375 0.4739583333333333 0.0203125 0.053125
0 0.53984375 0.4708333333333333 0.0203125 0.05416666666666667
0 0.5984375 0.478125 0.10625 0.140625
0 0.6609375 0.4583333333333333 0.025 0.0375
0 0.6875 0.4625 0.034375 0.046875
0 0.7109375 0.47291666666666665 0.04375 0.06666666666666667
0 0.7515625 0.48125 0.05 0.09166666666666666
0 0.7828125 0.48854166666666665 0.046875 0.13333333333333333
0 0.8328125 0.4822916666666667 0.046875 0.14479166666666668
0 0.8625 0.51875 0.04375 0.15416666666666667
0 0.94453125 0.490625 0.1109375 0.41041666666666665