0 0.03828125 0.6364583333333333 0.0765625 0.17604166666666668
0 0.12734375 0.55625 0.2046875 0.1875
0 0.234375 0.5239583333333333 0.05625 0.13125
0 0.30625 0.5083333333333333 0.05625 0.09375
0 0.58828125 0.48020833333333335 0.0609375 0.05416666666666667
0 0.709375 0.5541666666666667 0.140625 0.16041666666666668
0 0.778125 0.615625 0.209375 0.19895833333333332
0 0.89453125 0.7666666666666667 0.2046875 0.459375
0 0.46953125 0.44895833333333335 0.0265625 0.035416666666666666
0 0.403125 0.471875 0.040625 0.05625
2 0.27109375 0.5291666666666667 0.0328125 0.11666666666666667
2 0.45390625 0.5677083333333334 0.0671875 0.20104166666666667
2 0.61640625 0.6135416666666667 0.0796875 0.24166666666666667
2 0.36875 0.475 0.03125 0.06666666666666667
0 0.76328125 0.46041666666666664 0.0796875 0.0375
0 0.74765625 0.45 0.0828125 0.04479166666666667
0 0.6484375 0.4552083333333333 0.09375 0.035416666666666666
0 0.57109375 0.4666666666666667 0.0578125 0.058333333333333334