0 0.39609375 0.5010416666666667 0.1359375 0.09583333333333334
0 0.8109375 0.4666666666666667 0.059375 0.06666666666666667
0 0.925 0.45 0.140625 0.146875
0 0.95 0.4822916666666667 0.09375 0.13333333333333333
2 0.73984375 0.47291666666666665 0.0484375 0.13645833333333332
2 0.703125 0.478125 0.040625 0.13333333333333333
2 0.61171875 0.46770833333333334 0.0234375 0.06875
2 0.63203125 0.453125 0.0203125 0.0625
2 0.5546875 0.4552083333333333 0.021875 0.051041666666666666
2 0.0453125 0.49375 0.028125 0.07083333333333333
2 0.02890625 0.4947916666666667 0.0265625 0.06875
2 0.12578125 0.4864583333333333 0.0234375 0.035416666666666666
2 0.66328125 0.43645833333333334 0.0203125 0.04479166666666667
2 0.5875 0.45729166666666665 0.01875 0.051041666666666666
0 0.646875 0.44895833333333335 0.01875 0.035416666666666666