0 0.059375 0.6427083333333333 0.1125 0.24583333333333332
0 0.1359375 0.5739583333333333 0.146875 0.15208333333333332
0 0.34296875 0.4739583333333333 0.0484375 0.053125
0 0.45546875 0.46458333333333335 0.0328125 0.03125
0 0.7828125 0.603125 0.24375 0.18333333333333332
2 0.2984375 0.4895833333333333 0.021875 0.06458333333333334
2 0.278125 0.46875 0.01875 0.05416666666666667
2 0.25703125 0.47291666666666665 0.0203125 0.07083333333333333
2 0.23515625 0.4708333333333333 0.0203125 0.07083333333333333
2 0.4125 0.5364583333333334 0.05625 0.178125
2 0.57421875 0.5333333333333333 0.0546875 0.16041666666666668
0 0.940625 0.48854166666666665 0.103125 0.078125
0 0.96953125 0.8833333333333333 0.0578125 0.23020833333333332
0 0.53671875 0.478125 0.0484375 0.058333333333333334
0 0.515625 0.46875 0.028125 0.046875
0 0.37109375 0.46979166666666666 0.0265625 0.04479166666666667