2 0.93203125 0.5927083333333333 0.0703125 0.25625
0 0.9765625 0.6010416666666667 0.04375 0.225
0 0.88828125 0.5604166666666667 0.0609375 0.140625
0 0.8234375 0.54375 0.1125 0.115625
0 0.68203125 0.484375 0.0828125 0.08229166666666667
0 0.63671875 0.46875 0.0359375 0.046875
0 0.6125 0.4625 0.03125 0.042708333333333334
0 0.07578125 0.5020833333333333 0.1484375 0.11354166666666667
0 0.29375 0.46145833333333336 0.065625 0.05625
2 0.3515625 0.459375 0.021875 0.058333333333333334
2 0.384375 0.46041666666666664 0.028125 0.06041666666666667
0 0.45234375 0.46458333333333335 0.0359375 0.051041666666666666
0 0.14453125 0.453125 0.1609375 0.14791666666666667
2 0.47578125 0.46041666666666664 0.0234375 0.05416666666666667
0 0.51796875 0.43645833333333334 0.0234375 0.025