0 0.9484375 0.553125 0.1 0.19166666666666668
2 0.8859375 0.5479166666666667 0.05625 0.225
0 0.7421875 0.49166666666666664 0.053125 0.078125
0 0.6640625 0.5270833333333333 0.1375 0.140625
0 0.553125 0.46770833333333334 0.0375 0.040625
0 0.5046875 0.465625 0.040625 0.04479166666666667
0 0.38984375 0.4791666666666667 0.0953125 0.1
0 0.3234375 0.47708333333333336 0.065625 0.08229166666666667
0 0.29765625 0.490625 0.0578125 0.07395833333333333
0 0.24375 0.4947916666666667 0.078125 0.09583333333333334
0 0.1453125 0.50625 0.165625 0.14791666666666667
2 0.459375 0.45729166666666665 0.0125 0.03125
0 0.60625 0.5010416666666667 0.05625 0.09583333333333334
0 0.4453125 0.46041666666666664 0.028125 0.03333333333333333