0 0.96796875 0.5333333333333333 0.0640625 0.13645833333333332
0 0.9 0.5145833333333333 0.140625 0.1
0 0.8265625 0.5083333333333333 0.065625 0.08958333333333333
0 0.728125 0.5041666666666667 0.134375 0.12083333333333333
0 0.5734375 0.46875 0.0375 0.03958333333333333
0 0.5046875 0.47604166666666664 0.05 0.04479166666666667
0 0.45625 0.484375 0.04375 0.09791666666666667
0 0.43125 0.49166666666666664 0.071875 0.11354166666666667
0 0.3609375 0.5104166666666666 0.165625 0.13854166666666667
0 0.54609375 0.465625 0.0265625 0.025
0 0.61328125 0.4666666666666667 0.0265625 0.022916666666666665