2 0.4828125 0.4979166666666667 0.03125 0.08229166666666667
2 0.2296875 0.46041666666666664 0.021875 0.058333333333333334
0 0.8890625 0.6791666666666667 0.215625 0.265625
0 0.7515625 0.59375 0.253125 0.171875
0 0.12265625 0.4708333333333333 0.0828125 0.05416666666666667
0 0.0390625 0.4625 0.071875 0.046875
2 0.1125 0.46458333333333335 0.021875 0.0625
2 0.04765625 0.4395833333333333 0.0203125 0.027083333333333334
2 0.340625 0.48333333333333334 0.03125 0.04479166666666667
0 0.796875 0.4895833333333333 0.1125 0.06875
0 0.72109375 0.47708333333333336 0.0796875 0.06458333333333334