2 0.90703125 0.4708333333333333 0.0234375 0.07395833333333333
2 0.92265625 0.4708333333333333 0.0265625 0.078125
2 0.81875 0.50625 0.0875 0.19895833333333332
0 0.75546875 0.4708333333333333 0.0546875 0.058333333333333334
0 0.49609375 0.4625 0.0453125 0.051041666666666666
0 0.3796875 0.4552083333333333 0.134375 0.12083333333333333
0 0.2296875 0.446875 0.115625 0.109375
2 0.5234375 0.4666666666666667 0.028125 0.078125
2 0.5796875 0.46979166666666666 0.034375 0.071875
2 0.64296875 0.46875 0.0296875 0.078125
2 0.66796875 0.4708333333333333 0.0203125 0.08229166666666667
2 0.68671875 0.46875 0.0265625 0.08958333333333333