0 0.84921875 0.528125 0.2421875 0.18958333333333333
0 0.60234375 0.46145833333333336 0.0296875 0.03333333333333333
0 0.5390625 0.48333333333333334 0.109375 0.115625
2 0.06015625 0.5135416666666667 0.0421875 0.15625
2 0.01484375 0.5114583333333333 0.0265625 0.15625
2 0.25625 0.4666666666666667 0.025 0.046875
2 0.23203125 0.46458333333333335 0.0203125 0.046875
2 0.2046875 0.4979166666666667 0.0375 0.140625
2 0.453125 0.4666666666666667 0.015625 0.035416666666666666
2 0.4421875 0.46458333333333335 0.0125 0.03958333333333333
2 0.3796875 0.46041666666666664 0.015625 0.029166666666666667
2 0.3921875 0.46041666666666664 0.015625 0.027083333333333334