0 0.084375 0.7666666666666667 0.165625 0.3375
0 0.97578125 0.6708333333333333 0.0484375 0.20104166666666667
0 0.72109375 0.5125 0.0828125 0.0875
0 0.63046875 0.48541666666666666 0.0609375 0.06458333333333334
0 0.584375 0.46875 0.034375 0.05416666666666667
0 0.52109375 0.46041666666666664 0.0421875 0.03125
0 0.409375 0.47708333333333336 0.053125 0.06875
0 0.35625 0.5052083333333334 0.0875 0.115625
0 0.26640625 0.5479166666666667 0.0546875 0.12708333333333333
0 0.35 0.5447916666666667 0.046875 0.11666666666666667
2 0.3078125 0.6 0.08125 0.265625
2 0.6578125 0.6302083333333334 0.090625 0.2635416666666667
0 0.08203125 0.47291666666666665 0.1328125 0.078125
0 0.0609375 0.4864583333333333 0.115625 0.07395833333333333
0 0.2296875 0.490625 0.121875 0.06666666666666667
0 0.76171875 0.4947916666666667 0.1078125 0.071875
0 0.23359375 0.44583333333333336 0.0453125 0.022916666666666665