2 0.76953125 0.41875 0.0203125 0.06875
2 0.73984375 0.415625 0.0234375 0.08229166666666667
0 0.81484375 0.43020833333333336 0.0796875 0.071875
0 0.67265625 0.4375 0.0734375 0.07083333333333333
2 0.6078125 0.4947916666666667 0.059375 0.20104166666666667
2 0.56640625 0.49583333333333335 0.0578125 0.18333333333333332
2 0.50390625 0.41875 0.0296875 0.06458333333333334
2 0.5109375 0.5083333333333333 0.078125 0.19583333333333333
2 0.46171875 0.440625 0.0328125 0.0875
2 0.45078125 0.5125 0.0703125 0.18958333333333333
2 0.36953125 0.5135416666666667 0.0953125 0.21458333333333332
2 0.3203125 0.5083333333333333 0.05625 0.2125
2 0.25625 0.5166666666666667 0.053125 0.196875
2 0.20703125 0.5354166666666667 0.0796875 0.23854166666666668
2 0.13671875 0.5114583333333333 0.0796875 0.22708333333333333
2 0.09140625 0.5177083333333333 0.0734375 0.203125
0 0.71484375 0.415625 0.0359375 0.042708333333333334