2 0.78828125 0.4864583333333333 0.0453125 0.14791666666666667
2 0.75 0.48333333333333334 0.04375 0.1625
2 0.7140625 0.4739583333333333 0.04375 0.11875
2 0.675 0.48125 0.03125 0.10729166666666666
2 0.60546875 0.4625 0.0203125 0.058333333333333334
2 0.5859375 0.465625 0.021875 0.06458333333333334
0 0.8203125 0.4583333333333333 0.046875 0.071875
0 0.45 0.46041666666666664 0.034375 0.042708333333333334
0 0.39453125 0.48125 0.0703125 0.06875
0 0.925 0.446875 0.1375 0.140625
0 0.95078125 0.4864583333333333 0.0953125 0.12916666666666668
2 0.16875 0.48020833333333335 0.01875 0.046875
2 0.128125 0.490625 0.021875 0.03125
2 0.1125 0.49166666666666664 0.01875 0.05625
2 0.559375 0.459375 0.015625 0.051041666666666666
2 0.5515625 0.459375 0.01875 0.051041666666666666