2 0.984375 0.5 0.028125 0.17604166666666668
2 0.95703125 0.5020833333333333 0.0234375 0.15208333333333332
2 0.90625 0.5052083333333334 0.0375 0.15
2 0.86484375 0.5145833333333333 0.0359375 0.11875
2 0.73828125 0.49375 0.0203125 0.07083333333333333
2 0.7078125 0.4895833333333333 0.021875 0.09166666666666666
2 0.6921875 0.496875 0.015625 0.06875
2 0.6765625 0.49375 0.015625 0.0625
2 0.6484375 0.49895833333333334 0.015625 0.04895833333333333
2 0.63515625 0.49583333333333335 0.0109375 0.051041666666666666
2 0.60859375 0.490625 0.0140625 0.058333333333333334
0 0.47890625 0.521875 0.1484375 0.14791666666666667
0 0.3828125 0.49375 0.025 0.027083333333333334