2 0.77421875 0.47604166666666664 0.0421875 0.13125
2 0.8515625 0.43020833333333336 0.015625 0.04479166666666667
2 0.64375 0.46979166666666666 0.028125 0.11145833333333334
2 0.1453125 0.45625 0.01875 0.05625
2 0.16640625 0.465625 0.0171875 0.07604166666666666
0 0.39765625 0.46041666666666664 0.0234375 0.022916666666666665
2 0.353125 0.46145833333333336 0.0125 0.06041666666666667
2 0.33984375 0.4479166666666667 0.0140625 0.04479166666666667
0 0.32421875 0.46041666666666664 0.0203125 0.035416666666666666
2 0.2890625 0.453125 0.025 0.07083333333333333
2 0.61640625 0.4864583333333333 0.0203125 0.078125
2 0.5921875 0.484375 0.01875 0.078125
2 0.83515625 0.43854166666666666 0.0171875 0.04479166666666667
2 0.5578125 0.4552083333333333 0.009375 0.03125