2 0.46484375 0.4739583333333333 0.0203125 0.053125
2 0.48671875 0.4666666666666667 0.0234375 0.051041666666666666
0 0.0765625 0.6760416666666667 0.15 0.35520833333333335
0 0.265625 0.528125 0.1375 0.146875
0 0.328125 0.50625 0.0625 0.08229166666666667
0 0.36328125 0.4895833333333333 0.0453125 0.06875
0 0.4328125 0.47708333333333336 0.0375 0.04479166666666667
0 0.57734375 0.4625 0.0328125 0.03125
0 0.59375 0.48333333333333334 0.028125 0.053125
0 0.62890625 0.4864583333333333 0.0578125 0.07395833333333333
0 0.64375 0.5 0.04375 0.08958333333333333
0 0.71875 0.496875 0.134375 0.134375
0 0.92421875 0.546875 0.1453125 0.24166666666666667