2 0.95546875 0.48854166666666665 0.0703125 0.13333333333333333
2 0.90703125 0.46458333333333335 0.0359375 0.078125
0 0.9796875 0.4708333333333333 0.040625 0.058333333333333334
2 0.87109375 0.46145833333333336 0.0609375 0.1
2 0.7828125 0.46875 0.046875 0.10208333333333333
0 0.44921875 0.48020833333333335 0.0828125 0.08541666666666667
2 0.7078125 0.46979166666666666 0.028125 0.07604166666666666
0 0.81953125 0.46145833333333336 0.0484375 0.053125
0 0.4921875 0.48125 0.021875 0.040625
0 0.50078125 0.4739583333333333 0.0296875 0.040625
0 0.59765625 0.475 0.0265625 0.027083333333333334