2 0.15234375 0.5739583333333333 0.0765625 0.27291666666666664
2 0.2578125 0.5239583333333333 0.046875 0.19375
2 0.65390625 0.44583333333333336 0.0265625 0.06666666666666667
2 0.675 0.4479166666666667 0.021875 0.06458333333333334
0 0.0484375 0.5166666666666667 0.09375 0.134375
0 0.07109375 0.490625 0.1171875 0.11354166666666667
0 0.32578125 0.47291666666666665 0.0453125 0.051041666666666666
2 0.375 0.453125 0.01875 0.046875
0 0.61484375 0.459375 0.0578125 0.06666666666666667
0 0.575 0.4552083333333333 0.040625 0.051041666666666666
0 0.72578125 0.48541666666666666 0.0921875 0.12291666666666666
0 0.80625 0.5041666666666667 0.121875 0.171875
0 0.91640625 0.5291666666666667 0.1671875 0.23854166666666668
0 0.55859375 0.44166666666666665 0.0296875 0.046875
0 0.52265625 0.4354166666666667 0.0203125 0.027083333333333334
0 0.425 0.4510416666666667 0.034375 0.03958333333333333
0 0.35625 0.45729166666666665 0.028125 0.042708333333333334
0 0.20390625 0.4864583333333333 0.0796875 0.08541666666666667