2 0.659375 0.49166666666666664 0.040625 0.134375
2 0.6796875 0.49375 0.034375 0.125
2 0.70859375 0.453125 0.0203125 0.08229166666666667
2 0.74296875 0.475 0.0296875 0.11666666666666667
2 0.7828125 0.48333333333333334 0.0375 0.146875
2 0.82734375 0.47708333333333336 0.0421875 0.13333333333333333
2 0.86953125 0.4739583333333333 0.0265625 0.13854166666666667
2 0.90546875 0.4708333333333333 0.0359375 0.14791666666666667
0 0.41484375 0.46770833333333334 0.0328125 0.040625
0 0.2578125 0.478125 0.065625 0.07083333333333333
0 0.1890625 0.484375 0.096875 0.08958333333333333
0 0.3671875 0.4708333333333333 0.03125 0.03125
0 0.38125 0.4666666666666667 0.021875 0.027083333333333334