0 0.62890625 0.4625 0.1296875 0.13645833333333332
2 0.55390625 0.46145833333333336 0.0296875 0.134375
0 0.1015625 0.49583333333333335 0.203125 0.15208333333333332
0 0.19765625 0.459375 0.0796875 0.078125
0 0.240625 0.459375 0.0375 0.07083333333333333
0 0.51796875 0.453125 0.0484375 0.07395833333333333
0 0.33828125 0.4510416666666667 0.0203125 0.03958333333333333
0 0.4875 0.45729166666666665 0.021875 0.035416666666666666
0 0.46953125 0.4510416666666667 0.0203125 0.03125
0 0.4578125 0.446875 0.01875 0.022916666666666665
0 0.4453125 0.44583333333333336 0.0125 0.019791666666666666
0 0.43359375 0.44583333333333336 0.0109375 0.019791666666666666
0 0.38828125 0.44583333333333336 0.0109375 0.019791666666666666
0 0.3796875 0.446875 0.0125 0.019791666666666666
0 0.36875 0.44583333333333336 0.0125 0.015625
0 0.3546875 0.4479166666666667 0.01875 0.029166666666666667
0 0.303125 0.45729166666666665 0.053125 0.03958333333333333