0 0.42734375 0.46458333333333335 0.0578125 0.06666666666666667
0 0.45703125 0.4583333333333333 0.0296875 0.0375
0 0.5203125 0.4666666666666667 0.059375 0.07083333333333333
0 0.5765625 0.44166666666666665 0.040625 0.035416666666666666
2 0.05 0.515625 0.04375 0.13645833333333332
2 0.159375 0.47708333333333336 0.025 0.04479166666666667
2 0.21796875 0.45416666666666666 0.0265625 0.040625
2 0.24609375 0.49166666666666664 0.0328125 0.11875
2 0.64921875 0.45 0.0203125 0.040625
2 0.37890625 0.6541666666666667 0.1078125 0.34375
2 0.328125 0.45416666666666666 0.01875 0.053125
0 0.48203125 0.43854166666666666 0.0234375 0.040625