0 0.89140625 0.4625 0.0671875 0.06666666666666667
0 0.80859375 0.46770833333333334 0.0765625 0.06041666666666667
0 0.7453125 0.46979166666666666 0.05 0.05625
0 0.259375 0.46979166666666666 0.040625 0.05625
0 0.25078125 0.48020833333333335 0.0296875 0.0625
0 0.20703125 0.48020833333333335 0.0328125 0.07083333333333333
2 0.35859375 0.471875 0.0265625 0.071875
2 0.38515625 0.471875 0.0265625 0.06458333333333334
2 0.10703125 0.5135416666666667 0.0421875 0.14479166666666668
2 0.06640625 0.4625 0.0296875 0.046875
2 0.0171875 0.5541666666666667 0.03125 0.16979166666666667
2 0.075 0.553125 0.046875 0.16770833333333332