0 0.921875 0.5135416666666667 0.15625 0.14479166666666668
0 0.81796875 0.4947916666666667 0.0953125 0.09166666666666666
0 0.7609375 0.48333333333333334 0.06875 0.0875
0 0.7046875 0.47708333333333336 0.05625 0.05416666666666667
0 0.05546875 0.5489583333333333 0.1078125 0.19895833333333332
0 0.15703125 0.5145833333333333 0.2109375 0.1625
0 0.68671875 0.46979166666666666 0.0578125 0.05625
0 0.30390625 0.4947916666666667 0.1203125 0.103125
0 0.3640625 0.48020833333333335 0.0625 0.078125
0 0.4015625 0.4822916666666667 0.03125 0.06666666666666667
0 0.421875 0.4739583333333333 0.040625 0.053125
0 0.628125 0.4625 0.01875 0.035416666666666666
0 0.453125 0.46875 0.025 0.051041666666666666
0 0.47265625 0.46145833333333336 0.0265625 0.0375
2 0.51484375 0.4479166666666667 0.0296875 0.06875
0 0.57578125 0.45729166666666665 0.0203125 0.027083333333333334
0 0.59140625 0.459375 0.0203125 0.027083333333333334
0 0.6109375 0.4583333333333333 0.021875 0.029166666666666667
0 0.64453125 0.46458333333333335 0.0234375 0.042708333333333334