2 0.98984375 0.446875 0.0171875 0.08541666666666667
2 0.85234375 0.47604166666666664 0.0265625 0.103125
2 0.8234375 0.478125 0.040625 0.140625
2 0.77265625 0.471875 0.0203125 0.084375
2 0.753125 0.4739583333333333 0.025 0.084375
0 0.60859375 0.49583333333333335 0.1234375 0.12083333333333333
2 0.55546875 0.46041666666666664 0.0109375 0.027083333333333334
0 0.440625 0.46458333333333335 0.04375 0.05416666666666667
0 0.40703125 0.465625 0.0203125 0.025
0 0.3890625 0.465625 0.01875 0.025
0 0.36484375 0.4625 0.0265625 0.03125
0 0.221875 0.49375 0.08125 0.078125
0 0.0875 0.5041666666666667 0.16875 0.14479166666666668
2 0.29921875 0.46979166666666666 0.0109375 0.025