0 0.26796875 0.46145833333333336 0.0328125 0.0375
0 0.315625 0.4625 0.065625 0.051041666666666666
2 0.4296875 0.48854166666666665 0.0375 0.12083333333333333
0 0.490625 0.45416666666666666 0.028125 0.025
0 0.52578125 0.45625 0.0359375 0.025
0 0.55625 0.45729166666666665 0.028125 0.022916666666666665
0 0.6546875 0.46041666666666664 0.05625 0.035416666666666666
0 0.68515625 0.46770833333333334 0.0765625 0.029166666666666667
0 0.77890625 0.46458333333333335 0.1328125 0.0625
0 0.83203125 0.46979166666666666 0.0859375 0.040625
0 0.96953125 0.4635416666666667 0.0609375 0.06458333333333334