0 0.215625 0.490625 0.109375 0.14479166666666668
0 0.334375 0.44479166666666664 0.0625 0.04479166666666667
2 0.39140625 0.5083333333333333 0.0609375 0.24583333333333332
0 0.44765625 0.46875 0.0578125 0.07083333333333333
0 0.4953125 0.46041666666666664 0.040625 0.053125
0 0.715625 0.478125 0.109375 0.08958333333333333
2 0.78359375 0.48020833333333335 0.0265625 0.08229166666666667
0 0.81875 0.44895833333333335 0.03125 0.022916666666666665
0 0.825 0.49166666666666664 0.05625 0.0625
0 0.85859375 0.4479166666666667 0.0453125 0.03333333333333333
0 0.94765625 0.4791666666666667 0.0984375 0.084375