2 0.0125 0.4864583333333333 0.025 0.14479166666666668
2 0.16484375 0.48020833333333335 0.0234375 0.08229166666666667
2 0.184375 0.47708333333333336 0.021875 0.0875
0 0.5875 0.4791666666666667 0.040625 0.04479166666666667
0 0.38828125 0.47708333333333336 0.0515625 0.0625
2 0.4859375 0.4739583333333333 0.015625 0.040625
2 0.4640625 0.47291666666666665 0.015625 0.03958333333333333
0 0.41953125 0.48020833333333335 0.0234375 0.03958333333333333
0 0.4328125 0.47708333333333336 0.01875 0.03333333333333333
0 0.440625 0.47604166666666664 0.01875 0.03333333333333333
2 0.51171875 0.4708333333333333 0.0109375 0.027083333333333334
0 0.9703125 0.5072916666666667 0.05625 0.09583333333333334
2 0.2234375 0.47604166666666664 0.028125 0.06041666666666667