0 0.31640625 0.43020833333333336 0.0828125 0.071875
0 0.178125 0.425 0.078125 0.06458333333333334
2 0.228125 0.41354166666666664 0.021875 0.084375
2 0.259375 0.41458333333333336 0.025 0.08541666666666667
2 0.43125 0.49895833333333334 0.071875 0.2125
2 0.490625 0.5041666666666667 0.05 0.1875
2 0.525 0.459375 0.034375 0.15208333333333332
2 0.58828125 0.4375 0.0453125 0.08958333333333333
2 0.55859375 0.5104166666666666 0.0828125 0.22083333333333333
2 0.62265625 0.5125 0.0671875 0.209375
2 0.715625 0.5177083333333333 0.1 0.25
2 0.76484375 0.5083333333333333 0.0609375 0.24375
2 0.8375 0.5145833333333333 0.075 0.22083333333333333
2 0.86640625 0.5041666666666667 0.0328125 0.19583333333333333
2 0.9046875 0.46875 0.046875 0.16458333333333333
2 0.9234375 0.540625 0.109375 0.25833333333333336
2 0.96875 0.5083333333333333 0.059375 0.24791666666666667
0 0.359375 0.41458333333333336 0.025 0.029166666666666667
2 0.390625 0.41354166666666664 0.0125 0.0375