2 0.753125 0.484375 0.0375 0.10208333333333333
2 0.9765625 0.490625 0.0375 0.109375
2 0.22890625 0.4822916666666667 0.0234375 0.058333333333333334
2 0.31953125 0.46875 0.0203125 0.07083333333333333
2 0.2671875 0.47291666666666665 0.028125 0.08229166666666667
2 0.30078125 0.47708333333333336 0.0328125 0.07083333333333333
2 0.1515625 0.4552083333333333 0.021875 0.042708333333333334
2 0.12421875 0.45 0.0359375 0.05625
0 0.56953125 0.509375 0.2765625 0.30104166666666665
2 0.9140625 0.48125 0.021875 0.06875
2 0.85546875 0.4791666666666667 0.0203125 0.06875
2 0.8859375 0.4791666666666667 0.021875 0.06875