2 0.19921875 0.496875 0.0828125 0.2125
0 0.34296875 0.46041666666666664 0.2015625 0.12708333333333333
0 0.4484375 0.5 0.078125 0.12083333333333333
0 0.58671875 0.49375 0.2296875 0.16770833333333332
0 0.8359375 0.5177083333333333 0.31875 0.1875
2 0.94140625 0.42916666666666664 0.0421875 0.06666666666666667
0 0.1578125 0.478125 0.040625 0.0625
0 0.109375 0.4739583333333333 0.059375 0.05625
2 0.078125 0.46979166666666666 0.021875 0.06875
0 0.0609375 0.47291666666666665 0.028125 0.046875
2 0.02734375 0.4708333333333333 0.0234375 0.06666666666666667