0 0.41640625 0.47708333333333336 0.0546875 0.05416666666666667
2 0.66484375 0.46979166666666666 0.0296875 0.09583333333333334
2 0.69453125 0.46770833333333334 0.0234375 0.103125
2 0.71328125 0.4635416666666667 0.0203125 0.103125
0 0.8078125 0.4635416666666667 0.053125 0.071875
0 0.92421875 0.446875 0.1421875 0.14791666666666667
0 0.9515625 0.48854166666666665 0.09375 0.12916666666666668
2 0.6 0.459375 0.025 0.058333333333333334
2 0.63515625 0.44583333333333336 0.0234375 0.06041666666666667
2 0.12578125 0.4875 0.0265625 0.0375
2 0.09765625 0.46875 0.0265625 0.027083333333333334
2 0.084375 0.471875 0.01875 0.029166666666666667
0 0.73046875 0.45625 0.0296875 0.04479166666666667
2 0.3703125 0.465625 0.015625 0.0375
2 0.5578125 0.459375 0.01875 0.051041666666666666