2 0.91953125 0.41041666666666665 0.0140625 0.05416666666666667
2 0.90234375 0.3958333333333333 0.0109375 0.025
2 0.8859375 0.421875 0.0125 0.05416666666666667
2 0.85078125 0.41770833333333335 0.0140625 0.042708333333333334
2 0.8390625 0.41770833333333335 0.015625 0.046875
2 0.80390625 0.43125 0.0234375 0.0625
2 0.78515625 0.434375 0.0203125 0.05625
2 0.7578125 0.4010416666666667 0.0125 0.04479166666666667
2 0.72734375 0.4125 0.0171875 0.042708333333333334
2 0.74609375 0.4270833333333333 0.0140625 0.021875
2 0.75625 0.4822916666666667 0.028125 0.10520833333333333
2 0.7296875 0.48541666666666666 0.025 0.09166666666666666
2 0.71171875 0.45 0.0140625 0.06875
2 0.69453125 0.4666666666666667 0.0203125 0.078125
2 0.68125 0.4239583333333333 0.0125 0.019791666666666666
2 0.675 0.47291666666666665 0.021875 0.08229166666666667
2 0.6625 0.41770833333333335 0.0125 0.027083333333333334
2 0.65390625 0.41458333333333336 0.0109375 0.019791666666666666
2 0.64453125 0.41770833333333335 0.0109375 0.022916666666666665
2 0.6578125 0.45625 0.0125 0.053125
2 0.6375 0.46770833333333334 0.03125 0.07604166666666666
2 0.634375 0.4125 0.009375 0.022916666666666665
2 0.625 0.409375 0.015625 0.025
2 0.5984375 0.41041666666666665 0.009375 0.035416666666666666
2 0.58671875 0.4125 0.0109375 0.035416666666666666
2 0.575 0.425 0.009375 0.04479166666666667
2 0.55546875 0.425 0.0109375 0.04479166666666667
2 0.53828125 0.42604166666666665 0.0109375 0.03958333333333333
0 0.4546875 0.403125 0.021875 0.017708333333333333
0 0.4625 0.4125 0.025 0.027083333333333334
0 0.4765625 0.4270833333333333 0.028125 0.03333333333333333
0 0.49765625 0.44166666666666665 0.0515625 0.051041666666666666
0 0.5125 0.5041666666666667 0.1 0.109375
0 0.4375 0.40208333333333335 0.015625 0.019791666666666666
0 0.43125 0.4322916666666667 0.05 0.06041666666666667
0 0.39140625 0.4125 0.0234375 0.022916666666666665
0 0.3703125 0.43333333333333335 0.04375 0.046875
0 0.33671875 0.453125 0.0640625 0.07083333333333333
0 0.29375 0.45729166666666665 0.025 0.05416666666666667
0 0.2609375 0.46145833333333336 0.05625 0.06041666666666667
0 0.4140625 0.46875 0.071875 0.07083333333333333
2 0.13984375 0.4510416666666667 0.0171875 0.046875
2 0.12890625 0.4510416666666667 0.0140625 0.046875
0 0.1640625 0.5333333333333333 0.171875 0.140625
2 0.8828125 0.4875 0.028125 0.10729166666666666