0 0.86171875 0.5875 0.1859375 0.17916666666666667
0 0.71171875 0.5291666666666667 0.0765625 0.11354166666666667
0 0.6453125 0.49583333333333335 0.071875 0.08229166666666667
0 0.61953125 0.4822916666666667 0.0609375 0.07083333333333333
0 0.59140625 0.47291666666666665 0.0328125 0.05416666666666667
0 0.55078125 0.465625 0.0296875 0.04479166666666667
0 0.40546875 0.4510416666666667 0.0328125 0.035416666666666666
0 0.35 0.503125 0.040625 0.06875
0 0.3015625 0.5177083333333333 0.096875 0.08541666666666667
0 0.15859375 0.5916666666666667 0.2578125 0.234375
2 0.74765625 0.5875 0.1046875 0.203125
2 0.03828125 0.778125 0.0703125 0.3885416666666667
2 0.53203125 0.46979166666666666 0.0234375 0.05625
0 0.5734375 0.46458333333333335 0.025 0.058333333333333334
0 0.51796875 0.45 0.0296875 0.025
0 0.4921875 0.4427083333333333 0.021875 0.029166666666666667
0 0.290625 0.4395833333333333 0.04375 0.03125
0 0.32578125 0.440625 0.0234375 0.029166666666666667