2 0.93984375 0.5229166666666667 0.0359375 0.15208333333333332
2 0.9 0.525 0.040625 0.16041666666666668
2 0.86796875 0.5104166666666666 0.0265625 0.12708333333333333
2 0.8453125 0.5177083333333333 0.01875 0.12083333333333333
2 0.821875 0.5166666666666667 0.025 0.12708333333333333
2 0.796875 0.5208333333333334 0.025 0.115625
0 0.36875 0.4666666666666667 0.046875 0.042708333333333334
0 0.4453125 0.459375 0.065625 0.035416666666666666
0 0.40859375 0.5260416666666666 0.0703125 0.09166666666666666
0 0.33046875 0.49583333333333335 0.0734375 0.07395833333333333
0 0.28515625 0.4895833333333333 0.0359375 0.053125
0 0.496875 0.46041666666666664 0.0375 0.03333333333333333
0 0.48203125 0.5395833333333333 0.1296875 0.12708333333333333
2 0.19921875 0.490625 0.0171875 0.058333333333333334
2 0.1859375 0.49166666666666664 0.015625 0.058333333333333334
2 0.16796875 0.49895833333333334 0.0234375 0.06041666666666667
0 0.04296875 0.521875 0.0859375 0.08229166666666667
2 0.96953125 0.5135416666666667 0.0328125 0.14479166666666668
2 0.99296875 0.5166666666666667 0.0109375 0.146875
2 0.73046875 0.49583333333333335 0.0203125 0.08229166666666667
2 0.65078125 0.49583333333333335 0.0203125 0.07083333333333333
2 0.6703125 0.490625 0.01875 0.07395833333333333
2 0.6046875 0.4875 0.015625 0.05625
2 0.621875 0.48333333333333334 0.01875 0.06041666666666667
2 0.690625 0.4625 0.015625 0.042708333333333334
2 0.70234375 0.46145833333333336 0.0140625 0.04479166666666667
2 0.7125 0.4625 0.0125 0.051041666666666666
2 0.5953125 0.4635416666666667 0.015625 0.040625
2 0.634375 0.4625 0.015625 0.058333333333333334
2 0.7328125 0.4322916666666667 0.0125 0.04479166666666667
2 0.74296875 0.42916666666666664 0.0140625 0.040625
2 0.565625 0.45208333333333334 0.0125 0.040625
2 0.5578125 0.45208333333333334 0.0125 0.040625