2 0.98359375 0.459375 0.0203125 0.06666666666666667
2 0.8953125 0.46875 0.025 0.07083333333333333
2 0.93984375 0.4666666666666667 0.0203125 0.06666666666666667
0 0.640625 0.47604166666666664 0.05625 0.06458333333333334
0 0.690625 0.4635416666666667 0.0375 0.0375
0 0.48828125 0.47604166666666664 0.0484375 0.04479166666666667
0 0.51953125 0.46145833333333336 0.0296875 0.029166666666666667
2 0.36796875 0.4583333333333333 0.0234375 0.071875
0 0.61015625 0.4666666666666667 0.0234375 0.046875
0 0.5875 0.46041666666666664 0.021875 0.022916666666666665
0 0.54921875 0.46041666666666664 0.0234375 0.022916666666666665
2 0.33359375 0.45208333333333334 0.0171875 0.053125