2 0.85546875 0.4666666666666667 0.0234375 0.06666666666666667
0 0.88984375 0.58125 0.2171875 0.165625
0 0.97421875 0.684375 0.0484375 0.196875
0 0.61796875 0.46979166666666666 0.0359375 0.040625
0 0.540625 0.45729166666666665 0.034375 0.035416666666666666
2 0.4 0.45208333333333334 0.021875 0.053125
2 0.1828125 0.44583333333333336 0.025 0.07604166666666666
2 0.16015625 0.44583333333333336 0.0203125 0.078125
2 0.42578125 0.45 0.0234375 0.04479166666666667
2 0.9859375 0.45625 0.01875 0.03333333333333333
2 0.821875 0.4666666666666667 0.025 0.058333333333333334
2 0.70625 0.46145833333333336 0.01875 0.04479166666666667
0 0.6015625 0.46145833333333336 0.01875 0.03333333333333333
0 0.59296875 0.4552083333333333 0.0234375 0.035416666666666666
0 0.58125 0.45416666666666666 0.01875 0.025
2 0.2875 0.4479166666666667 0.021875 0.04479166666666667
2 0.0953125 0.4354166666666667 0.025 0.05416666666666667
2 0.31953125 0.44895833333333335 0.0203125 0.03958333333333333
2 0.33359375 0.4427083333333333 0.0203125 0.025