0 0.940625 0.4822916666666667 0.1 0.05416666666666667
0 0.871875 0.49375 0.028125 0.035416666666666666
2 0.875 0.45729166666666665 0.009375 0.03125
2 0.8359375 0.47708333333333336 0.0125 0.04479166666666667
2 0.8265625 0.48020833333333335 0.009375 0.03125
0 0.71328125 0.4791666666666667 0.0203125 0.03333333333333333
0 0.68359375 0.4864583333333333 0.0546875 0.058333333333333334
0 0.6515625 0.490625 0.01875 0.022916666666666665
0 0.61875 0.4895833333333333 0.03125 0.029166666666666667
0 0.4671875 0.4979166666666667 0.090625 0.078125
0 0.353125 0.4979166666666667 0.103125 0.05416666666666667
0 0.25703125 0.5 0.0671875 0.0625
0 0.2015625 0.49583333333333335 0.028125 0.05416666666666667
0 0.09765625 0.5041666666666667 0.0421875 0.035416666666666666
0 0.025 0.48854166666666665 0.05 0.035416666666666666
0 0.51796875 0.49166666666666664 0.0171875 0.0375