2 0.06640625 0.49375 0.0203125 0.05416666666666667
2 0.0890625 0.4979166666666667 0.028125 0.06666666666666667
2 0.734375 0.565625 0.05625 0.178125
2 0.8125 0.496875 0.025 0.071875
2 0.84609375 0.496875 0.0328125 0.05625
2 0.91953125 0.5010416666666667 0.0234375 0.06041666666666667
2 0.2578125 0.503125 0.01875 0.06458333333333334
0 0.39140625 0.5020833333333333 0.0546875 0.046875
0 0.54375 0.6541666666666667 0.33125 0.33958333333333335
2 0.665625 0.49166666666666664 0.015625 0.0375
2 0.634375 0.4864583333333333 0.0125 0.027083333333333334
2 0.3265625 0.48333333333333334 0.01875 0.025
2 0.4921875 0.49166666666666664 0.109375 0.0625
2 0.2640625 0.5020833333333333 0.01875 0.06666666666666667
2 0.94453125 0.49895833333333334 0.0234375 0.040625