2 0.28359375 0.46770833333333334 0.0234375 0.06875
2 0.3046875 0.465625 0.021875 0.07604166666666666
2 0.33203125 0.46145833333333336 0.0203125 0.06458333333333334
2 0.39375 0.45416666666666666 0.03125 0.053125
2 0.39609375 0.49166666666666664 0.0296875 0.09375
2 0.43828125 0.48020833333333335 0.0265625 0.10520833333333333
2 0.46640625 0.48333333333333334 0.0265625 0.103125
2 0.51015625 0.48020833333333335 0.0328125 0.09791666666666667
2 0.7546875 0.490625 0.04375 0.16770833333333332
2 0.7875 0.48020833333333335 0.034375 0.19166666666666668
0 0.54609375 0.47291666666666665 0.0453125 0.05416666666666667
0 0.14296875 0.5979166666666667 0.2796875 0.34375
2 0.63125 0.47604166666666664 0.05 0.103125
2 0.3546875 0.47708333333333336 0.03125 0.08958333333333333