2 0.5609375 0.478125 0.0375 0.140625
2 0.7765625 0.46458333333333335 0.034375 0.08541666666666667
2 0.38828125 0.515625 0.0703125 0.25
0 0.9234375 0.49166666666666664 0.153125 0.13645833333333332
0 0.6015625 0.47291666666666665 0.05 0.06666666666666667
0 0.4796875 0.4822916666666667 0.1375 0.10520833333333333
0 0.45703125 0.5135416666666667 0.0703125 0.08229166666666667
0 0.3078125 0.4583333333333333 0.13125 0.071875
0 0.30234375 0.5135416666666667 0.1296875 0.13333333333333333
0 0.25234375 0.5229166666666667 0.1421875 0.16979166666666667
0 0.1109375 0.5177083333333333 0.215625 0.24583333333333332
0 0.04375 0.5552083333333333 0.08125 0.2635416666666667
2 0.7546875 0.45625 0.025 0.06458333333333334
0 0.6375 0.471875 0.05 0.05625
0 0.85234375 0.47708333333333336 0.0453125 0.06041666666666667