2 0.0296875 0.4 0.021875 0.035416666666666666
2 0.0140625 0.44583333333333336 0.021875 0.04479166666666667
2 0.0453125 0.4427083333333333 0.025 0.053125
1 0.04765625 0.49895833333333334 0.0359375 0.040625
2 0.1 0.465625 0.040625 0.10729166666666666
2 0.1625 0.44895833333333335 0.025 0.11354166666666667
2 0.2453125 0.4479166666666667 0.025 0.09166666666666666
2 0.2828125 0.44583333333333336 0.025 0.1
0 0.50859375 0.4479166666666667 0.0296875 0.03333333333333333
0 0.56171875 0.446875 0.0203125 0.027083333333333334
0 0.60078125 0.44375 0.0578125 0.058333333333333334
0 0.68359375 0.45729166666666665 0.0296875 0.05416666666666667
0 0.72734375 0.45625 0.0671875 0.06458333333333334