2 0.4171875 0.5145833333333333 0.034375 0.103125
2 0.48359375 0.5083333333333333 0.0328125 0.109375
0 0.234375 0.578125 0.190625 0.140625
0 0.3375 0.5364583333333334 0.0875 0.084375
0 0.92265625 0.575 0.1515625 0.2125
0 0.73203125 0.53125 0.1265625 0.09375
0 0.65 0.5083333333333333 0.06875 0.078125
0 0.6078125 0.49895833333333334 0.05 0.0375
0 0.03828125 0.6875 0.0734375 0.37916666666666665
0 0.36484375 0.5135416666666667 0.0734375 0.09375
0 0.58515625 0.49166666666666664 0.0359375 0.051041666666666666
0 0.5578125 0.4947916666666667 0.021875 0.0375
0 0.5484375 0.4875 0.028125 0.040625
0 0.521875 0.48854166666666665 0.01875 0.022916666666666665