2 0.63828125 0.5322916666666667 0.0296875 0.07604166666666666
2 0.740625 0.5260416666666666 0.03125 0.084375
2 0.95 0.5166666666666667 0.03125 0.071875
0 0.2171875 0.5625 0.190625 0.15208333333333332
0 0.53828125 0.51875 0.0421875 0.05625
0 0.50625 0.5302083333333333 0.053125 0.06458333333333334
0 0.446875 0.5916666666666667 0.178125 0.17604166666666668
0 0.38828125 0.5229166666666667 0.0359375 0.05625
2 0.33203125 0.5104166666666666 0.0203125 0.06875
2 0.76640625 0.5197916666666667 0.0203125 0.051041666666666666
2 0.85546875 0.5125 0.0203125 0.06875