2 0.56875 0.5364583333333334 0.040625 0.178125
2 0.40234375 0.5385416666666667 0.0578125 0.15833333333333333
2 0.2609375 0.5083333333333333 0.028125 0.06458333333333334
2 0.215625 0.48125 0.021875 0.071875
2 0.2375 0.47708333333333336 0.021875 0.071875
2 0.26015625 0.46458333333333335 0.0203125 0.046875
0 0.84375 0.6427083333333333 0.30625 0.23854166666666668
0 0.33203125 0.47708333333333336 0.0515625 0.05625
0 0.07734375 0.6010416666666667 0.1515625 0.18958333333333333
0 0.95546875 0.48854166666666665 0.0828125 0.078125
0 0.53125 0.48125 0.05 0.04479166666666667
0 0.51328125 0.46770833333333334 0.0328125 0.04479166666666667
0 0.44765625 0.46041666666666664 0.0265625 0.035416666666666666