2 0.77734375 0.46041666666666664 0.0203125 0.040625
2 0.93828125 0.46458333333333335 0.0234375 0.06666666666666667
2 0.23359375 0.44895833333333335 0.0390625 0.09375
2 0.26953125 0.45416666666666666 0.0203125 0.0875
0 0.14609375 0.5479166666666667 0.2890625 0.228125
0 0.415625 0.49375 0.05625 0.09375
0 0.496875 0.49895833333333334 0.040625 0.09166666666666666
0 0.51640625 0.484375 0.0609375 0.07395833333333333
2 0.33828125 0.43645833333333334 0.0296875 0.05625
2 0.321875 0.49583333333333335 0.071875 0.17916666666666667
2 0.4640625 0.47708333333333336 0.04375 0.140625
0 0.565625 0.47604166666666664 0.05 0.071875
2 0.62421875 0.44583333333333336 0.0234375 0.05416666666666667
2 0.675 0.4479166666666667 0.025 0.04479166666666667
2 0.7125 0.4510416666666667 0.0125 0.027083333333333334
2 0.82578125 0.453125 0.0140625 0.03958333333333333
2 0.8375 0.446875 0.009375 0.035416666666666666
2 0.878125 0.44583333333333336 0.025 0.046875
2 0.1671875 0.4239583333333333 0.015625 0.03958333333333333