0 0.328125 0.465625 0.071875 0.071875
0 0.37265625 0.4583333333333333 0.0265625 0.06041666666666667
0 0.51796875 0.45625 0.0546875 0.05625
0 0.6171875 0.478125 0.05 0.046875
0 0.68046875 0.46458333333333335 0.0828125 0.09791666666666667
0 0.94296875 0.5177083333333333 0.1046875 0.10208333333333333
2 0.79375 0.5458333333333333 0.178125 0.4083333333333333
2 0.75 0.45 0.034375 0.0875
2 0.27109375 0.45208333333333334 0.0296875 0.06875
2 0.015625 0.43645833333333334 0.028125 0.11875
0 0.5625 0.4583333333333333 0.05625 0.06458333333333334
0 0.59296875 0.4666666666666667 0.0453125 0.058333333333333334