0 0.040625 0.6364583333333333 0.08125 0.19583333333333333
0 0.26171875 0.5322916666666667 0.1296875 0.10729166666666666
0 0.33984375 0.490625 0.0671875 0.07083333333333333
0 0.3828125 0.47708333333333336 0.053125 0.046875
0 0.50234375 0.45 0.0421875 0.04479166666666667
0 0.6078125 0.4708333333333333 0.065625 0.058333333333333334
0 0.7 0.5208333333333334 0.11875 0.115625
0 0.93046875 0.5145833333333333 0.1234375 0.11875
0 0.8484375 0.6395833333333333 0.2625 0.22083333333333333
0 0.26171875 0.46041666666666664 0.0453125 0.03958333333333333
0 0.31484375 0.5052083333333334 0.0734375 0.071875
0 0.77265625 0.46145833333333336 0.0703125 0.053125
0 0.86640625 0.4354166666666667 0.0734375 0.035416666666666666
0 0.81171875 0.49270833333333336 0.0359375 0.06875
2 0.959375 0.7760416666666666 0.075 0.44375