0 0.15078125 0.47604166666666664 0.2984375 0.16979166666666667
0 0.39375 0.4114583333333333 0.04375 0.07604166666666666
0 0.515625 0.428125 0.040625 0.046875
0 0.53984375 0.4270833333333333 0.0234375 0.029166666666666667
0 0.5484375 0.41354166666666664 0.015625 0.021875
0 0.55234375 0.396875 0.0171875 0.019791666666666666
0 0.575 0.396875 0.015625 0.019791666666666666
0 0.57421875 0.415625 0.0171875 0.019791666666666666
0 0.61484375 0.4239583333333333 0.0234375 0.035416666666666666
0 0.634375 0.43020833333333336 0.01875 0.0375
0 0.675 0.41354166666666664 0.05625 0.053125
2 0.7171875 0.4375 0.025 0.109375