0 0.91328125 0.6010416666666667 0.1734375 0.18125
0 0.8078125 0.5395833333333333 0.15 0.15416666666666667
0 0.70546875 0.5083333333333333 0.0921875 0.078125
2 0.65390625 0.4895833333333333 0.0265625 0.09166666666666666
0 0.5875 0.4635416666666667 0.04375 0.04479166666666667
0 0.42578125 0.4708333333333333 0.0421875 0.046875
0 0.38359375 0.49166666666666664 0.0859375 0.09166666666666666
0 0.28671875 0.5666666666666667 0.1796875 0.15208333333333332
2 0.240625 0.47291666666666665 0.040625 0.08229166666666667
0 0.08828125 0.8197916666666667 0.1671875 0.35
1 0.18203125 0.5395833333333333 0.0296875 0.046875
0 0.5578125 0.45 0.025 0.029166666666666667
0 0.446875 0.45416666666666666 0.0375 0.040625
0 0.5109375 0.44583333333333336 0.025 0.029166666666666667
2 0.48828125 0.446875 0.0140625 0.03125
2 0.52890625 0.44583333333333336 0.0140625 0.029166666666666667