2 0.36328125 0.46041666666666664 0.0296875 0.08541666666666667
2 0.0640625 0.5072916666666667 0.071875 0.25625
2 0.021875 0.4895833333333333 0.0375 0.240625
0 0.18828125 0.46458333333333335 0.0578125 0.07083333333333333
0 0.121875 0.4708333333333333 0.05625 0.08541666666666667
0 0.49375 0.5145833333333333 0.134375 0.13125
0 0.2703125 0.4583333333333333 0.034375 0.06458333333333334
0 0.753125 0.4864583333333333 0.059375 0.051041666666666666
2 0.8734375 0.48854166666666665 0.021875 0.03125
2 0.88984375 0.4947916666666667 0.0296875 0.05625
0 0.54765625 0.465625 0.0359375 0.025
2 0.39453125 0.46041666666666664 0.0203125 0.05625
2 0.41328125 0.46145833333333336 0.0203125 0.05625