2 0.0140625 0.44895833333333335 0.025 0.16041666666666668
2 0.04296875 0.45208333333333334 0.0234375 0.1625
2 0.06875 0.43645833333333334 0.025 0.146875
2 0.1203125 0.425 0.03125 0.146875
2 0.1453125 0.41770833333333335 0.025 0.109375
2 0.18671875 0.42291666666666666 0.0234375 0.115625
2 0.215625 0.4166666666666667 0.021875 0.09583333333333334
2 0.23828125 0.459375 0.0296875 0.12083333333333333
2 0.259375 0.38125 0.021875 0.03958333333333333
2 0.26171875 0.43125 0.0234375 0.058333333333333334
2 0.3015625 0.40625 0.021875 0.10208333333333333
2 0.33828125 0.3802083333333333 0.0203125 0.053125
2 0.35703125 0.37604166666666666 0.0171875 0.04895833333333333
2 0.38125 0.39166666666666666 0.021875 0.06041666666666667
2 0.4 0.38958333333333334 0.01875 0.05625
2 0.41875 0.38125 0.01875 0.035416666666666666
0 0.4515625 0.440625 0.0875 0.1
0 0.475 0.4041666666666667 0.065625 0.06666666666666667
0 0.50625 0.3927083333333333 0.034375 0.051041666666666666
0 0.55390625 0.36770833333333336 0.0453125 0.025
0 0.5671875 0.41458333333333336 0.059375 0.06458333333333334
0 0.5953125 0.38333333333333336 0.028125 0.0375
0 0.61171875 0.396875 0.0234375 0.042708333333333334
0 0.6421875 0.40625 0.040625 0.07083333333333333
0 0.70625 0.42291666666666666 0.103125 0.103125
2 0.7875 0.42604166666666665 0.028125 0.08958333333333333
0 0.81328125 0.43645833333333334 0.0265625 0.0875
2 0.925 0.4197916666666667 0.025 0.08958333333333333
2 0.9609375 0.415625 0.01875 0.078125
0 0.96796875 0.5083333333333333 0.0640625 0.12083333333333333