2 0.959375 0.7552083333333334 0.078125 0.4625
2 0.23828125 0.6020833333333333 0.0921875 0.225
0 0.15390625 0.5729166666666666 0.1421875 0.165625
0 0.303125 0.525 0.071875 0.09791666666666667
0 0.36328125 0.49270833333333336 0.0765625 0.07604166666666666
0 0.3984375 0.4791666666666667 0.04375 0.071875
0 0.4578125 0.465625 0.046875 0.040625
0 0.596875 0.4552083333333333 0.028125 0.03125
0 0.64765625 0.5052083333333334 0.0421875 0.06875
0 0.6875 0.515625 0.0875 0.078125
0 0.81640625 0.5885416666666666 0.2421875 0.225
2 0.484375 0.4666666666666667 0.021875 0.046875
0 0.50390625 0.44895833333333335 0.0234375 0.027083333333333334
0 0.7 0.440625 0.0375 0.029166666666666667