2 0.8859375 0.478125 0.053125 0.14791666666666667
2 0.76484375 0.47604166666666664 0.0671875 0.146875
0 0.71875 0.465625 0.053125 0.1
0 0.6546875 0.46458333333333335 0.028125 0.08229166666666667
2 0.678125 0.47708333333333336 0.059375 0.12916666666666668
2 0.2640625 0.45729166666666665 0.025 0.07083333333333333
2 0.01171875 0.44166666666666665 0.0234375 0.14479166666666668
0 0.34140625 0.4625 0.0453125 0.07395833333333333
0 0.634375 0.46041666666666664 0.040625 0.06666666666666667
0 0.36796875 0.46041666666666664 0.0296875 0.07083333333333333
0 0.39140625 0.46041666666666664 0.0234375 0.046875
0 0.29296875 0.4666666666666667 0.0359375 0.07083333333333333
0 0.5640625 0.453125 0.059375 0.07083333333333333
0 0.59375 0.465625 0.046875 0.06041666666666667
0 0.4859375 0.46041666666666664 0.0375 0.040625