0 0.46484375 0.5291666666666667 0.2421875 0.10520833333333333
0 0.2515625 0.478125 0.071875 0.07083333333333333
0 0.1875 0.4635416666666667 0.06875 0.071875
0 0.39140625 0.46770833333333334 0.0515625 0.040625
0 0.51796875 0.47291666666666665 0.0484375 0.058333333333333334
2 0.72265625 0.45625 0.0296875 0.07604166666666666
2 0.69375 0.4510416666666667 0.025 0.07083333333333333
2 0.66875 0.453125 0.03125 0.05416666666666667
2 0.12109375 0.4708333333333333 0.0265625 0.07083333333333333
2 0.10078125 0.471875 0.0234375 0.07604166666666666
0 0.95 0.51875 0.096875 0.084375
2 0.584375 0.42916666666666664 0.021875 0.03125
2 0.559375 0.42916666666666664 0.01875 0.029166666666666667
2 0.53828125 0.43125 0.0203125 0.035416666666666666
0 0.58125 0.459375 0.075 0.03125