0 0.90390625 0.5041666666666667 0.1484375 0.10208333333333333
0 0.51015625 0.46041666666666664 0.0234375 0.027083333333333334
0 0.55625 0.471875 0.05625 0.053125
2 0.3453125 0.49375 0.04375 0.13333333333333333
2 0.13515625 0.5083333333333333 0.0421875 0.07395833333333333
2 0.08984375 0.5125 0.0328125 0.06875
2 0.06328125 0.49375 0.0265625 0.05416666666666667
0 0.85390625 0.46041666666666664 0.0609375 0.053125
0 0.81484375 0.46145833333333336 0.0359375 0.04479166666666667
0 0.7859375 0.45625 0.03125 0.040625
0 0.7546875 0.46041666666666664 0.025 0.04479166666666667
2 0.69453125 0.46041666666666664 0.0171875 0.046875
2 0.675 0.459375 0.015625 0.05416666666666667
2 0.65703125 0.4552083333333333 0.0140625 0.046875
2 0.64765625 0.45729166666666665 0.0140625 0.051041666666666666
2 0.321875 0.4708333333333333 0.021875 0.058333333333333334
2 0.3625 0.4666666666666667 0.01875 0.046875