0 0.07734375 0.515625 0.1484375 0.14479166666666668
2 0.2109375 0.5239583333333333 0.025 0.13125
0 0.178125 0.49583333333333335 0.04375 0.08229166666666667
0 0.265625 0.49583333333333335 0.078125 0.078125
0 0.29296875 0.47291666666666665 0.0859375 0.06666666666666667
0 0.96875 0.60625 0.0625 0.23229166666666667
0 0.88828125 0.5760416666666667 0.1609375 0.16458333333333333
0 0.81015625 0.5322916666666667 0.1234375 0.13125
0 0.7296875 0.5166666666666667 0.0875 0.0875
0 0.71328125 0.48854166666666665 0.0796875 0.09375
0 0.621875 0.46041666666666664 0.04375 0.051041666666666666
0 0.6 0.45 0.0375 0.0375
0 0.4984375 0.4375 0.028125 0.027083333333333334