2 0.04765625 0.540625 0.0921875 0.53125
2 0.3390625 0.5645833333333333 0.165625 0.48854166666666665
2 0.6046875 0.48125 0.03125 0.103125
2 0.6453125 0.4864583333333333 0.025 0.10208333333333333
0 0.153125 0.5291666666666667 0.20625 0.21458333333333332
0 0.225 0.4625 0.075 0.11354166666666667
0 0.40234375 0.5020833333333333 0.0609375 0.1875
0 0.471875 0.50625 0.06875 0.11354166666666667
0 0.4875 0.4875 0.140625 0.115625
0 0.91796875 0.49166666666666664 0.1234375 0.10729166666666666
0 0.87578125 0.47604166666666664 0.0578125 0.06041666666666667
0 0.96328125 0.49375 0.0703125 0.11666666666666667
0 0.56640625 0.48541666666666666 0.0359375 0.053125