2 0.01875 0.515625 0.03125 0.12083333333333333
2 0.77890625 0.5041666666666667 0.0265625 0.11666666666666667
2 0.828125 0.5083333333333333 0.028125 0.125
2 0.86953125 0.5072916666666667 0.0265625 0.115625
2 0.8921875 0.5041666666666667 0.03125 0.13333333333333333
2 0.56953125 0.4875 0.0203125 0.053125
0 0.51796875 0.49166666666666664 0.0453125 0.04479166666666667
0 0.4328125 0.49166666666666664 0.05625 0.06875
0 0.3203125 0.48854166666666665 0.040625 0.03958333333333333
0 0.2734375 0.49375 0.05625 0.046875
0 0.36328125 0.48125 0.0328125 0.03333333333333333