0 0.415625 0.51875 0.1375 0.12708333333333333
0 0.9703125 0.7260416666666667 0.053125 0.30625
2 0.92578125 0.4895833333333333 0.0234375 0.06875
2 0.90546875 0.4875 0.0265625 0.06458333333333334
2 0.88671875 0.48333333333333334 0.0234375 0.071875
0 0.5328125 0.475 0.046875 0.05416666666666667
0 0.23828125 0.45416666666666666 0.0421875 0.025
2 0.58671875 0.4635416666666667 0.0140625 0.04479166666666667
0 0.9609375 0.48020833333333335 0.059375 0.05416666666666667
0 0.65625 0.46041666666666664 0.046875 0.035416666666666666
0 0.69296875 0.4625 0.0296875 0.027083333333333334
0 0.20078125 0.4552083333333333 0.0265625 0.027083333333333334