2 0.60859375 0.46979166666666666 0.0203125 0.06041666666666667
2 0.69375 0.471875 0.04375 0.11875
2 0.7359375 0.471875 0.040625 0.13125
0 0.80703125 0.46041666666666664 0.0640625 0.084375
0 0.92734375 0.4510416666666667 0.1421875 0.14479166666666668
0 0.95234375 0.484375 0.0921875 0.13645833333333332
0 0.3703125 0.5 0.109375 0.08958333333333333
0 0.64296875 0.4479166666666667 0.0234375 0.029166666666666667
2 0.12578125 0.4875 0.0203125 0.03333333333333333
2 0.05234375 0.49895833333333334 0.0234375 0.06875
2 0.03125 0.49583333333333335 0.028125 0.08229166666666667
0 0.415625 0.4635416666666667 0.034375 0.029166666666666667
2 0.57265625 0.45416666666666666 0.0265625 0.053125
2 0.55859375 0.4552083333333333 0.0203125 0.046875