0 0.92578125 0.5083333333333333 0.1453125 0.27291666666666664
2 0.4078125 0.4583333333333333 0.028125 0.04479166666666667
2 0.45546875 0.45625 0.0265625 0.0375
2 0.53515625 0.5 0.0546875 0.203125
2 0.58203125 0.49166666666666664 0.0515625 0.196875
2 0.63203125 0.5020833333333333 0.0484375 0.18333333333333332
0 0.75078125 0.49895833333333334 0.1953125 0.134375
0 0.703125 0.44166666666666665 0.140625 0.06666666666666667
0 0.3109375 0.4625 0.065625 0.046875
0 0.13203125 0.440625 0.1015625 0.1
0 0.08359375 0.4822916666666667 0.1671875 0.11354166666666667
0 0.14609375 0.47604166666666664 0.0734375 0.06875