0 0.10078125 0.5989583333333334 0.1984375 0.196875
0 0.1984375 0.5375 0.13125 0.13645833333333332
0 0.3015625 0.5083333333333333 0.084375 0.08229166666666667
0 0.6296875 0.496875 0.08125 0.07604166666666666
0 0.69296875 0.559375 0.1171875 0.13125
0 0.78125 0.6020833333333333 0.1625 0.17916666666666667
0 0.8890625 0.7083333333333334 0.21875 0.36875
0 0.35546875 0.4552083333333333 0.0359375 0.03958333333333333
0 0.38828125 0.47291666666666665 0.0484375 0.051041666666666666
0 0.40546875 0.4625 0.0328125 0.046875
0 0.11484375 0.478125 0.0921875 0.06666666666666667
0 0.02890625 0.4875 0.0578125 0.053125
0 0.59140625 0.48541666666666666 0.0359375 0.053125
0 0.57265625 0.47708333333333336 0.0359375 0.046875
0 0.565625 0.46041666666666664 0.04375 0.046875
0 0.5015625 0.43333333333333335 0.01875 0.022916666666666665
2 0.42890625 0.44583333333333336 0.0140625 0.03125
2 0.45390625 0.44583333333333336 0.0109375 0.03958333333333333