2 0.6109375 0.4583333333333333 0.0125 0.029166666666666667
0 0.66953125 0.475 0.0265625 0.022916666666666665
0 0.63671875 0.47604166666666664 0.0296875 0.025
0 0.46171875 0.4583333333333333 0.0265625 0.025
0 0.446875 0.46041666666666664 0.025 0.022916666666666665
0 0.42421875 0.45625 0.0203125 0.025
0 0.39765625 0.453125 0.0296875 0.022916666666666665
0 0.35625 0.45729166666666665 0.03125 0.027083333333333334
0 0.31015625 0.4708333333333333 0.0734375 0.058333333333333334
0 0.22109375 0.45416666666666666 0.0671875 0.029166666666666667
0 0.16875 0.45 0.028125 0.025
0 0.13359375 0.453125 0.0578125 0.027083333333333334
0 0.040625 0.471875 0.078125 0.09583333333333334