2 0.8578125 0.5083333333333333 0.0625 0.19375
0 0.91796875 0.5083333333333333 0.0953125 0.15833333333333333
0 0.721875 0.47291666666666665 0.05 0.08541666666666667
0 0.6515625 0.49895833333333334 0.11875 0.12708333333333333
0 0.55625 0.4510416666666667 0.0375 0.03958333333333333
0 0.515625 0.45416666666666666 0.05 0.053125
0 0.428125 0.46041666666666664 0.06875 0.07083333333333333
0 0.38359375 0.46041666666666664 0.0328125 0.053125
0 0.34140625 0.46041666666666664 0.0578125 0.078125
0 0.3234375 0.471875 0.05625 0.06875
0 0.2765625 0.478125 0.053125 0.08958333333333333
0 0.196875 0.48125 0.134375 0.12708333333333333
2 0.46953125 0.4427083333333333 0.0109375 0.029166666666666667
0 0.60234375 0.4583333333333333 0.0484375 0.04479166666666667