0 0.35390625 0.4979166666666667 0.0484375 0.06666666666666667
0 0.27578125 0.4895833333333333 0.1171875 0.12291666666666666
0 0.47890625 0.509375 0.1734375 0.171875
0 0.37890625 0.484375 0.0234375 0.042708333333333334
2 0.84453125 0.4822916666666667 0.0328125 0.11666666666666667
2 0.875 0.44583333333333336 0.021875 0.06458333333333334
2 0.89921875 0.47291666666666665 0.0328125 0.12916666666666668
2 0.79296875 0.471875 0.0265625 0.07604166666666666
2 0.7734375 0.475 0.028125 0.078125
2 0.203125 0.4895833333333333 0.025 0.09583333333333334
2 0.03203125 0.48541666666666666 0.0328125 0.084375