2 0.1859375 0.5541666666666667 0.059375 0.16770833333333332
2 0.43984375 0.4552083333333333 0.0203125 0.051041666666666666
2 0.48828125 0.453125 0.0234375 0.0625
2 0.5296875 0.459375 0.034375 0.05416666666666667
0 0.8515625 0.6458333333333334 0.290625 0.24791666666666667
0 0.7203125 0.5645833333333333 0.15625 0.140625
0 0.6828125 0.5125 0.11875 0.11875
0 0.6140625 0.4739583333333333 0.078125 0.09166666666666666
0 0.3609375 0.471875 0.0375 0.053125
0 0.32734375 0.4864583333333333 0.0734375 0.06666666666666667
0 0.24296875 0.528125 0.0859375 0.115625
0 0.115625 0.471875 0.10625 0.071875
0 0.07734375 0.603125 0.1515625 0.28958333333333336
0 0.38359375 0.4625 0.0265625 0.046875
0 0.39140625 0.453125 0.0359375 0.05416666666666667
0 0.415625 0.4510416666666667 0.021875 0.035416666666666666