2 0.60859375 0.46145833333333336 0.0296875 0.11875
2 0.80390625 0.440625 0.0234375 0.115625
2 0.828125 0.4822916666666667 0.028125 0.17916666666666667
2 0.85390625 0.45729166666666665 0.0328125 0.203125
2 0.88359375 0.46041666666666664 0.0359375 0.20104166666666667
0 0.52109375 0.48125 0.0671875 0.1
0 0.4234375 0.4791666666666667 0.1625 0.18958333333333333
0 0.25859375 0.4822916666666667 0.0703125 0.07083333333333333
2 0.67890625 0.44895833333333335 0.0296875 0.078125
2 0.76171875 0.43020833333333336 0.0234375 0.053125
2 0.196875 0.46145833333333336 0.01875 0.05625
2 0.9375 0.45729166666666665 0.0375 0.21875
2 0.9234375 0.46041666666666664 0.034375 0.20104166666666667