2 0.4 0.47291666666666665 0.021875 0.07395833333333333
0 0.25546875 0.51875 0.0984375 0.09583333333333334
0 0.30546875 0.49583333333333335 0.0546875 0.06666666666666667
0 0.37421875 0.46875 0.0359375 0.05416666666666667
0 0.44765625 0.46458333333333335 0.0484375 0.051041666666666666
2 0.759375 0.4875 0.025 0.103125
1 0.78984375 0.534375 0.0265625 0.029166666666666667
0 0.86796875 0.7229166666666667 0.2609375 0.33958333333333335
0 0.978125 0.503125 0.040625 0.10729166666666666
0 0.465625 0.4395833333333333 0.025 0.027083333333333334
0 0.48984375 0.4395833333333333 0.0234375 0.03125
2 0.50234375 0.44895833333333335 0.0203125 0.046875
0 0.5328125 0.46458333333333335 0.028125 0.058333333333333334
0 0.540625 0.471875 0.021875 0.053125
0 0.55703125 0.47291666666666665 0.0359375 0.05416666666666667
0 0.565625 0.4791666666666667 0.03125 0.06875
0 0.609375 0.49270833333333336 0.10625 0.103125
0 0.33125 0.48541666666666666 0.046875 0.05625