0 0.0296875 0.49166666666666664 0.05625 0.11666666666666667
0 0.0390625 0.40729166666666666 0.071875 0.06875
2 0.0890625 0.5052083333333334 0.084375 0.2989583333333333
2 0.16171875 0.49166666666666664 0.0578125 0.203125
2 0.225 0.5072916666666667 0.065625 0.18541666666666667
2 0.38828125 0.459375 0.0265625 0.08541666666666667
2 0.95390625 0.496875 0.0296875 0.0875
2 0.9765625 0.4947916666666667 0.03125 0.084375
0 0.43984375 0.4635416666666667 0.0734375 0.06875
0 0.5 0.47291666666666665 0.03125 0.051041666666666666
2 0.33203125 0.4427083333333333 0.0203125 0.053125
2 0.3609375 0.44895833333333335 0.01875 0.042708333333333334
2 0.36875 0.46041666666666664 0.028125 0.06875
0 0.5453125 0.46145833333333336 0.034375 0.029166666666666667
2 0.84296875 0.4791666666666667 0.0203125 0.040625
2 0.87265625 0.49166666666666664 0.0203125 0.03333333333333333
2 0.61640625 0.46041666666666664 0.0140625 0.025
2 0.6359375 0.46041666666666664 0.0125 0.029166666666666667