0 0.07578125 0.49375 0.1484375 0.13333333333333333
0 0.37578125 0.484375 0.0703125 0.09791666666666667
0 0.54765625 0.47291666666666665 0.0703125 0.07083333333333333
0 0.6734375 0.44895833333333335 0.059375 0.042708333333333334
0 0.70546875 0.49375 0.0984375 0.07083333333333333
0 0.75078125 0.4635416666666667 0.0453125 0.053125
0 0.81171875 0.4979166666666667 0.1109375 0.11666666666666667
0 0.88125 0.534375 0.15625 0.15
0 0.9703125 0.534375 0.053125 0.20104166666666667
2 0.45234375 0.48125 0.0359375 0.1
2 0.4203125 0.49166666666666664 0.040625 0.11666666666666667
2 0.6484375 0.4739583333333333 0.01875 0.07604166666666666
2 0.62734375 0.4739583333333333 0.0203125 0.071875
0 0.2296875 0.5489583333333333 0.25625 0.23854166666666668
0 0.4984375 0.46145833333333336 0.025 0.025
0 0.47265625 0.46875 0.0265625 0.027083333333333334
0 0.61484375 0.4635416666666667 0.0296875 0.06458333333333334
0 0.59296875 0.465625 0.0203125 0.04479166666666667