2 0.27265625 0.4635416666666667 0.0265625 0.084375
2 0.12890625 0.4427083333333333 0.0296875 0.0375
2 0.98515625 0.47708333333333336 0.0296875 0.13125
2 0.83125 0.4510416666666667 0.01875 0.058333333333333334
2 0.3796875 0.46041666666666664 0.021875 0.06666666666666667
0 0.41640625 0.48854166666666665 0.0671875 0.06666666666666667
0 0.7234375 0.46979166666666666 0.121875 0.06041666666666667
0 0.446875 0.4708333333333333 0.040625 0.05416666666666667
0 0.46171875 0.46145833333333336 0.0265625 0.040625
0 0.47890625 0.45416666666666666 0.0234375 0.029166666666666667
2 0.9375 0.434375 0.021875 0.0375
2 0.921875 0.44479166666666664 0.01875 0.03333333333333333
2 0.903125 0.44583333333333336 0.01875 0.03333333333333333