2 0.2328125 0.5041666666666667 0.01875 0.11666666666666667
2 0.2984375 0.5 0.078125 0.15625
0 0.44921875 0.50625 0.0765625 0.0625
0 0.5015625 0.4979166666666667 0.034375 0.046875
0 0.56015625 0.5041666666666667 0.0265625 0.027083333333333334
0 0.59140625 0.503125 0.0328125 0.03333333333333333
0 0.61875 0.49895833333333334 0.028125 0.0375
0 0.64921875 0.49583333333333335 0.0234375 0.035416666666666666
0 0.678125 0.49375 0.028125 0.035416666666666666
0 0.70625 0.49895833333333334 0.03125 0.040625
0 0.7359375 0.5 0.028125 0.03958333333333333
0 0.7671875 0.4947916666666667 0.03125 0.04479166666666667
0 0.79765625 0.4979166666666667 0.0296875 0.051041666666666666
0 0.88828125 0.5270833333333333 0.1671875 0.13333333333333333
0 0.95703125 0.5041666666666667 0.0859375 0.09375