0 0.09765625 0.546875 0.1953125 0.18333333333333332
0 0.18984375 0.4479166666666667 0.0921875 0.06041666666666667
0 0.246875 0.5020833333333333 0.125 0.11666666666666667
0 0.375 0.4791666666666667 0.075 0.06041666666666667
0 0.41484375 0.47291666666666665 0.0265625 0.046875
0 0.6921875 0.50625 0.071875 0.08541666666666667
0 0.74921875 0.47291666666666665 0.0453125 0.06666666666666667
0 0.8125 0.46145833333333336 0.046875 0.04479166666666667
0 0.78828125 0.5541666666666667 0.1953125 0.165625
2 0.64453125 0.521875 0.0484375 0.13645833333333332
2 0.6109375 0.478125 0.01875 0.09791666666666667
2 0.58984375 0.48541666666666666 0.0296875 0.103125
2 0.384375 0.44166666666666665 0.021875 0.022916666666666665
0 0.43046875 0.46979166666666666 0.0234375 0.04479166666666667
0 0.4359375 0.4666666666666667 0.03125 0.051041666666666666
0 0.45390625 0.4583333333333333 0.0328125 0.040625
0 0.47890625 0.453125 0.0296875 0.03125
0 0.49296875 0.4510416666666667 0.0234375 0.027083333333333334