0 0.14765625 0.44375 0.0421875 0.035416666666666666
0 0.190625 0.4510416666666667 0.03125 0.03958333333333333
0 0.22890625 0.453125 0.0421875 0.035416666666666666
0 0.33984375 0.44375 0.1828125 0.05416666666666667
0 0.4421875 0.46458333333333335 0.021875 0.046875
0 0.503125 0.45625 0.065625 0.06458333333333334
0 0.59453125 0.47604166666666664 0.1046875 0.1
0 0.66171875 0.46770833333333334 0.0359375 0.06041666666666667
2 0.68984375 0.47604166666666664 0.0203125 0.05625
0 0.73203125 0.4739583333333333 0.0359375 0.06041666666666667
0 0.05234375 0.46458333333333335 0.1015625 0.09791666666666667