2 0.65078125 0.45208333333333334 0.0234375 0.071875
2 0.590625 0.46041666666666664 0.021875 0.07083333333333333
2 0.5765625 0.46458333333333335 0.01875 0.05416666666666667
2 0.55859375 0.4635416666666667 0.0203125 0.06458333333333334
0 0.38671875 0.471875 0.0296875 0.03333333333333333
0 0.2953125 0.478125 0.034375 0.051041666666666666
0 0.23984375 0.48125 0.0671875 0.05625
0 0.1359375 0.49166666666666664 0.10625 0.09583333333333334
0 0.034375 0.49895833333333334 0.06875 0.13854166666666667
0 0.328125 0.475 0.028125 0.035416666666666666
0 0.3375 0.46979166666666666 0.025 0.03333333333333333
2 0.54375 0.45208333333333334 0.01875 0.03333333333333333