2 0.64375 0.45625 0.04375 0.17395833333333333
0 0.5171875 0.44479166666666664 0.0375 0.0375
0 0.5015625 0.4375 0.015625 0.019791666666666666
0 0.49609375 0.42604166666666665 0.0109375 0.019791666666666666
0 0.45234375 0.4239583333333333 0.0109375 0.015625
0 0.4375 0.43125 0.0125 0.019791666666666666
0 0.41875 0.4395833333333333 0.0125 0.019791666666666666
0 0.40703125 0.4395833333333333 0.0140625 0.022916666666666665
0 0.39140625 0.4395833333333333 0.0203125 0.03125
0 0.36640625 0.44583333333333336 0.0296875 0.035416666666666666
0 0.3296875 0.446875 0.040625 0.051041666666666666
0 0.2734375 0.44583333333333336 0.08125 0.08541666666666667