0 0.93125 0.5364583333333334 0.134375 0.19375
2 0.975 0.41354166666666664 0.040625 0.053125
2 0.2140625 0.484375 0.040625 0.14479166666666668
2 0.3546875 0.490625 0.046875 0.15625
2 0.40546875 0.484375 0.0296875 0.15625
2 0.43125 0.4875 0.053125 0.15416666666666667
0 0.0390625 0.46458333333333335 0.075 0.0625
0 0.021875 0.4895833333333333 0.04375 0.053125
0 0.0171875 0.446875 0.03125 0.03125
2 0.89296875 0.46041666666666664 0.0421875 0.08958333333333333
2 0.9484375 0.4197916666666667 0.021875 0.03958333333333333
2 0.23046875 0.47708333333333336 0.0296875 0.14791666666666667