2 0.19609375 0.5114583333333333 0.0796875 0.265625
2 0.25625 0.44583333333333336 0.046875 0.13333333333333333
2 0.29609375 0.515625 0.0859375 0.25833333333333336
2 0.3921875 0.4895833333333333 0.034375 0.1
0 0.57578125 0.48541666666666666 0.0328125 0.0375
2 0.44921875 0.4822916666666667 0.0328125 0.08541666666666667
0 0.6 0.4864583333333333 0.01875 0.022916666666666665
0 0.6625 0.49166666666666664 0.075 0.084375
0 0.71484375 0.51875 0.1171875 0.103125
2 0.478125 0.48541666666666666 0.025 0.084375
2 0.50546875 0.49166666666666664 0.0265625 0.09375
2 0.525 0.4822916666666667 0.01875 0.051041666666666666
2 0.4203125 0.48854166666666665 0.021875 0.058333333333333334
2 0.3578125 0.4947916666666667 0.034375 0.09166666666666666