0 0.8671875 0.425 0.159375 0.10729166666666666
0 0.971875 0.41458333333333336 0.05625 0.0625
2 0.9609375 0.43645833333333334 0.034375 0.115625
2 0.90703125 0.45 0.0578125 0.103125
2 0.8234375 0.446875 0.05 0.09791666666666667
2 0.7921875 0.434375 0.028125 0.07604166666666666
0 0.11796875 0.425 0.0734375 0.084375
2 0.63984375 0.43333333333333335 0.0265625 0.10208333333333333
2 0.7171875 0.4395833333333333 0.028125 0.109375
2 0.5984375 0.42916666666666664 0.025 0.07395833333333333
2 0.58046875 0.42604166666666665 0.0296875 0.08229166666666667
2 0.51328125 0.43645833333333334 0.0265625 0.06458333333333334
2 0.478125 0.425 0.028125 0.0875
2 0.69453125 0.43125 0.0265625 0.046875
2 0.76171875 0.43125 0.0265625 0.042708333333333334
2 0.7359375 0.4239583333333333 0.025 0.03958333333333333
2 0.659375 0.42916666666666664 0.028125 0.03958333333333333
2 0.55 0.425 0.025 0.040625