0 0.07109375 0.5375 0.1390625 0.28958333333333336
0 0.165625 0.5354166666666667 0.13125 0.17604166666666668
0 0.196875 0.496875 0.203125 0.19375
2 0.3203125 0.5135416666666667 0.03125 0.171875
0 0.35703125 0.5177083333333333 0.0515625 0.12083333333333333
0 0.41796875 0.49895833333333334 0.0828125 0.071875
0 0.3640625 0.44895833333333335 0.0625 0.035416666666666666
0 0.521875 0.490625 0.109375 0.16458333333333333
2 0.59765625 0.46770833333333334 0.0484375 0.134375
2 0.63984375 0.484375 0.0296875 0.09791666666666667
0 0.8796875 0.496875 0.240625 0.225
0 0.85390625 0.43854166666666666 0.1046875 0.03333333333333333
0 0.97890625 0.5447916666666667 0.0421875 0.19895833333333332
0 0.7640625 0.5135416666666667 0.034375 0.06666666666666667
0 0.74921875 0.49166666666666664 0.1140625 0.11875
0 0.690625 0.4875 0.05625 0.084375