0 0.94921875 0.5385416666666667 0.0984375 0.13854166666666667
2 0.8546875 0.5802083333333333 0.075 0.34375
2 0.80859375 0.5583333333333333 0.0859375 0.32083333333333336
2 0.71328125 0.5875 0.1078125 0.515625
2 0.63359375 0.5791666666666667 0.1078125 0.4510416666666667
2 0.5609375 0.4947916666666667 0.028125 0.09583333333333334
2 0.53125 0.5 0.034375 0.08541666666666667
0 0.47578125 0.459375 0.0171875 0.019791666666666666
0 0.4296875 0.4635416666666667 0.01875 0.03333333333333333
0 0.396875 0.46979166666666666 0.059375 0.05625
2 0.3234375 0.453125 0.01875 0.03958333333333333
2 0.2828125 0.4875 0.034375 0.09166666666666666
2 0.25390625 0.48125 0.0328125 0.09166666666666666