0 0.1109375 0.584375 0.14375 0.12083333333333333
0 0.2140625 0.5541666666666667 0.084375 0.07604166666666666
0 0.25234375 0.5364583333333334 0.0609375 0.07604166666666666
0 0.2984375 0.5239583333333333 0.05625 0.06458333333333334
0 0.55 0.5635416666666667 0.090625 0.103125
0 0.57265625 0.5979166666666667 0.1265625 0.12916666666666668
2 0.771875 0.6072916666666667 0.065625 0.17604166666666668
1 0.8671875 0.678125 0.04375 0.06666666666666667
0 0.090625 0.5333333333333333 0.071875 0.07083333333333333
0 0.475 0.5291666666666667 0.040625 0.03958333333333333
0 0.49375 0.546875 0.034375 0.0625
2 0.37265625 0.5104166666666666 0.0171875 0.0375