0 0.88828125 0.53125 0.2203125 0.21458333333333332
0 0.7890625 0.49583333333333335 0.178125 0.171875
0 0.71484375 0.5072916666666667 0.0828125 0.09166666666666666
2 0.6453125 0.4552083333333333 0.034375 0.07395833333333333
0 0.609375 0.48541666666666666 0.0375 0.06458333333333334
0 0.58828125 0.4708333333333333 0.0328125 0.05416666666666667
0 0.44296875 0.5083333333333333 0.2046875 0.24166666666666667
0 0.33671875 0.48541666666666666 0.0421875 0.071875
0 0.2734375 0.478125 0.084375 0.09375
0 0.121875 0.5229166666666667 0.159375 0.11666666666666667
0 0.11796875 0.44895833333333335 0.0734375 0.035416666666666666