0 0.02734375 0.496875 0.0515625 0.165625
0 0.26015625 0.48020833333333335 0.0828125 0.07395833333333333
0 0.328125 0.46979166666666666 0.0875 0.06875
0 0.49765625 0.4739583333333333 0.1015625 0.06458333333333334
0 0.56015625 0.47708333333333336 0.0953125 0.06875
0 0.6875 0.46458333333333335 0.1875 0.09375
0 0.84140625 0.46041666666666664 0.0703125 0.0875
0 0.928125 0.46145833333333336 0.05625 0.0875
2 0.1796875 0.5520833333333334 0.028125 0.071875
2 0.1453125 0.509375 0.034375 0.14791666666666667
2 0.19765625 0.503125 0.0359375 0.15833333333333333
0 0.065625 0.471875 0.059375 0.071875