0 0.11015625 0.5552083333333333 0.2109375 0.18125
0 0.2421875 0.5322916666666667 0.08125 0.10729166666666666
0 0.2859375 0.5125 0.06875 0.09166666666666666
0 0.31953125 0.5 0.0546875 0.0625
0 0.3484375 0.47708333333333336 0.065625 0.08229166666666667
2 0.4546875 0.5083333333333333 0.040625 0.13333333333333333
2 0.54140625 0.5041666666666667 0.0484375 0.140625
0 0.85 0.665625 0.296875 0.27291666666666664
0 0.75703125 0.53125 0.1984375 0.203125
0 0.66484375 0.5135416666666667 0.1015625 0.13333333333333333
2 0.4046875 0.46979166666666666 0.01875 0.06458333333333334
0 0.21953125 0.4552083333333333 0.0546875 0.035416666666666666
0 0.38828125 0.465625 0.0296875 0.04479166666666667
0 0.41640625 0.45625 0.0203125 0.029166666666666667
0 0.47109375 0.4427083333333333 0.0265625 0.029166666666666667
0 0.59921875 0.5010416666666667 0.0484375 0.09583333333333334