2 0.85234375 0.5010416666666667 0.0234375 0.09166666666666666
2 0.82734375 0.4875 0.0234375 0.11875
2 0.81015625 0.48854166666666665 0.0234375 0.109375
2 0.7796875 0.49166666666666664 0.028125 0.10520833333333333
2 0.75703125 0.5020833333333333 0.0234375 0.08541666666666667
2 0.68359375 0.48854166666666665 0.0203125 0.05416666666666667
2 0.6609375 0.4822916666666667 0.021875 0.07395833333333333
2 0.63984375 0.49270833333333336 0.0203125 0.06458333333333334
2 0.61875 0.48854166666666665 0.01875 0.05416666666666667
2 0.6078125 0.4822916666666667 0.0125 0.03958333333333333
2 0.6 0.48125 0.009375 0.025
2 0.5890625 0.46875 0.009375 0.027083333333333334
0 0.50234375 0.5333333333333333 0.2046875 0.19895833333333332