2 0.98359375 0.49895833333333334 0.0265625 0.1625
2 0.95703125 0.4947916666666667 0.0265625 0.165625
2 0.92890625 0.5 0.0421875 0.17604166666666668
2 0.8875 0.48541666666666666 0.03125 0.12708333333333333
2 0.8640625 0.4895833333333333 0.025 0.12291666666666666
2 0.83984375 0.4895833333333333 0.0265625 0.11875
2 0.80859375 0.48854166666666665 0.0390625 0.11354166666666667
2 0.76875 0.49375 0.025 0.09791666666666667
2 0.7484375 0.49166666666666664 0.01875 0.084375
2 0.734375 0.490625 0.01875 0.07395833333333333
2 0.71640625 0.49375 0.0234375 0.07395833333333333
2 0.65546875 0.5083333333333333 0.0203125 0.03958333333333333
2 0.60859375 0.5041666666666667 0.0390625 0.10520833333333333
0 0.4734375 0.5375 0.04375 0.03125
2 0.1484375 0.521875 0.021875 0.07395833333333333
2 0.128125 0.5208333333333334 0.021875 0.06875
2 0.015625 0.51875 0.025 0.09166666666666666