2 0.36484375 0.5125 0.0453125 0.15416666666666667
2 0.33125 0.48333333333333334 0.021875 0.071875
0 0.63984375 0.4895833333333333 0.0828125 0.071875
0 0.54375 0.46770833333333334 0.03125 0.029166666666666667
0 0.4765625 0.46875 0.040625 0.027083333333333334
0 0.83515625 0.465625 0.0609375 0.04479166666666667
0 0.9078125 0.4708333333333333 0.05 0.05416666666666667
0 0.959375 0.471875 0.071875 0.06458333333333334
2 0.765625 0.4708333333333333 0.015625 0.05416666666666667
2 0.73984375 0.46979166666666666 0.0203125 0.05625
2 0.7234375 0.4583333333333333 0.01875 0.04479166666666667
2 0.7109375 0.46041666666666664 0.01875 0.053125
2 0.69921875 0.4625 0.0171875 0.051041666666666666
0 0.6015625 0.4708333333333333 0.021875 0.027083333333333334
0 0.571875 0.46145833333333336 0.021875 0.025
2 0.4046875 0.4708333333333333 0.015625 0.042708333333333334