0 0.1125 0.5916666666666667 0.221875 0.42916666666666664
2 0.271875 0.4427083333333333 0.0125 0.04479166666666667
0 0.3375 0.509375 0.15 0.16458333333333333
0 0.56328125 0.45208333333333334 0.0390625 0.0375
0 0.59296875 0.42083333333333334 0.0234375 0.025
0 0.60625 0.4239583333333333 0.021875 0.027083333333333334
0 0.6078125 0.4427083333333333 0.025 0.029166666666666667
0 0.6265625 0.425 0.021875 0.029166666666666667
0 0.678125 0.4875 0.084375 0.0875
0 0.934375 0.5302083333333333 0.13125 0.209375
2 0.775 0.459375 0.01875 0.05416666666666667