2 0.41875 0.5364583333333334 0.053125 0.15833333333333333
2 0.56875 0.528125 0.05625 0.18125
2 0.67578125 0.47708333333333336 0.0296875 0.06458333333333334
2 0.74609375 0.4635416666666667 0.0203125 0.06041666666666667
2 0.7265625 0.4666666666666667 0.01875 0.0625
2 0.71015625 0.4583333333333333 0.0203125 0.040625
0 0.2625 0.5760416666666667 0.196875 0.16041666666666668
0 0.09296875 0.75625 0.1828125 0.31666666666666665
0 0.8125 0.5458333333333333 0.121875 0.13125
0 0.909375 0.5958333333333333 0.171875 0.18333333333333332
0 0.9609375 0.646875 0.078125 0.21875
0 0.6453125 0.46875 0.040625 0.046875
0 0.02890625 0.49166666666666664 0.0546875 0.09375
0 0.0828125 0.4791666666666667 0.084375 0.06041666666666667
0 0.46015625 0.47604166666666664 0.0515625 0.053125
0 0.47890625 0.46458333333333335 0.0359375 0.051041666666666666
0 0.54296875 0.46041666666666664 0.0296875 0.03333333333333333
0 0.615625 0.459375 0.025 0.042708333333333334