2 0.1484375 0.471875 0.028125 0.071875
2 0.1203125 0.4708333333333333 0.025 0.07395833333333333
2 0.328125 0.45416666666666666 0.01875 0.04479166666666667
0 0.9125 0.6572916666666667 0.16875 0.290625
0 0.78671875 0.571875 0.1609375 0.15208333333333332
0 0.70703125 0.5416666666666666 0.0984375 0.115625
0 0.54765625 0.4510416666666667 0.0359375 0.03958333333333333
0 0.4515625 0.44479166666666664 0.034375 0.0375
2 0.6140625 0.4552083333333333 0.01875 0.042708333333333334
2 0.64296875 0.46875 0.0203125 0.058333333333333334
2 0.9484375 0.4875 0.03125 0.053125
2 0.75859375 0.459375 0.0265625 0.03125