0 0.96015625 0.5541666666666667 0.0734375 0.178125
0 0.86953125 0.534375 0.1765625 0.13854166666666667
0 0.728125 0.5041666666666667 0.10625 0.08541666666666667
0 0.66015625 0.484375 0.0515625 0.07083333333333333
0 0.4515625 0.46041666666666664 0.034375 0.035416666666666666
0 0.5515625 0.46145833333333336 0.028125 0.0375
0 0.3765625 0.490625 0.053125 0.06666666666666667
0 0.32421875 0.525 0.1328125 0.12916666666666668
0 0.196875 0.490625 0.06875 0.07395833333333333
0 0.1234375 0.5020833333333333 0.128125 0.10520833333333333
2 0.3046875 0.45208333333333334 0.025 0.029166666666666667
0 0.634375 0.48020833333333335 0.03125 0.0625
0 0.6125 0.47291666666666665 0.05625 0.0625
0 0.57578125 0.471875 0.0203125 0.04479166666666667
0 0.53125 0.46145833333333336 0.01875 0.029166666666666667
0 0.5140625 0.459375 0.021875 0.03125