0 0.16875 0.471875 0.0875 0.053125
0 0.0953125 0.46458333333333335 0.071875 0.042708333333333334
0 0.5390625 0.4791666666666667 0.096875 0.06041666666666667
0 0.76015625 0.5177083333333333 0.1859375 0.125
0 0.925 0.5333333333333333 0.146875 0.140625
2 0.3453125 0.4708333333333333 0.021875 0.07083333333333333
2 0.29765625 0.4635416666666667 0.0265625 0.06875
2 0.26796875 0.46458333333333335 0.0265625 0.0625
2 0.59375 0.490625 0.021875 0.08958333333333333
2 0.61484375 0.48854166666666665 0.0328125 0.09791666666666667
2 0.64140625 0.4822916666666667 0.0265625 0.09375
2 0.66171875 0.48333333333333334 0.0234375 0.1
2 0.690625 0.45729166666666665 0.01875 0.042708333333333334
2 0.71015625 0.45416666666666666 0.0265625 0.040625
2 0.96015625 0.4510416666666667 0.0234375 0.03958333333333333
2 0.0515625 0.45729166666666665 0.01875 0.051041666666666666
2 0.040625 0.45729166666666665 0.01875 0.046875
2 0.13125 0.44583333333333336 0.01875 0.029166666666666667