2 0.59453125 0.42604166666666665 0.0265625 0.078125
2 0.44453125 0.44166666666666665 0.0234375 0.08958333333333333
2 0.41875 0.440625 0.03125 0.0875
0 0.35625 0.4479166666666667 0.090625 0.10729166666666666
0 0.57265625 0.4239583333333333 0.0296875 0.046875
0 0.64375 0.4375 0.06875 0.06666666666666667
0 0.8859375 0.42604166666666665 0.059375 0.06666666666666667
0 0.8046875 0.43020833333333336 0.0625 0.06041666666666667
0 0.93984375 0.421875 0.0953125 0.08541666666666667
0 0.8984375 0.4 0.109375 0.08229166666666667
0 0.7390625 0.446875 0.121875 0.10520833333333333
0 0.54765625 0.425 0.0234375 0.0375
0 0.53984375 0.4166666666666667 0.0296875 0.0375