0 0.93984375 0.5458333333333333 0.1203125 0.21666666666666667
0 0.7828125 0.5 0.15625 0.11666666666666667
0 0.7 0.4947916666666667 0.053125 0.07604166666666666
0 0.63984375 0.4708333333333333 0.0703125 0.0625
0 0.58046875 0.46041666666666664 0.0328125 0.035416666666666666
0 0.35859375 0.5072916666666667 0.0984375 0.103125
2 0.4453125 0.46770833333333334 0.021875 0.071875
2 0.4640625 0.4635416666666667 0.01875 0.06875
2 0.54375 0.45729166666666665 0.01875 0.03958333333333333
0 0.421875 0.4625 0.025 0.042708333333333334
0 0.40078125 0.47291666666666665 0.0515625 0.0625
0 0.48671875 0.459375 0.0328125 0.035416666666666666
0 0.29765625 0.45625 0.0609375 0.0375
2 0.53203125 0.45729166666666665 0.0140625 0.042708333333333334
2 0.5203125 0.45625 0.0125 0.040625
0 0.22890625 0.4947916666666667 0.0484375 0.07604166666666666
0 0.60078125 0.46979166666666666 0.0234375 0.04479166666666667