2 0.04453125 0.5197916666666667 0.0234375 0.09375
2 0.07265625 0.5197916666666667 0.0296875 0.09791666666666667
2 0.77421875 0.5291666666666667 0.0359375 0.08958333333333333
0 0.4421875 0.4822916666666667 0.046875 0.042708333333333334
0 0.4921875 0.509375 0.05 0.06666666666666667
0 0.45625 0.528125 0.075 0.071875
0 0.6140625 0.46979166666666666 0.021875 0.025
2 0.5546875 0.4708333333333333 0.015625 0.035416666666666666
2 0.0265625 0.5041666666666667 0.0375 0.09791666666666667
2 0.98671875 0.5 0.0203125 0.078125
2 0.97421875 0.4979166666666667 0.0203125 0.078125