2 0.95703125 0.6677083333333333 0.0796875 0.28958333333333336
0 0.91328125 0.6416666666666667 0.1734375 0.225
0 0.746875 0.5333333333333333 0.146875 0.11354166666666667
0 0.64375 0.4947916666666667 0.075 0.071875
0 0.61875 0.471875 0.065625 0.05625
0 0.49609375 0.46041666666666664 0.0421875 0.0375
0 0.43203125 0.49583333333333335 0.0984375 0.11666666666666667
0 0.31875 0.503125 0.11875 0.09583333333333334
0 0.16875 0.5666666666666667 0.259375 0.23854166666666668
0 0.06015625 0.7364583333333333 0.1171875 0.28541666666666665
0 0.54453125 0.45416666666666666 0.0328125 0.029166666666666667
0 0.2453125 0.46458333333333335 0.071875 0.058333333333333334
0 0.36640625 0.4875 0.0328125 0.06875
0 0.0390625 0.48125 0.071875 0.09166666666666666
0 0.1796875 0.4427083333333333 0.065625 0.0375