0 0.7109375 0.5395833333333333 0.23125 0.17395833333333333
0 0.59765625 0.5072916666666667 0.0953125 0.12291666666666666
0 0.459375 0.5125 0.13125 0.13125
0 0.403125 0.47291666666666665 0.015625 0.027083333333333334
0 0.359375 0.4822916666666667 0.025 0.022916666666666665
0 0.284375 0.4875 0.03125 0.053125
0 0.25859375 0.490625 0.0265625 0.05416666666666667
2 0.21953125 0.49166666666666664 0.0203125 0.071875
2 0.19296875 0.5114583333333333 0.0265625 0.07083333333333333
2 0.1078125 0.5052083333333334 0.034375 0.08020833333333334
0 0.1515625 0.4947916666666667 0.05 0.103125