0 0.18828125 0.4552083333333333 0.0609375 0.08229166666666667
0 0.0953125 0.44583333333333336 0.1 0.134375
2 0.04453125 0.5666666666666667 0.0859375 0.36354166666666665
2 0.3453125 0.46041666666666664 0.028125 0.071875
2 0.36875 0.46145833333333336 0.0375 0.09583333333333334
2 0.39921875 0.4708333333333333 0.0328125 0.078125
2 0.92578125 0.465625 0.0234375 0.03333333333333333
2 0.909375 0.46875 0.025 0.03125
2 0.871875 0.4875 0.021875 0.03333333333333333
0 0.27265625 0.459375 0.0359375 0.05416666666666667
0 0.5453125 0.46041666666666664 0.040625 0.022916666666666665
2 0.5875 0.46041666666666664 0.009375 0.029166666666666667
2 0.59140625 0.46041666666666664 0.0109375 0.025