0 0.38828125 0.484375 0.0703125 0.0625
2 0.08203125 0.49166666666666664 0.0203125 0.06875
2 0.634375 0.4510416666666667 0.01875 0.051041666666666666
2 0.60390625 0.4625 0.0203125 0.058333333333333334
2 0.671875 0.4666666666666667 0.025 0.11354166666666667
2 0.715625 0.46875 0.04375 0.11666666666666667
0 0.80546875 0.465625 0.0515625 0.06458333333333334
0 0.92734375 0.44166666666666665 0.1421875 0.12083333333333333
0 0.9515625 0.49375 0.0875 0.10208333333333333
2 0.1265625 0.4864583333333333 0.021875 0.03958333333333333
0 0.4140625 0.46041666666666664 0.021875 0.027083333333333334
0 0.6484375 0.44895833333333335 0.021875 0.027083333333333334