2 0.07265625 0.4739583333333333 0.0203125 0.06875
2 0.64296875 0.45729166666666665 0.0296875 0.08958333333333333
2 0.6703125 0.46145833333333336 0.03125 0.08020833333333334
2 0.70234375 0.45208333333333334 0.0234375 0.06041666666666667
0 0.87890625 0.534375 0.1796875 0.178125
0 0.95859375 0.5947916666666667 0.0796875 0.146875
0 0.51484375 0.4979166666666667 0.0859375 0.08541666666666667
0 0.48125 0.4875 0.059375 0.07604166666666666
0 0.43671875 0.4875 0.0609375 0.06875
2 0.23046875 0.46458333333333335 0.0109375 0.03125
2 0.73671875 0.509375 0.0890625 0.19166666666666668
0 0.6765625 0.5510416666666667 0.04375 0.09791666666666667
2 0.5671875 0.49270833333333336 0.05625 0.165625
2 0.38125 0.453125 0.01875 0.05416666666666667
2 0.33671875 0.45625 0.0203125 0.04479166666666667
2 0.29140625 0.46041666666666664 0.0140625 0.029166666666666667
0 0.26015625 0.4635416666666667 0.0140625 0.017708333333333333
0 0.24375 0.46875 0.0125 0.019791666666666666
0 0.2125 0.46979166666666666 0.028125 0.021875
2 0.1875 0.459375 0.009375 0.035416666666666666
2 0.1796875 0.45416666666666666 0.009375 0.029166666666666667
2 0.15390625 0.45729166666666665 0.0140625 0.051041666666666666
2 0.13125 0.46041666666666664 0.0125 0.029166666666666667