0 0.44921875 0.465625 0.0796875 0.0875
0 0.5 0.46041666666666664 0.034375 0.05416666666666667
0 0.7921875 0.484375 0.071875 0.06666666666666667
0 0.746875 0.478125 0.040625 0.051041666666666666
0 0.72421875 0.47291666666666665 0.0390625 0.05416666666666667
0 0.65234375 0.46979166666666666 0.0484375 0.040625
0 0.878125 0.46041666666666664 0.028125 0.042708333333333334
0 0.83359375 0.4635416666666667 0.0234375 0.0375
0 0.68359375 0.471875 0.0234375 0.0375
0 0.90234375 0.46041666666666664 0.0203125 0.0375
0 0.91953125 0.46041666666666664 0.0203125 0.04479166666666667
0 0.93828125 0.46458333333333335 0.0265625 0.051041666666666666
0 0.9765625 0.46145833333333336 0.046875 0.04479166666666667
0 0.621875 0.46041666666666664 0.015625 0.022916666666666665
0 0.6109375 0.459375 0.0125 0.019791666666666666
2 0.5578125 0.4791666666666667 0.05625 0.13854166666666667