2 0.709375 0.44479166666666664 0.03125 0.06458333333333334
2 0.24609375 0.47604166666666664 0.0328125 0.084375
0 0.865625 0.4739583333333333 0.1 0.0875
0 0.775 0.5020833333333333 0.171875 0.14791666666666667
0 0.6453125 0.478125 0.09375 0.078125
0 0.61484375 0.4635416666666667 0.0609375 0.06458333333333334
0 0.58359375 0.4552083333333333 0.0421875 0.05416666666666667
0 0.38984375 0.46145833333333336 0.0515625 0.053125
0 0.30859375 0.46041666666666664 0.0421875 0.046875
0 0.28984375 0.46875 0.0546875 0.0625
0 0.0921875 0.5239583333333333 0.178125 0.134375
0 0.5578125 0.4552083333333333 0.021875 0.03958333333333333
0 0.5203125 0.44583333333333336 0.025 0.035416666666666666
0 0.440625 0.446875 0.021875 0.022916666666666665
0 0.3578125 0.45729166666666665 0.025 0.03958333333333333
0 0.54609375 0.4552083333333333 0.0203125 0.03125