0 0.7046875 0.5135416666666667 0.09375 0.09791666666666667
2 0.76953125 0.43854166666666666 0.0265625 0.04479166666666667
2 0.7421875 0.4375 0.021875 0.046875
0 0.51015625 0.48125 0.0734375 0.071875
0 0.1734375 0.4583333333333333 0.103125 0.09583333333333334
0 0.23359375 0.503125 0.1296875 0.11875
0 0.259375 0.440625 0.04375 0.06458333333333334
2 0.128125 0.4510416666666667 0.03125 0.08229166666666667
2 0.09609375 0.4510416666666667 0.0296875 0.08541666666666667
0 0.9171875 0.48125 0.078125 0.084375
0 0.8296875 0.46458333333333335 0.059375 0.058333333333333334
2 0.9875 0.503125 0.021875 0.09583333333333334
0 0.48046875 0.45729166666666665 0.0515625 0.0625
0 0.45 0.453125 0.025 0.03125
0 0.29921875 0.4395833333333333 0.0328125 0.046875
0 0.32578125 0.4395833333333333 0.0234375 0.035416666666666666
0 0.809375 0.49270833333333336 0.1125 0.053125