0 0.70390625 0.50625 0.1046875 0.09791666666666667
0 0.53203125 0.5239583333333333 0.2015625 0.19375
2 0.096875 0.5177083333333333 0.04375 0.11354166666666667
2 0.90625 0.4791666666666667 0.01875 0.084375
2 0.92421875 0.4822916666666667 0.0203125 0.08229166666666667
2 0.86015625 0.47708333333333336 0.0265625 0.06666666666666667
2 0.2828125 0.4895833333333333 0.021875 0.103125
2 0.1953125 0.465625 0.025 0.04895833333333333
2 0.22578125 0.48125 0.0203125 0.07604166666666666
2 0.95234375 0.465625 0.0203125 0.0375
2 0.84375 0.471875 0.015625 0.053125