2 0.07109375 0.6166666666666667 0.1359375 0.27708333333333335
2 0.17421875 0.478125 0.0546875 0.12916666666666668
0 0.25078125 0.4666666666666667 0.0921875 0.058333333333333334
0 0.54375 0.4708333333333333 0.034375 0.051041666666666666
0 0.57890625 0.48020833333333335 0.0671875 0.07083333333333333
2 0.7203125 0.45625 0.021875 0.07604166666666666
2 0.77578125 0.46145833333333336 0.0328125 0.07604166666666666
2 0.85390625 0.44375 0.0296875 0.03958333333333333
2 0.9859375 0.446875 0.025 0.03958333333333333
2 0.05 0.42916666666666664 0.021875 0.042708333333333334
2 0.06328125 0.43645833333333334 0.0203125 0.025
2 0.0796875 0.43645833333333334 0.01875 0.029166666666666667