0 0.6953125 0.46875 0.1 0.10208333333333333
0 0.33046875 0.46458333333333335 0.0734375 0.07083333333333333
0 0.36953125 0.459375 0.0328125 0.06666666666666667
0 0.94609375 0.5177083333333333 0.1046875 0.109375
0 0.534375 0.4583333333333333 0.06875 0.06875
2 0.63671875 0.4583333333333333 0.0484375 0.12708333333333333
2 0.01484375 0.42916666666666664 0.0234375 0.10729166666666666
2 0.0328125 0.43854166666666666 0.053125 0.13125
0 0.59296875 0.465625 0.0453125 0.06458333333333334
0 0.39296875 0.46041666666666664 0.0234375 0.04479166666666667
2 0.28125 0.45416666666666666 0.025 0.071875