2 0.56875 0.48020833333333335 0.053125 0.16770833333333332
2 0.6125 0.4635416666666667 0.034375 0.13854166666666667
2 0.65234375 0.4822916666666667 0.0484375 0.19583333333333333
2 0.81953125 0.528125 0.1234375 0.4552083333333333
2 0.91328125 0.528125 0.0984375 0.38125
2 0.97109375 0.5708333333333333 0.0546875 0.5604166666666667
0 0.47578125 0.4708333333333333 0.0578125 0.08229166666666667
0 0.3453125 0.5708333333333333 0.334375 0.31875
0 0.015625 0.5395833333333333 0.028125 0.12708333333333333
0 0.07578125 0.4875 0.1515625 0.2125
0 0.1609375 0.49166666666666664 0.0375 0.078125
0 0.18359375 0.46770833333333334 0.1390625 0.134375
0 0.24765625 0.4197916666666667 0.0578125 0.042708333333333334