2 0.08359375 0.5104166666666666 0.0484375 0.13125
2 0.13984375 0.5229166666666667 0.0203125 0.035416666666666666
2 0.2796875 0.478125 0.059375 0.171875
0 0.403125 0.44479166666666664 0.053125 0.053125
0 0.44140625 0.4239583333333333 0.0328125 0.051041666666666666
0 0.46484375 0.42604166666666665 0.0203125 0.035416666666666666
0 0.484375 0.4239583333333333 0.01875 0.027083333333333334
0 0.54140625 0.4270833333333333 0.0234375 0.029166666666666667
0 0.590625 0.42604166666666665 0.040625 0.03958333333333333
2 0.6234375 0.440625 0.021875 0.084375
2 0.6421875 0.44583333333333336 0.025 0.10208333333333333
0 0.68203125 0.45625 0.0546875 0.09166666666666666
0 0.9625 0.5145833333333333 0.075 0.134375