2 0.9515625 0.490625 0.046875 0.12916666666666668
2 0.8984375 0.49583333333333335 0.0375 0.12083333333333333
2 0.8578125 0.465625 0.028125 0.10729166666666666
2 0.0515625 0.471875 0.021875 0.06041666666666667
2 0.06953125 0.46458333333333335 0.0265625 0.058333333333333334
2 0.528125 0.46875 0.021875 0.05416666666666667
0 0.38046875 0.47604166666666664 0.0296875 0.0375
0 0.4109375 0.471875 0.025 0.03333333333333333
0 0.446875 0.478125 0.046875 0.058333333333333334
2 0.15078125 0.47291666666666665 0.0234375 0.046875
2 0.16328125 0.47708333333333336 0.0203125 0.05416666666666667
2 0.0203125 0.46875 0.021875 0.07395833333333333