2 0.6203125 0.47291666666666665 0.025 0.06666666666666667
0 0.85859375 0.5114583333333333 0.1359375 0.10520833333333333
0 0.7765625 0.5854166666666667 0.209375 0.178125
0 0.6703125 0.48125 0.06875 0.084375
0 0.18203125 0.5635416666666667 0.1578125 0.146875
0 0.24140625 0.5239583333333333 0.0765625 0.103125
0 0.5828125 0.5 0.0875 0.08541666666666667
0 0.525 0.4708333333333333 0.053125 0.05416666666666667
0 0.78359375 0.4791666666666667 0.0859375 0.053125
0 0.29453125 0.484375 0.0453125 0.078125
0 0.3359375 0.47604166666666664 0.025 0.04479166666666667
0 0.371875 0.4510416666666667 0.028125 0.027083333333333334