2 0.77734375 0.48020833333333335 0.0421875 0.14479166666666668
2 0.9296875 0.475 0.040625 0.13645833333333332
0 0.03515625 0.4895833333333333 0.0703125 0.18125
0 0.12734375 0.478125 0.1515625 0.14791666666666667
0 0.240625 0.48333333333333334 0.090625 0.0875
0 0.303125 0.475 0.090625 0.0625
0 0.39453125 0.47604166666666664 0.0515625 0.07604166666666666
0 0.46328125 0.4791666666666667 0.1296875 0.15
0 0.53046875 0.46770833333333334 0.0546875 0.09166666666666666
2 0.69296875 0.44479166666666664 0.0203125 0.025
2 0.6796875 0.44583333333333336 0.01875 0.027083333333333334
2 0.66875 0.44479166666666664 0.021875 0.029166666666666667