2 0.69375 0.4895833333333333 0.04375 0.13125
2 0.73046875 0.48854166666666665 0.0265625 0.12916666666666668
2 0.746875 0.4708333333333333 0.025 0.125
2 0.7765625 0.47604166666666664 0.0375 0.13125
2 0.9046875 0.46979166666666666 0.040625 0.15
2 0.825 0.475 0.04375 0.13645833333333332
2 0.8671875 0.4979166666666667 0.046875 0.19583333333333333
0 0.41796875 0.4666666666666667 0.0265625 0.035416666666666666
0 0.359375 0.4708333333333333 0.034375 0.035416666666666666
0 0.25234375 0.478125 0.0546875 0.08229166666666667
0 0.290625 0.47708333333333336 0.028125 0.071875
0 0.18828125 0.48541666666666666 0.0984375 0.09583333333333334
2 0.52265625 0.459375 0.0203125 0.051041666666666666
2 0.55625 0.46145833333333336 0.01875 0.053125