0 0.09765625 0.6447916666666667 0.1953125 0.23854166666666668
2 0.153125 0.5052083333333334 0.0375 0.103125
0 0.3265625 0.4947916666666667 0.10625 0.103125
0 0.63046875 0.496875 0.0578125 0.053125
0 0.671875 0.5208333333333334 0.0625 0.09583333333333334
0 0.7546875 0.5427083333333333 0.165625 0.14791666666666667
0 0.81796875 0.6020833333333333 0.1734375 0.16458333333333333
0 0.91171875 0.6697916666666667 0.1671875 0.36354166666666665
0 0.59609375 0.478125 0.0328125 0.046875
0 0.5796875 0.4739583333333333 0.025 0.040625
0 0.5671875 0.4666666666666667 0.025 0.035416666666666666
0 0.55703125 0.459375 0.0234375 0.027083333333333334
0 0.071875 0.48854166666666665 0.078125 0.07083333333333333
0 0.18671875 0.49166666666666664 0.0484375 0.0875