0 0.83125 0.475 0.18125 0.08541666666666667
0 0.421875 0.46041666666666664 0.025 0.040625
0 0.39765625 0.46875 0.0484375 0.042708333333333334
0 0.4921875 0.4479166666666667 0.03125 0.0375
2 0.01640625 0.496875 0.0265625 0.0875
2 0.140625 0.47708333333333336 0.028125 0.078125
2 0.21328125 0.4666666666666667 0.0234375 0.07083333333333333
2 0.7328125 0.45625 0.025 0.06458333333333334
2 0.97109375 0.45625 0.0234375 0.1
2 0.98984375 0.459375 0.0203125 0.109375
2 0.565625 0.45208333333333334 0.021875 0.05625
2 0.30625 0.46041666666666664 0.01875 0.05625
0 0.43125 0.45729166666666665 0.028125 0.03125