0 0.3625 0.5166666666666667 0.171875 0.178125
2 0.69140625 0.47291666666666665 0.0484375 0.140625
2 0.77578125 0.5083333333333333 0.0640625 0.2125
2 0.84375 0.47291666666666665 0.034375 0.13645833333333332
2 0.8765625 0.484375 0.0375 0.15625
2 0.95703125 0.4864583333333333 0.0515625 0.16458333333333333
0 0.14453125 0.4864583333333333 0.1703125 0.15208333333333332
0 0.2703125 0.4822916666666667 0.0375 0.042708333333333334
2 0.5390625 0.475 0.021875 0.058333333333333334
2 0.5265625 0.4822916666666667 0.01875 0.051041666666666666
0 0.91953125 0.4666666666666667 0.0421875 0.07395833333333333