0 0.1890625 0.46041666666666664 0.059375 0.07395833333333333
0 0.075 0.44583333333333336 0.146875 0.13645833333333332
0 0.05625 0.4864583333333333 0.1 0.11354166666666667
2 0.2578125 0.478125 0.0375 0.14791666666666667
2 0.29609375 0.47708333333333336 0.0453125 0.171875
2 0.5609375 0.475 0.028125 0.11354166666666667
2 0.6078125 0.4822916666666667 0.040625 0.109375
2 0.828125 0.48020833333333335 0.01875 0.042708333333333334
2 0.871875 0.48854166666666665 0.021875 0.03125
2 0.45 0.46041666666666664 0.01875 0.04479166666666667
2 0.4015625 0.45625 0.01875 0.053125
0 0.35625 0.4479166666666667 0.025 0.029166666666666667
2 0.33125 0.4354166666666667 0.01875 0.03958333333333333
2 0.63359375 0.4666666666666667 0.0140625 0.027083333333333334