2 0.16484375 0.4822916666666667 0.0515625 0.109375
2 0.15234375 0.47708333333333336 0.0453125 0.125
2 0.24453125 0.471875 0.0578125 0.115625
0 0.20546875 0.47708333333333336 0.0515625 0.0875
0 0.275 0.47291666666666665 0.05 0.07083333333333333
0 0.30703125 0.46979166666666666 0.0328125 0.04479166666666667
0 0.37734375 0.465625 0.0296875 0.03333333333333333
2 0.40625 0.484375 0.034375 0.13645833333333332
2 0.46796875 0.48333333333333334 0.0453125 0.115625
2 0.709375 0.45208333333333334 0.025 0.07604166666666666
2 0.675 0.43333333333333335 0.025 0.051041666666666666
2 0.740625 0.46458333333333335 0.025 0.109375
2 0.765625 0.4635416666666667 0.028125 0.12291666666666666
2 0.7890625 0.48333333333333334 0.028125 0.13125
2 0.8625 0.4739583333333333 0.0375 0.12708333333333333
2 0.903125 0.465625 0.040625 0.13854166666666667