2 0.60859375 0.48541666666666666 0.0171875 0.0375
2 0.62421875 0.48541666666666666 0.0140625 0.040625
2 0.68203125 0.496875 0.0296875 0.11875
2 0.70546875 0.496875 0.0203125 0.09583333333333334
0 0.73046875 0.47708333333333336 0.0265625 0.0375
0 0.7546875 0.4708333333333333 0.021875 0.027083333333333334
0 0.79453125 0.4708333333333333 0.0265625 0.027083333333333334
0 0.8390625 0.4864583333333333 0.06875 0.058333333333333334
0 0.90234375 0.490625 0.0203125 0.0625
0 0.93515625 0.47604166666666664 0.0296875 0.03333333333333333
0 0.975 0.5083333333333333 0.05 0.08958333333333333
2 0.88203125 0.478125 0.0265625 0.07395833333333333