0 0.0234375 0.5052083333333334 0.040625 0.1
0 0.10625 0.5229166666666667 0.096875 0.125
0 0.1265625 0.4979166666666667 0.128125 0.109375
0 0.18828125 0.5083333333333333 0.0484375 0.08541666666666667
2 0.22109375 0.5666666666666667 0.0453125 0.15208333333333332
0 0.43125 0.47291666666666665 0.05625 0.05416666666666667
0 0.68828125 0.503125 0.0453125 0.071875
0 0.740625 0.521875 0.1 0.09375
0 0.6609375 0.4947916666666667 0.034375 0.06041666666666667
0 0.6421875 0.4864583333333333 0.025 0.051041666666666666
0 0.62421875 0.48020833333333335 0.0265625 0.03958333333333333
0 0.60859375 0.47291666666666665 0.0296875 0.035416666666666666
0 0.5703125 0.45729166666666665 0.028125 0.03125