0 0.8046875 0.5322916666666667 0.178125 0.165625
0 0.6984375 0.5197916666666667 0.046875 0.08541666666666667
0 0.6625 0.5052083333333334 0.046875 0.06875
0 0.63984375 0.49270833333333336 0.0359375 0.06041666666666667
0 0.61875 0.478125 0.046875 0.08229166666666667
0 0.36796875 0.5 0.0578125 0.07395833333333333
0 0.33125 0.5229166666666667 0.0875 0.10520833333333333
0 0.15078125 0.6302083333333334 0.2828125 0.228125
2 0.58984375 0.47604166666666664 0.0203125 0.06041666666666667
2 0.98984375 0.45729166666666665 0.0203125 0.03958333333333333
0 0.40234375 0.484375 0.0328125 0.05416666666666667
0 0.4140625 0.4708333333333333 0.0375 0.051041666666666666
0 0.56796875 0.46041666666666664 0.0296875 0.040625
0 0.55 0.4583333333333333 0.021875 0.029166666666666667
0 0.5375 0.45 0.021875 0.03333333333333333