0 0.8 0.49166666666666664 0.09375 0.140625
0 0.70234375 0.5020833333333333 0.0515625 0.09375
0 0.65390625 0.45729166666666665 0.0546875 0.0625
0 0.45859375 0.45729166666666665 0.0265625 0.03125
0 0.31484375 0.47604166666666664 0.0515625 0.06041666666666667
0 0.2796875 0.4864583333333333 0.0625 0.0625
0 0.19140625 0.5 0.0984375 0.11354166666666667
0 0.08671875 0.5229166666666667 0.1703125 0.12708333333333333
2 0.38125 0.465625 0.021875 0.053125
2 0.4265625 0.46041666666666664 0.015625 0.03958333333333333
2 0.50625 0.4552083333333333 0.015625 0.03125
2 0.49296875 0.4552083333333333 0.0140625 0.03125
0 0.3671875 0.46770833333333334 0.01875 0.040625
0 0.3546875 0.475 0.021875 0.042708333333333334
0 0.62265625 0.4583333333333333 0.0265625 0.053125
0 0.60390625 0.45625 0.0328125 0.04479166666666667
0 0.40546875 0.459375 0.0234375 0.03125
0 0.39921875 0.46041666666666664 0.0203125 0.035416666666666666