0 0.9 0.4635416666666667 0.08125 0.09583333333333334
0 0.31328125 0.46458333333333335 0.0578125 0.051041666666666666
0 0.54453125 0.609375 0.4609375 0.44895833333333335
2 0.1390625 0.5010416666666667 0.03125 0.12708333333333333
2 0.2 0.5114583333333333 0.04375 0.10520833333333333
2 0.25390625 0.5052083333333334 0.0421875 0.12291666666666666
2 0.75234375 0.5052083333333334 0.0234375 0.07604166666666666
2 0.8484375 0.47291666666666665 0.028125 0.12916666666666668
2 0.7203125 0.44375 0.034375 0.058333333333333334
0 0.9875 0.7208333333333333 0.021875 0.234375
0 0.01015625 0.5677083333333334 0.0203125 0.12291666666666666