2 0.975 0.34791666666666665 0.04375 0.09375
2 0.9234375 0.3802083333333333 0.05625 0.19375
0 0.8734375 0.39479166666666665 0.096875 0.10208333333333333
0 0.815625 0.384375 0.05625 0.07395833333333333
0 0.75546875 0.38333333333333336 0.0609375 0.0625
0 0.6765625 0.3802083333333333 0.05 0.053125
0 0.4375 0.421875 0.11875 0.12083333333333333
0 0.49296875 0.4010416666666667 0.0546875 0.071875
0 0.56171875 0.3885416666666667 0.0234375 0.022916666666666665
0 0.09765625 0.47708333333333336 0.1859375 0.16979166666666667
0 0.96171875 0.46041666666666664 0.0703125 0.225
2 0.5375 0.3885416666666667 0.0125 0.035416666666666666
2 0.58046875 0.38333333333333336 0.0140625 0.0375
2 0.5921875 0.38229166666666664 0.01875 0.0375
0 0.71484375 0.38333333333333336 0.0359375 0.05625
0 0.640625 0.38333333333333336 0.03125 0.0375
0 0.61875 0.38645833333333335 0.021875 0.03125
0 0.51328125 0.384375 0.0328125 0.0625