0 0.4140625 0.459375 0.0875 0.10208333333333333
0 0.65546875 0.465625 0.0703125 0.06875
2 0.3140625 0.465625 0.0375 0.07604166666666666
2 0.49375 0.46875 0.05 0.12083333333333333
2 0.5703125 0.46770833333333334 0.046875 0.12291666666666666
2 0.60390625 0.46979166666666666 0.0296875 0.09166666666666666
2 0.628125 0.47708333333333336 0.021875 0.06458333333333334
2 0.8109375 0.49270833333333336 0.0375 0.10729166666666666
2 0.909375 0.48854166666666665 0.078125 0.203125
2 0.95 0.4666666666666667 0.05 0.08229166666666667
2 0.8453125 0.47708333333333336 0.0375 0.078125
0 0.728125 0.4510416666666667 0.0375 0.046875