0 0.16796875 0.47708333333333336 0.0296875 0.058333333333333334
0 0.1890625 0.465625 0.059375 0.06458333333333334
0 0.075 0.44583333333333336 0.140625 0.13854166666666667
0 0.05 0.4864583333333333 0.096875 0.12083333333333333
2 0.31640625 0.4666666666666667 0.0296875 0.11666666666666667
2 0.37265625 0.4666666666666667 0.0203125 0.08541666666666667
2 0.39765625 0.46041666666666664 0.0265625 0.09375
2 0.77890625 0.48854166666666665 0.0296875 0.078125
2 0.80390625 0.4979166666666667 0.0265625 0.06666666666666667
2 0.83046875 0.4822916666666667 0.0203125 0.046875
2 0.62265625 0.46145833333333336 0.0140625 0.025
2 0.59296875 0.46145833333333336 0.0140625 0.025
2 0.87265625 0.4875 0.0203125 0.029166666666666667
0 0.26875 0.4666666666666667 0.034375 0.0625