0 0.175 0.4822916666666667 0.05 0.046875
0 0.21796875 0.49166666666666664 0.0421875 0.042708333333333334
0 0.2546875 0.475 0.034375 0.042708333333333334
0 0.33515625 0.41770833333333335 0.0203125 0.027083333333333334
0 0.35234375 0.40625 0.0234375 0.027083333333333334
0 0.37109375 0.425 0.0265625 0.03333333333333333
0 0.42421875 0.49895833333333334 0.0796875 0.07604166666666666
0 0.34453125 0.4635416666666667 0.0359375 0.03333333333333333
0 0.33203125 0.49166666666666664 0.0546875 0.06041666666666667
2 0.8484375 0.41770833333333335 0.03125 0.046875
2 0.8125 0.41041666666666665 0.0375 0.051041666666666666
2 0.5171875 0.428125 0.021875 0.022916666666666665