0 0.86640625 0.5020833333333333 0.1421875 0.10520833333333333
0 0.6953125 0.47708333333333336 0.05625 0.05416666666666667
0 0.603125 0.46041666666666664 0.028125 0.03125
0 0.5515625 0.46458333333333335 0.04375 0.042708333333333334
0 0.515625 0.46041666666666664 0.028125 0.03333333333333333
0 0.45625 0.47291666666666665 0.075 0.08229166666666667
0 0.4078125 0.4635416666666667 0.028125 0.03333333333333333
0 0.29375 0.4708333333333333 0.03125 0.035416666666666666
2 0.24921875 0.471875 0.0234375 0.04479166666666667
2 0.2140625 0.46875 0.021875 0.046875
2 0.1671875 0.478125 0.01875 0.035416666666666666
2 0.14921875 0.48020833333333335 0.0203125 0.06666666666666667
2 0.12578125 0.4739583333333333 0.0203125 0.053125
2 0.1109375 0.471875 0.015625 0.053125
2 0.0859375 0.47708333333333336 0.025 0.0625
2 0.06875 0.47708333333333336 0.021875 0.05625
0 0.05390625 0.45625 0.0203125 0.029166666666666667
0 0.02734375 0.47708333333333336 0.0515625 0.06041666666666667