2 0.815625 0.4708333333333333 0.065625 0.125
0 0.57578125 0.45416666666666666 0.0765625 0.071875
0 0.52421875 0.43854166666666666 0.0328125 0.06458333333333334
0 0.50703125 0.4270833333333333 0.0265625 0.05625
0 0.4890625 0.421875 0.021875 0.05416666666666667
0 0.47265625 0.3625 0.0265625 0.025
0 0.471875 0.39375 0.028125 0.0375
0 0.453125 0.36354166666666665 0.01875 0.027083333333333334
0 0.425 0.365625 0.025 0.027083333333333334
0 0.365625 0.36041666666666666 0.034375 0.03333333333333333
0 0.3453125 0.37916666666666665 0.025 0.035416666666666666
0 0.33671875 0.38958333333333334 0.0296875 0.03333333333333333
0 0.32578125 0.396875 0.0359375 0.035416666666666666
0 0.31640625 0.41354166666666664 0.0328125 0.040625
0 0.29140625 0.4239583333333333 0.0515625 0.046875
0 0.22421875 0.453125 0.0859375 0.07395833333333333
0 0.10078125 0.425 0.0734375 0.05625
0 0.04375 0.42291666666666666 0.028125 0.06041666666666667
2 0.67734375 0.43333333333333335 0.0234375 0.03125