0 0.06328125 0.6145833333333334 0.1265625 0.196875
0 0.15078125 0.5583333333333333 0.1359375 0.14479166666666668
0 0.23046875 0.5239583333333333 0.0828125 0.0875
0 0.33359375 0.4822916666666667 0.0765625 0.078125
0 0.515625 0.46041666666666664 0.046875 0.04479166666666667
0 0.60859375 0.4864583333333333 0.0734375 0.08958333333333333
0 0.88515625 0.53125 0.1328125 0.12916666666666668
0 0.73125 0.4864583333333333 0.075 0.08958333333333333
0 0.82890625 0.4895833333333333 0.1609375 0.1
2 0.39921875 0.46979166666666666 0.0234375 0.05625
2 0.55546875 0.5020833333333333 0.0328125 0.12083333333333333
0 0.65859375 0.46145833333333336 0.0296875 0.05625
2 0.44921875 0.4510416666666667 0.0140625 0.042708333333333334