2 0.309375 0.490625 0.028125 0.09791666666666667
2 0.3375 0.49166666666666664 0.028125 0.09583333333333334
2 0.5703125 0.5020833333333333 0.03125 0.11666666666666667
2 0.6125 0.5083333333333333 0.046875 0.16458333333333333
0 0.71953125 0.5416666666666666 0.1421875 0.134375
0 0.8703125 0.671875 0.25 0.35208333333333336
0 0.96328125 0.8625 0.0671875 0.271875
0 0.50859375 0.471875 0.0421875 0.0375
0 0.21484375 0.51875 0.1234375 0.11875
0 0.11328125 0.534375 0.1359375 0.146875
0 0.034375 0.540625 0.065625 0.20729166666666668
0 0.3828125 0.4625 0.059375 0.051041666666666666
0 0.528125 0.4739583333333333 0.01875 0.025
0 0.54140625 0.47291666666666665 0.0203125 0.027083333333333334
0 0.6578125 0.5260416666666666 0.059375 0.11875