0 0.9703125 0.5479166666666667 0.059375 0.09166666666666666
0 0.94453125 0.50625 0.1109375 0.12083333333333333
0 0.865625 0.515625 0.090625 0.10208333333333333
0 0.84296875 0.5041666666666667 0.0828125 0.08229166666666667
0 0.803125 0.49583333333333335 0.075 0.07083333333333333
2 0.68828125 0.5072916666666667 0.0265625 0.0875
2 0.71171875 0.503125 0.0234375 0.09166666666666666
0 0.38125 0.5041666666666667 0.071875 0.06666666666666667
0 0.22578125 0.503125 0.0796875 0.07604166666666666
0 0.1671875 0.515625 0.2 0.11666666666666667
0 0.115625 0.5270833333333333 0.19375 0.13333333333333333
0 0.51796875 0.484375 0.0265625 0.035416666666666666
0 0.39453125 0.49583333333333335 0.0796875 0.07083333333333333