2 0.76953125 0.49375 0.0546875 0.13333333333333333
0 0.87421875 0.48125 0.0734375 0.0375
0 0.678125 0.48541666666666666 0.125 0.04479166666666667
0 0.640625 0.465625 0.1 0.04479166666666667
0 0.5671875 0.4739583333333333 0.028125 0.0375
0 0.2953125 0.4635416666666667 0.025 0.029166666666666667
0 0.0671875 0.47291666666666665 0.04375 0.0625
0 0.025 0.4739583333333333 0.0375 0.06875
0 0.1421875 0.47604166666666664 0.034375 0.04479166666666667
2 0.3453125 0.4708333333333333 0.025 0.0625
0 0.81953125 0.50625 0.0484375 0.03125
0 0.81953125 0.484375 0.0734375 0.046875