2 0.21875 0.6552083333333333 0.1 0.38125
2 0.409375 0.559375 0.06875 0.196875
0 0.10078125 0.7135416666666666 0.1921875 0.396875
0 0.27578125 0.60625 0.1078125 0.20104166666666667
0 0.60078125 0.48854166666666665 0.0953125 0.10208333333333333
0 0.70234375 0.49895833333333334 0.0828125 0.07604166666666666
0 0.7734375 0.5354166666666667 0.103125 0.109375
0 0.8484375 0.571875 0.1375 0.15208333333333332
0 0.9421875 0.603125 0.115625 0.22708333333333333
0 0.44921875 0.446875 0.0265625 0.03958333333333333
0 0.4625 0.43645833333333334 0.025 0.040625
0 0.315625 0.46458333333333335 0.040625 0.06666666666666667
0 0.75078125 0.46770833333333334 0.0453125 0.053125