0 0.278125 0.46875 0.11875 0.07395833333333333
0 0.4015625 0.5104166666666666 0.1 0.0875
0 0.36875 0.5260416666666666 0.115625 0.103125
0 0.30078125 0.584375 0.2046875 0.17604166666666668
0 0.6453125 0.4666666666666667 0.040625 0.042708333333333334
0 0.66875 0.46041666666666664 0.025 0.035416666666666666
0 0.865625 0.64375 0.26875 0.2677083333333333
0 0.03828125 0.8927083333333333 0.0734375 0.21041666666666667
0 0.79296875 0.48020833333333335 0.0609375 0.0625
0 0.6953125 0.46041666666666664 0.03125 0.04479166666666667
2 0.72578125 0.4625 0.0203125 0.051041666666666666
2 0.7390625 0.46145833333333336 0.01875 0.04479166666666667
2 0.61328125 0.4708333333333333 0.0265625 0.051041666666666666