0 0.85546875 0.5916666666666667 0.2859375 0.35520833333333335
0 0.75859375 0.47708333333333336 0.0671875 0.07604166666666666
0 0.52890625 0.49375 0.1421875 0.10208333333333333
0 0.453125 0.4666666666666667 0.034375 0.03958333333333333
2 0.209375 0.46041666666666664 0.01875 0.06875
2 0.2546875 0.46041666666666664 0.015625 0.0625
2 0.646875 0.446875 0.015625 0.035416666666666666
2 0.62734375 0.446875 0.0140625 0.027083333333333334
0 0.66015625 0.4822916666666667 0.1046875 0.078125
2 0.3359375 0.4583333333333333 0.0125 0.053125
2 0.3296875 0.459375 0.0125 0.046875
2 0.31953125 0.45729166666666665 0.0109375 0.051041666666666666
2 0.046875 0.48541666666666666 0.0875 0.2677083333333333