2 0.6921875 0.5166666666666667 0.04375 0.1625
2 0.7453125 0.5010416666666667 0.046875 0.10729166666666666
2 0.86015625 0.46979166666666666 0.0265625 0.040625
0 0.971875 0.775 0.053125 0.25416666666666665
0 0.90703125 0.6302083333333334 0.1828125 0.271875
0 0.815625 0.5572916666666666 0.178125 0.15833333333333333
0 0.65859375 0.4895833333333333 0.0421875 0.06875
0 0.49375 0.4635416666666667 0.040625 0.0375
0 0.390625 0.48125 0.065625 0.07604166666666666
0 0.43203125 0.48333333333333334 0.0296875 0.05625
0 0.32109375 0.503125 0.1296875 0.1
0 0.1546875 0.5125 0.196875 0.2125
0 0.615625 0.4666666666666667 0.0375 0.035416666666666666
0 0.5546875 0.45625 0.021875 0.021875
2 0.534375 0.4552083333333333 0.0125 0.027083333333333334
0 0.96015625 0.46979166666666666 0.0765625 0.053125
0 0.44375 0.47604166666666664 0.025 0.053125