2 0.64375 0.496875 0.0875 0.209375
2 0.18671875 0.515625 0.0703125 0.26145833333333335
0 0.565625 0.496875 0.1125 0.134375
0 0.39921875 0.4979166666666667 0.0609375 0.078125
0 0.35546875 0.50625 0.0421875 0.08541666666666667
0 0.278125 0.48854166666666665 0.1125 0.14791666666666667
0 0.2625 0.5125 0.0875 0.134375
0 0.11875 0.515625 0.06875 0.16770833333333332
0 0.05390625 0.4875 0.1046875 0.228125
0 0.034375 0.5895833333333333 0.065625 0.20729166666666668
0 0.46796875 0.4979166666666667 0.0671875 0.06666666666666667