0 0.71953125 0.48333333333333334 0.1015625 0.06875
0 0.5640625 0.4947916666666667 0.06875 0.084375
0 0.4390625 0.5072916666666667 0.221875 0.15
0 0.17578125 0.5260416666666666 0.2484375 0.13854166666666667
2 0.8 0.484375 0.021875 0.08229166666666667
2 0.63671875 0.4791666666666667 0.0234375 0.09583333333333334
2 0.3109375 0.4791666666666667 0.03125 0.1
2 0.60859375 0.46875 0.0265625 0.07083333333333333
2 0.27578125 0.46145833333333336 0.0203125 0.053125
2 0.684375 0.46458333333333335 0.01875 0.042708333333333334
2 0.08828125 0.45208333333333334 0.0265625 0.06041666666666667
2 0.134375 0.45208333333333334 0.021875 0.0375
2 0.20859375 0.44583333333333336 0.0234375 0.029166666666666667
2 0.375 0.453125 0.01875 0.03958333333333333