2 0.19296875 0.48020833333333335 0.0203125 0.046875
2 0.175 0.48541666666666666 0.01875 0.053125
2 0.69765625 0.4864583333333333 0.0421875 0.140625
2 0.73125 0.47604166666666664 0.046875 0.15416666666666667
2 0.59609375 0.46041666666666664 0.0296875 0.078125
0 0.8078125 0.46458333333333335 0.05625 0.07395833333333333
0 0.925 0.44895833333333335 0.14375 0.13645833333333332
0 0.95078125 0.49166666666666664 0.0890625 0.11145833333333334
0 0.33984375 0.5979166666666667 0.5578125 0.27291666666666664
2 0.5546875 0.45729166666666665 0.01875 0.042708333333333334
2 0.1125 0.49895833333333334 0.021875 0.053125
2 0.128125 0.4895833333333333 0.021875 0.03333333333333333
2 0.61796875 0.4625 0.0203125 0.078125
2 0.64609375 0.4583333333333333 0.0265625 0.084375
2 0.6609375 0.453125 0.021875 0.078125