2 0.8921875 0.48541666666666666 0.034375 0.1
2 0.8453125 0.4739583333333333 0.021875 0.084375
2 0.80703125 0.47291666666666665 0.0203125 0.09791666666666667
2 0.78515625 0.47604166666666664 0.0203125 0.09166666666666666
2 0.753125 0.48125 0.021875 0.084375
2 0.72890625 0.4666666666666667 0.0203125 0.051041666666666666
2 0.71484375 0.46041666666666664 0.0203125 0.06458333333333334
2 0.69375 0.46041666666666664 0.01875 0.05625
2 0.646875 0.4552083333333333 0.0125 0.035416666666666666
2 0.63359375 0.465625 0.0140625 0.053125
2 0.61328125 0.446875 0.0140625 0.03958333333333333
2 0.58671875 0.44375 0.0140625 0.042708333333333334
2 0.57265625 0.446875 0.0109375 0.035416666666666666
0 0.4515625 0.47291666666666665 0.0625 0.0625