2 0.63515625 0.5125 0.0453125 0.15416666666666667
2 0.66875 0.48333333333333334 0.021875 0.071875
0 0.36015625 0.4895833333333333 0.0828125 0.071875
0 0.45625 0.46770833333333334 0.03125 0.029166666666666667
0 0.5234375 0.46875 0.040625 0.027083333333333334
0 0.16484375 0.465625 0.0609375 0.04479166666666667
0 0.0921875 0.4708333333333333 0.05 0.05416666666666667
0 0.040625 0.471875 0.071875 0.06458333333333334
2 0.234375 0.4708333333333333 0.015625 0.05416666666666667
2 0.26015625 0.46979166666666666 0.0203125 0.05625
2 0.2765625 0.4583333333333333 0.01875 0.04479166666666667
2 0.2890625 0.46041666666666664 0.01875 0.053125
2 0.30078125 0.4625 0.0171875 0.051041666666666666
0 0.3984375 0.4708333333333333 0.021875 0.027083333333333334
0 0.428125 0.46145833333333336 0.021875 0.025
2 0.5953125 0.4708333333333333 0.015625 0.042708333333333334