2 0.6953125 0.4510416666666667 0.040625 0.08958333333333333
0 0.921875 0.5052083333333334 0.153125 0.428125
0 0.77890625 0.53125 0.2109375 0.23854166666666668
0 0.52421875 0.47708333333333336 0.2421875 0.15
0 0.3890625 0.48541666666666666 0.053125 0.103125
2 0.3453125 0.48020833333333335 0.0375 0.14479166666666668
2 0.30390625 0.44166666666666665 0.0203125 0.051041666666666666
2 0.28515625 0.4270833333333333 0.0171875 0.021875
0 0.30546875 0.5010416666666667 0.0484375 0.06041666666666667
0 0.190625 0.478125 0.1875 0.16770833333333332
0 0.09296875 0.48125 0.0734375 0.07604166666666666
2 0.03984375 0.46041666666666664 0.0203125 0.046875