0 0.1515625 0.528125 0.2 0.11145833333333334
0 0.0421875 0.49166666666666664 0.078125 0.078125
0 0.11875 0.471875 0.078125 0.0375
0 0.075 0.47708333333333336 0.090625 0.05416666666666667
0 0.328125 0.5354166666666667 0.0625 0.08958333333333333
2 0.2515625 0.4239583333333333 0.021875 0.06666666666666667
2 0.271875 0.503125 0.05625 0.23229166666666667
0 0.4375 0.5177083333333333 0.059375 0.08958333333333333
0 0.3453125 0.5177083333333333 0.090625 0.11666666666666667
0 0.45078125 0.4875 0.0953125 0.084375
0 0.46171875 0.47708333333333336 0.1109375 0.084375
0 0.6109375 0.4875 0.028125 0.029166666666666667
2 0.96875 0.49583333333333335 0.034375 0.10208333333333333
2 0.940625 0.49375 0.025 0.10208333333333333
2 0.84296875 0.4875 0.0265625 0.09166666666666666
2 0.8234375 0.5083333333333333 0.01875 0.040625
2 0.7890625 0.48541666666666666 0.021875 0.06041666666666667
2 0.80859375 0.49375 0.0265625 0.0625
0 0.5328125 0.49270833333333336 0.028125 0.040625