2 0.85390625 0.47708333333333336 0.0484375 0.12916666666666668
2 0.71953125 0.471875 0.0234375 0.09583333333333334
2 0.6078125 0.48854166666666665 0.04375 0.15625
0 0.97109375 0.4822916666666667 0.0578125 0.11666666666666667
0 0.93515625 0.47604166666666664 0.0515625 0.0875
0 0.66953125 0.47291666666666665 0.0796875 0.08229166666666667
0 0.56171875 0.44895833333333335 0.0703125 0.03958333333333333
0 0.5578125 0.4947916666666667 0.065625 0.09583333333333334
0 0.5015625 0.484375 0.0875 0.12083333333333333
0 0.47578125 0.49166666666666664 0.0734375 0.13333333333333333
0 0.259375 0.4708333333333333 0.409375 0.28958333333333336
0 0.75 0.46979166666666666 0.0375 0.05625
0 0.8125 0.4635416666666667 0.040625 0.04479166666666667
0 0.78203125 0.46458333333333335 0.0328125 0.046875