0 0.39453125 0.4822916666666667 0.0578125 0.06666666666666667
0 0.36875 0.50625 0.08125 0.078125
0 0.26796875 0.5708333333333333 0.1578125 0.14479166666666668
0 0.13828125 0.6572916666666667 0.2671875 0.228125
0 0.03203125 0.8145833333333333 0.0515625 0.17916666666666667
0 0.60625 0.46458333333333335 0.040625 0.03958333333333333
0 0.628125 0.484375 0.053125 0.0625
0 0.69296875 0.49583333333333335 0.0953125 0.11354166666666667
2 0.50703125 0.45208333333333334 0.0171875 0.04895833333333333
0 0.5765625 0.446875 0.03125 0.035416666666666666
2 0.54453125 0.45416666666666666 0.0203125 0.04479166666666667
2 0.478125 0.45625 0.01875 0.040625
0 0.4359375 0.4625 0.0375 0.05416666666666667
0 0.4609375 0.45729166666666665 0.028125 0.03958333333333333