0 0.35078125 0.5083333333333333 0.0953125 0.078125
0 0.31796875 0.4791666666666667 0.0453125 0.04479166666666667
0 0.25625 0.4739583333333333 0.046875 0.053125
0 0.89609375 0.49583333333333335 0.1578125 0.05416666666666667
2 0.6875 0.4625 0.021875 0.0625
2 0.66796875 0.46041666666666664 0.0265625 0.0625
2 0.64453125 0.4739583333333333 0.0296875 0.06875
2 0.20859375 0.4822916666666667 0.0203125 0.058333333333333334
2 0.190625 0.48020833333333335 0.025 0.06666666666666667
0 0.434375 0.47604166666666664 0.04375 0.0375
0 0.41171875 0.4635416666666667 0.0296875 0.0375
0 0.390625 0.46145833333333336 0.021875 0.03333333333333333
0 0.9625 0.471875 0.040625 0.03333333333333333
2 0.58828125 0.44583333333333336 0.0203125 0.03125