2 0.77890625 0.4947916666666667 0.0484375 0.115625
2 0.2421875 0.48020833333333335 0.021875 0.08541666666666667
2 0.21953125 0.47708333333333336 0.0328125 0.07395833333333333
2 0.18671875 0.4666666666666667 0.0515625 0.07083333333333333
2 0.153125 0.4583333333333333 0.028125 0.040625
2 0.0328125 0.7229166666666667 0.059375 0.11666666666666667
0 0.1359375 0.515625 0.265625 0.14479166666666668
0 0.58125 0.5010416666666667 0.08125 0.0875
0 0.8625 0.503125 0.125 0.10729166666666666
0 0.7375 0.49583333333333335 0.034375 0.03125
0 0.6828125 0.49375 0.03125 0.027083333333333334
0 0.665625 0.49270833333333336 0.01875 0.03333333333333333