2 0.53046875 0.4625 0.0203125 0.051041666666666666
2 0.4546875 0.4583333333333333 0.021875 0.040625
0 0.5765625 0.46770833333333334 0.053125 0.053125
0 0.68828125 0.5125 0.1234375 0.13125
0 0.75234375 0.553125 0.1796875 0.17604166666666668
0 0.85078125 0.6208333333333333 0.2921875 0.26145833333333335
0 0.93828125 0.6989583333333333 0.1140625 0.41770833333333335
0 0.4203125 0.46770833333333334 0.0375 0.040625
0 0.33984375 0.465625 0.0421875 0.04479166666666667
0 0.225 0.5135416666666667 0.103125 0.12083333333333333
0 0.10703125 0.5322916666666667 0.2078125 0.165625
0 0.3578125 0.45625 0.034375 0.040625
0 0.278125 0.46041666666666664 0.04375 0.05416666666666667
0 0.38828125 0.46979166666666666 0.0515625 0.053125