2 0.49921875 0.48333333333333334 0.0578125 0.15416666666666667
2 0.515625 0.4822916666666667 0.065625 0.14479166666666668
2 0.55546875 0.47291666666666665 0.0578125 0.14791666666666667
0 0.83046875 0.47708333333333336 0.1046875 0.0875
0 0.77109375 0.4708333333333333 0.0484375 0.06666666666666667
0 0.75 0.46458333333333335 0.0375 0.05416666666666667
0 0.73515625 0.4625 0.0390625 0.051041666666666666
0 0.703125 0.45625 0.0375 0.04895833333333333
0 0.41484375 0.471875 0.0859375 0.084375
0 0.459375 0.46145833333333336 0.040625 0.06041666666666667
0 0.67109375 0.453125 0.0359375 0.03958333333333333
2 0.96171875 0.44479166666666664 0.0578125 0.11875
0 0.646875 0.44895833333333335 0.015625 0.03125
0 0.63515625 0.4479166666666667 0.0140625 0.025
0 0.62109375 0.44583333333333336 0.0171875 0.027083333333333334
0 0.59765625 0.44479166666666664 0.0203125 0.025
0 0.575 0.44583333333333336 0.0125 0.015625