2 0.5328125 0.465625 0.06875 0.15
2 0.28515625 0.46041666666666664 0.0296875 0.084375
2 0.13359375 0.44479166666666664 0.0484375 0.12708333333333333
2 0.059375 0.440625 0.053125 0.146875
2 0.0296875 0.428125 0.03125 0.13333333333333333
0 0.33203125 0.46458333333333335 0.0671875 0.07083333333333333
0 0.371875 0.46041666666666664 0.028125 0.071875
0 0.39296875 0.4635416666666667 0.0234375 0.04479166666666667
0 0.628125 0.47604166666666664 0.0375 0.05625
0 0.69375 0.4708333333333333 0.103125 0.11354166666666667
0 0.9453125 0.5177083333333333 0.10625 0.109375
0 0.56484375 0.4583333333333333 0.0546875 0.0875