2 0.796875 0.4895833333333333 0.028125 0.06458333333333334
2 0.83125 0.4947916666666667 0.028125 0.05625
2 0.92421875 0.49375 0.0234375 0.03125
2 0.88828125 0.64375 0.1078125 0.31875
0 0.5421875 0.6333333333333333 0.296875 0.303125
0 0.3921875 0.49375 0.053125 0.058333333333333334
2 0.08828125 0.496875 0.0328125 0.05625
2 0.2609375 0.5020833333333333 0.01875 0.058333333333333334
0 0.48125 0.4979166666666667 0.121875 0.08958333333333333
2 0.271875 0.5 0.015625 0.0625
2 0.32421875 0.478125 0.0140625 0.022916666666666665