0 0.66328125 0.48333333333333334 0.1453125 0.13854166666666667
0 0.74765625 0.475 0.0796875 0.09791666666666667
2 0.34765625 0.45729166666666665 0.0171875 0.051041666666666666
2 0.29296875 0.46770833333333334 0.0234375 0.04895833333333333
2 0.27734375 0.4552083333333333 0.0109375 0.022916666666666665
2 0.26640625 0.4552083333333333 0.0140625 0.022916666666666665
0 0.5734375 0.4625 0.0375 0.035416666666666666
2 0.378125 0.45625 0.01875 0.04479166666666667
0 0.54375 0.45729166666666665 0.015625 0.019791666666666666
2 0.95078125 0.428125 0.0234375 0.03958333333333333
2 0.1703125 0.44479166666666664 0.021875 0.053125
2 0.0859375 0.4625 0.01875 0.078125