0 0.75234375 0.49166666666666664 0.1265625 0.12083333333333333
0 0.67890625 0.475 0.0421875 0.06666666666666667
0 0.64453125 0.48125 0.0453125 0.053125
0 0.58046875 0.48333333333333334 0.0359375 0.0375
2 0.184375 0.509375 0.071875 0.19166666666666668
2 0.25078125 0.5 0.0609375 0.20729166666666668
2 0.3140625 0.5 0.0625 0.203125
2 0.3734375 0.478125 0.040625 0.09791666666666667
2 0.415625 0.47708333333333336 0.03125 0.08958333333333333
2 0.45546875 0.47708333333333336 0.0265625 0.1
2 0.54140625 0.48333333333333334 0.0203125 0.04479166666666667
2 0.475 0.4791666666666667 0.03125 0.103125
2 0.340625 0.484375 0.025 0.08958333333333333
2 0.22265625 0.44583333333333336 0.0296875 0.058333333333333334
2 0.52109375 0.484375 0.0203125 0.046875
2 0.50625 0.48333333333333334 0.01875 0.04479166666666667