2 0.64375 0.46979166666666666 0.028125 0.09583333333333334
2 0.975 0.5052083333333334 0.04375 0.2875
0 0.81015625 0.4635416666666667 0.0515625 0.06875
0 0.91484375 0.4479166666666667 0.1234375 0.13854166666666667
0 0.9359375 0.49895833333333334 0.06875 0.09166666666666666
0 0.50703125 0.5197916666666667 0.1296875 0.125
2 0.6109375 0.46041666666666664 0.025 0.06458333333333334
2 0.5859375 0.46145833333333336 0.028125 0.06041666666666667
0 0.7265625 0.46145833333333336 0.040625 0.071875
2 0.125 0.4895833333333333 0.01875 0.040625
2 0.11171875 0.49895833333333334 0.0296875 0.04479166666666667