2 0.528125 0.49166666666666664 0.01875 0.06875
0 0.6671875 0.50625 0.171875 0.14791666666666667
0 0.44765625 0.48854166666666665 0.0421875 0.046875
0 0.41015625 0.48541666666666666 0.0296875 0.03333333333333333
0 0.378125 0.490625 0.03125 0.035416666666666666
0 0.3171875 0.4864583333333333 0.065625 0.0625
0 0.1890625 0.4552083333333333 0.071875 0.03125
0 0.14453125 0.5166666666666667 0.1234375 0.115625
0 0.05703125 0.5104166666666666 0.1109375 0.20104166666666667
0 0.51015625 0.4822916666666667 0.0234375 0.046875
0 0.49375 0.48333333333333334 0.028125 0.04479166666666667