2 0.159375 0.465625 0.028125 0.07604166666666666
2 0.184375 0.4510416666666667 0.025 0.051041666666666666
2 0.221875 0.5010416666666667 0.0375 0.13125
2 0.9828125 0.46979166666666666 0.03125 0.13125
0 0.8484375 0.459375 0.09375 0.10208333333333333
0 0.7609375 0.45625 0.053125 0.06458333333333334
0 0.5515625 0.6197916666666666 0.525 0.490625
0 0.2828125 0.4739583333333333 0.109375 0.071875
0 0.01328125 0.5677083333333334 0.0265625 0.12291666666666666
0 0.98125 0.734375 0.03125 0.23854166666666668
2 0.046875 0.48020833333333335 0.028125 0.0625