0 0.5140625 0.5083333333333333 0.134375 0.10729166666666666
0 0.62265625 0.503125 0.0734375 0.12291666666666666
0 0.68984375 0.5135416666666667 0.1234375 0.16458333333333333
0 0.84140625 0.5333333333333333 0.3140625 0.27291666666666664
0 0.9796875 0.73125 0.0375 0.23229166666666667
0 0.33203125 0.46979166666666666 0.0484375 0.053125
0 0.409375 0.47708333333333336 0.028125 0.0375
2 0.1 0.5104166666666666 0.034375 0.11145833333333334
2 0.06015625 0.5052083333333334 0.0328125 0.115625
2 0.24296875 0.478125 0.0203125 0.058333333333333334
0 0.371875 0.4739583333333333 0.040625 0.053125
0 0.01953125 0.5041666666666667 0.0390625 0.0625
2 0.26953125 0.4708333333333333 0.0203125 0.05416666666666667