0 0.63671875 0.47604166666666664 0.0484375 0.0375
0 0.68203125 0.4510416666666667 0.0546875 0.027083333333333334
0 0.6828125 0.48854166666666665 0.05 0.03125
0 0.80390625 0.4875 0.0265625 0.0375
0 0.84921875 0.47604166666666664 0.0828125 0.11875
0 0.8875 0.46458333333333335 0.034375 0.08229166666666667
0 0.93984375 0.4739583333333333 0.1171875 0.12291666666666666
2 0.575 0.4864583333333333 0.0375 0.078125
2 0.5046875 0.47604166666666664 0.021875 0.06041666666666667
2 0.521875 0.4875 0.0375 0.07604166666666666
0 0.45703125 0.46041666666666664 0.0546875 0.022916666666666665