0 0.1 0.515625 0.196875 0.33229166666666665
1 0.0984375 0.6895833333333333 0.10625 0.15208333333333332
2 0.2546875 0.5572916666666666 0.115625 0.365625
2 0.315625 0.5197916666666667 0.059375 0.265625
0 0.378125 0.509375 0.0875 0.13333333333333333
0 0.43515625 0.5010416666666667 0.0265625 0.05625
0 0.4546875 0.48854166666666665 0.046875 0.07083333333333333
0 0.49765625 0.484375 0.0453125 0.0625
0 0.5265625 0.475 0.021875 0.035416666666666666
0 0.5375 0.45625 0.021875 0.025
0 0.6 0.48333333333333334 0.11875 0.15416666666666667
0 0.66640625 0.46041666666666664 0.0203125 0.0375
0 0.6859375 0.46145833333333336 0.028125 0.0375
0 0.70625 0.471875 0.04375 0.06875
0 0.78203125 0.48541666666666666 0.0703125 0.09166666666666666
0 0.8171875 0.49166666666666664 0.05625 0.115625
0 0.90703125 0.48541666666666666 0.1859375 0.334375
0 0.76953125 0.471875 0.0921875 0.0875