0 0.06875 0.6260416666666667 0.134375 0.23229166666666667
2 0.14140625 0.5354166666666667 0.0359375 0.10208333333333333
2 0.16484375 0.61875 0.0578125 0.22291666666666668
2 0.2203125 0.6010416666666667 0.065625 0.24375
0 0.3578125 0.4708333333333333 0.046875 0.046875
0 0.43515625 0.45416666666666666 0.0296875 0.03333333333333333
0 0.5703125 0.4791666666666667 0.05625 0.06041666666666667
0 0.5328125 0.4625 0.0375 0.042708333333333334
0 0.6609375 0.5145833333333333 0.11875 0.134375
0 0.84765625 0.484375 0.1546875 0.07083333333333333
0 0.753125 0.4552083333333333 0.09375 0.058333333333333334
0 0.73046875 0.5572916666666666 0.1234375 0.146875
0 0.85546875 0.6083333333333333 0.2265625 0.209375
0 0.953125 0.70625 0.090625 0.2791666666666667
0 0.259375 0.5333333333333333 0.06875 0.09791666666666667
0 0.50703125 0.459375 0.0234375 0.035416666666666666
0 0.4828125 0.446875 0.025 0.027083333333333334