0 0.04140625 0.40729166666666666 0.0765625 0.06875
0 0.0375 0.48854166666666665 0.071875 0.125
2 0.096875 0.4822916666666667 0.05625 0.234375
2 0.1546875 0.503125 0.059375 0.225
2 0.20078125 0.47291666666666665 0.0328125 0.16041666666666668
2 0.221875 0.4864583333333333 0.053125 0.20729166666666668
2 0.25703125 0.428125 0.0359375 0.0625
2 0.284375 0.49270833333333336 0.059375 0.2125
2 0.33046875 0.48541666666666666 0.0546875 0.178125
2 0.53671875 0.465625 0.0203125 0.06458333333333334
2 0.765625 0.48541666666666666 0.01875 0.053125
2 0.875 0.49166666666666664 0.021875 0.03333333333333333
2 0.8921875 0.49375 0.025 0.051041666666666666
2 0.3765625 0.4666666666666667 0.028125 0.07083333333333333
2 0.44375 0.45729166666666665 0.021875 0.046875