2 0.83125 0.49166666666666664 0.04375 0.140625
2 0.79296875 0.49895833333333334 0.0328125 0.115625
2 0.69375 0.46458333333333335 0.0375 0.078125
2 0.66015625 0.490625 0.0453125 0.11354166666666667
2 0.6171875 0.4822916666666667 0.0375 0.12083333333333333
2 0.57890625 0.4875 0.0421875 0.11875
0 0.37421875 0.48125 0.0359375 0.040625
0 0.42890625 0.4895833333333333 0.0328125 0.0375
0 0.31875 0.484375 0.075 0.07083333333333333
2 0.54296875 0.47708333333333336 0.0265625 0.09166666666666666
2 0.52109375 0.478125 0.0234375 0.08958333333333333
2 0.559375 0.4791666666666667 0.021875 0.084375