0 0.06953125 0.475 0.1296875 0.09791666666666667
0 0.11640625 0.44583333333333336 0.0953125 0.058333333333333334
0 0.20546875 0.46041666666666664 0.0484375 0.084375
0 0.2625 0.45625 0.065625 0.040625
0 0.54765625 0.46875 0.0421875 0.042708333333333334
0 0.61484375 0.48125 0.0453125 0.06458333333333334
0 0.65390625 0.49375 0.0671875 0.08958333333333333
0 0.69296875 0.5229166666666667 0.1015625 0.103125
0 0.90703125 0.6614583333333334 0.1828125 0.31875
1 0.290625 0.49166666666666664 0.01875 0.027083333333333334
2 0.30859375 0.471875 0.0265625 0.071875
0 0.3515625 0.465625 0.0625 0.04479166666666667
0 0.4828125 0.4583333333333333 0.025 0.025
0 0.3734375 0.4625 0.046875 0.03958333333333333
0 0.5921875 0.478125 0.03125 0.046875