2 0.6984375 0.47291666666666665 0.021875 0.0625
2 0.7203125 0.4739583333333333 0.025 0.09583333333333334
2 0.75546875 0.47604166666666664 0.0296875 0.07604166666666666
2 0.8171875 0.4791666666666667 0.03125 0.084375
2 0.8515625 0.48333333333333334 0.0375 0.12291666666666666
2 0.921875 0.45208333333333334 0.03125 0.05625
2 0.02890625 0.478125 0.0203125 0.078125
2 0.04765625 0.47291666666666665 0.0203125 0.06666666666666667
0 0.32890625 0.48125 0.0703125 0.071875
0 0.221875 0.5104166666666666 0.15 0.12291666666666666
0 0.434375 0.496875 0.165625 0.18541666666666667
2 0.10078125 0.4864583333333333 0.0234375 0.06666666666666667
2 0.07421875 0.48854166666666665 0.0234375 0.078125
2 0.0125 0.496875 0.025 0.09583333333333334