0 0.19921875 0.5072916666666667 0.0296875 0.06458333333333334
0 0.165625 0.5020833333333333 0.0375 0.0625
0 0.42109375 0.4895833333333333 0.0296875 0.04895833333333333
0 0.55234375 0.49166666666666664 0.0421875 0.040625
2 0.58984375 0.4979166666666667 0.0203125 0.06666666666666667
2 0.24375 0.53125 0.096875 0.234375
0 0.2953125 0.48854166666666665 0.059375 0.05416666666666667
0 0.253125 0.503125 0.028125 0.05625
0 0.6453125 0.49270833333333336 0.01875 0.017708333333333333
2 0.4609375 0.490625 0.015625 0.042708333333333334
0 0.66953125 0.49166666666666664 0.0171875 0.027083333333333334