0 0.15703125 0.5614583333333333 0.1859375 0.146875
0 0.2390625 0.515625 0.1125 0.109375
0 0.32421875 0.49166666666666664 0.0734375 0.0625
0 0.6125 0.48020833333333335 0.075 0.0625
0 0.65859375 0.5291666666666667 0.0796875 0.10520833333333333
0 0.71015625 0.5625 0.0921875 0.13645833333333332
0 0.85 0.6135416666666667 0.28125 0.25833333333333336
0 0.0578125 0.46979166666666666 0.0875 0.029166666666666667
0 0.1515625 0.47291666666666665 0.109375 0.0625
0 0.35859375 0.4510416666666667 0.0328125 0.035416666666666666
0 0.39140625 0.4625 0.0453125 0.042708333333333334
0 0.4078125 0.45729166666666665 0.034375 0.042708333333333334
0 0.5015625 0.428125 0.021875 0.022916666666666665
0 0.56328125 0.4635416666666667 0.0328125 0.040625
0 0.578125 0.47708333333333336 0.028125 0.046875
0 0.5390625 0.44375 0.021875 0.027083333333333334
2 0.4296875 0.4427083333333333 0.0125 0.029166666666666667
2 0.45703125 0.43854166666666666 0.0109375 0.029166666666666667