0 0.9390625 0.5989583333333334 0.11875 0.271875
0 0.83984375 0.540625 0.1328125 0.15625
0 0.759375 0.5229166666666667 0.071875 0.12083333333333333
2 0.85078125 0.5822916666666667 0.0453125 0.19166666666666668
2 0.7046875 0.5072916666666667 0.053125 0.12708333333333333
2 0.57109375 0.578125 0.0734375 0.25
2 0.390625 0.59375 0.0875 0.234375
0 0.12421875 0.7645833333333333 0.2421875 0.3729166666666667
0 0.21171875 0.6083333333333333 0.2421875 0.228125
0 0.28984375 0.540625 0.1328125 0.14479166666666668
0 0.65234375 0.4822916666666667 0.0484375 0.058333333333333334
0 0.8578125 0.45625 0.053125 0.0375
0 0.61484375 0.465625 0.0421875 0.053125
0 0.40703125 0.48854166666666665 0.0609375 0.06666666666666667
0 0.42578125 0.4708333333333333 0.0578125 0.07395833333333333
0 0.4578125 0.45625 0.034375 0.04479166666666667
0 0.346875 0.46041666666666664 0.10625 0.04479166666666667
0 0.2359375 0.45 0.09375 0.06458333333333334
0 0.2125 0.45729166666666665 0.0875 0.046875