0 0.0859375 0.4375 0.0375 0.042708333333333334
0 0.25546875 0.45416666666666666 0.0359375 0.040625
2 0.31953125 0.4552083333333333 0.0203125 0.042708333333333334
2 0.3453125 0.4635416666666667 0.021875 0.04479166666666667
0 0.3515625 0.4635416666666667 0.034375 0.0375
0 0.4796875 0.4739583333333333 0.0375 0.0375
0 0.5484375 0.4708333333333333 0.053125 0.05416666666666667
0 0.58125 0.4625 0.025 0.035416666666666666
0 0.84765625 0.49166666666666664 0.0859375 0.08229166666666667
0 0.64453125 0.4708333333333333 0.0296875 0.035416666666666666
0 0.67578125 0.47604166666666664 0.0328125 0.03333333333333333
0 0.71328125 0.478125 0.0453125 0.046875
0 0.746875 0.4791666666666667 0.028125 0.0375
2 0.04296875 0.42916666666666664 0.0203125 0.053125
0 0.125 0.44375 0.04375 0.042708333333333334