2 0.8390625 0.4666666666666667 0.028125 0.11666666666666667
2 0.87421875 0.47604166666666664 0.0359375 0.12291666666666666
2 0.915625 0.4739583333333333 0.03125 0.12708333333333333
2 0.95625 0.47291666666666665 0.03125 0.125
2 0.98671875 0.46875 0.0203125 0.125
2 0.08984375 0.4708333333333333 0.0265625 0.08541666666666667
2 0.034375 0.46041666666666664 0.01875 0.071875
2 0.16484375 0.46770833333333334 0.0203125 0.05625
0 0.38125 0.4666666666666667 0.03125 0.03958333333333333
0 0.415625 0.46145833333333336 0.025 0.029166666666666667
0 0.44765625 0.46875 0.0453125 0.05416666666666667