0 0.91328125 0.44166666666666665 0.1171875 0.058333333333333334
0 0.91171875 0.49583333333333335 0.1765625 0.20729166666666668
0 0.478125 0.478125 0.109375 0.08958333333333333
0 0.41015625 0.4791666666666667 0.1609375 0.1
0 0.32421875 0.49375 0.1203125 0.08229166666666667
0 0.26640625 0.49166666666666664 0.1578125 0.10520833333333333
0 0.1953125 0.5052083333333334 0.14375 0.103125
0 0.09296875 0.5072916666666667 0.1734375 0.115625
2 0.54296875 0.478125 0.0328125 0.09375
2 0.13046875 0.43645833333333334 0.0234375 0.040625
2 0.4796875 0.4510416666666667 0.015625 0.015625
2 0.49140625 0.4510416666666667 0.0109375 0.015625
2 0.153125 0.4395833333333333 0.015625 0.019791666666666666