0 0.56875 0.446875 0.0625 0.078125
0 0.58515625 0.46770833333333334 0.0453125 0.06458333333333334
0 0.69609375 0.44583333333333336 0.0765625 0.09791666666666667
2 0.52578125 0.4635416666666667 0.0265625 0.115625
2 0.4515625 0.4666666666666667 0.028125 0.11666666666666667
2 0.41640625 0.46875 0.0421875 0.11666666666666667
2 0.76171875 0.5 0.0734375 0.30416666666666664
2 0.8078125 0.40520833333333334 0.040625 0.13854166666666667
2 0.9265625 0.5041666666666667 0.046875 0.28541666666666665
2 0.89453125 0.45729166666666665 0.0484375 0.24166666666666667
2 0.865625 0.5833333333333334 0.184375 0.525
0 0.32421875 0.48020833333333335 0.0859375 0.08541666666666667
2 0.146875 0.4552083333333333 0.01875 0.03958333333333333