2 0.74140625 0.6197916666666666 0.0734375 0.271875
0 0.90625 0.5770833333333333 0.1875 0.21666666666666667
0 0.81328125 0.5291666666666667 0.0953125 0.16458333333333333
0 0.690625 0.484375 0.08125 0.09375
0 0.640625 0.4822916666666667 0.04375 0.06666666666666667
0 0.5828125 0.4510416666666667 0.046875 0.042708333333333334
0 0.43828125 0.46041666666666664 0.0484375 0.04479166666666667
0 0.37734375 0.515625 0.0828125 0.08958333333333333
0 0.3 0.5270833333333333 0.15 0.12083333333333333
0 0.23046875 0.5989583333333334 0.2203125 0.1625
0 0.09921875 0.7114583333333333 0.1921875 0.303125
0 0.32734375 0.43645833333333334 0.0328125 0.04479166666666667
0 0.55 0.44583333333333336 0.01875 0.03125
0 0.54453125 0.440625 0.0328125 0.03333333333333333
0 0.51953125 0.44166666666666665 0.0265625 0.022916666666666665