0 0.04765625 0.7020833333333333 0.0921875 0.23229166666666667
0 0.14765625 0.6010416666666667 0.2921875 0.21666666666666667
0 0.33984375 0.5520833333333334 0.1953125 0.12291666666666666
2 0.240625 0.48541666666666666 0.040625 0.07604166666666666
0 0.45859375 0.5125 0.1515625 0.103125
0 0.540625 0.4979166666666667 0.109375 0.08541666666666667
2 0.6375 0.46458333333333335 0.028125 0.06666666666666667
2 0.9359375 0.4479166666666667 0.025 0.053125
0 0.68046875 0.4625 0.0734375 0.058333333333333334
0 0.25234375 0.43854166666666666 0.0421875 0.029166666666666667
2 0.896875 0.45 0.01875 0.053125
2 0.88046875 0.44166666666666665 0.0203125 0.058333333333333334
2 0.8390625 0.4395833333333333 0.01875 0.05416666666666667
2 0.8484375 0.44375 0.01875 0.051041666666666666