2 0.75703125 0.49583333333333335 0.0703125 0.13333333333333333
2 0.646875 0.5114583333333333 0.03125 0.140625
0 0.68125 0.49895833333333334 0.04375 0.04479166666666667
2 0.615625 0.5302083333333333 0.01875 0.103125
2 0.5859375 0.5083333333333333 0.025 0.10520833333333333
2 0.5609375 0.5072916666666667 0.025 0.1
0 0.51640625 0.5166666666666667 0.0640625 0.05625
0 0.540625 0.48541666666666666 0.021875 0.029166666666666667
0 0.4734375 0.49375 0.028125 0.03125
0 0.45078125 0.49375 0.0234375 0.03958333333333333
0 0.4 0.5072916666666667 0.075 0.084375
0 0.35546875 0.4864583333333333 0.0265625 0.027083333333333334
0 0.321875 0.5020833333333333 0.05625 0.07083333333333333
0 0.23515625 0.49895833333333334 0.1171875 0.115625
0 0.1109375 0.48541666666666666 0.040625 0.040625
0 0.05390625 0.48125 0.0484375 0.04895833333333333
0 0.0078125 0.4895833333333333 0.015625 0.040625