2 0.14765625 0.4791666666666667 0.0296875 0.084375
2 0.2375 0.465625 0.01875 0.04895833333333333
0 0.96875 0.546875 0.059375 0.21458333333333332
0 0.75625 0.50625 0.140625 0.12916666666666668
0 0.58203125 0.48020833333333335 0.0734375 0.06666666666666667
2 0.875 0.50625 0.134375 0.21458333333333332
0 0.81796875 0.5583333333333333 0.0234375 0.10208333333333333
2 0.6734375 0.478125 0.046875 0.13645833333333332
0 0.5421875 0.47708333333333336 0.01875 0.035416666666666666
2 0.49765625 0.446875 0.0296875 0.058333333333333334
2 0.46015625 0.45208333333333334 0.0234375 0.0375
0 0.41796875 0.46458333333333335 0.0234375 0.022916666666666665
2 0.33671875 0.45625 0.0234375 0.0375
2 0.0828125 0.4895833333333333 0.0625 0.16979166666666667