2 0.86171875 0.515625 0.0578125 0.16770833333333332
0 0.696875 0.49270833333333336 0.046875 0.07604166666666666
0 0.5703125 0.5072916666666667 0.228125 0.259375
2 0.21875 0.475 0.025 0.06666666666666667
2 0.31171875 0.4708333333333333 0.0203125 0.07395833333333333
2 0.2921875 0.47708333333333336 0.025 0.071875
2 0.27421875 0.4708333333333333 0.0234375 0.078125
2 0.18359375 0.478125 0.0296875 0.07083333333333333
2 0.89609375 0.475 0.0234375 0.058333333333333334
2 0.9171875 0.48020833333333335 0.025 0.07395833333333333
2 0.93671875 0.48020833333333335 0.0203125 0.07395833333333333
2 0.14453125 0.45 0.0203125 0.04479166666666667
2 0.13203125 0.453125 0.0203125 0.051041666666666666