2 0.61640625 0.465625 0.0453125 0.12291666666666666
2 0.70625 0.4510416666666667 0.025 0.078125
2 0.75390625 0.4708333333333333 0.0265625 0.10520833333333333
2 0.7890625 0.46875 0.03125 0.125
2 0.77578125 0.4875 0.0265625 0.11875
2 0.865625 0.47291666666666665 0.03125 0.13333333333333333
2 0.9 0.465625 0.0375 0.146875
0 0.4109375 0.46458333333333335 0.0375 0.046875
0 0.29140625 0.46979166666666666 0.0296875 0.04479166666666667
0 0.2578125 0.47604166666666664 0.05625 0.06875
0 0.19375 0.48020833333333335 0.075 0.08541666666666667
0 0.37421875 0.46875 0.0328125 0.027083333333333334
2 0.4890625 0.46041666666666664 0.01875 0.03958333333333333
2 0.1375 0.4822916666666667 0.021875 0.11354166666666667
2 0.1515625 0.4708333333333333 0.025 0.125
2 0.1203125 0.484375 0.034375 0.12083333333333333
2 0.0921875 0.48020833333333335 0.025 0.125
2 0.01328125 0.45208333333333334 0.0234375 0.04479166666666667