0 0.0515625 0.5052083333333334 0.103125 0.15833333333333333
0 0.11328125 0.49583333333333335 0.1609375 0.13645833333333332
0 0.184375 0.48125 0.078125 0.07604166666666666
0 0.26484375 0.46041666666666664 0.0546875 0.03958333333333333
0 0.46875 0.47708333333333336 0.046875 0.06458333333333334
0 0.6890625 0.48541666666666666 0.1875 0.13854166666666667
0 0.70859375 0.5229166666666667 0.1015625 0.13645833333333332
0 0.81484375 0.5083333333333333 0.1203125 0.203125
0 0.9078125 0.5270833333333333 0.175 0.28541666666666665
2 0.5640625 0.49166666666666664 0.046875 0.15208333333333332
2 0.51171875 0.490625 0.0453125 0.14791666666666667
2 0.39921875 0.4739583333333333 0.0234375 0.06041666666666667
2 0.38125 0.471875 0.025 0.06041666666666667
2 0.340625 0.46979166666666666 0.025 0.06041666666666667
0 0.603125 0.47604166666666664 0.05625 0.09583333333333334