0 0.096875 0.5854166666666667 0.190625 0.40625
0 0.290625 0.5364583333333334 0.1875 0.18541666666666667
0 0.37109375 0.4979166666666667 0.1359375 0.14479166666666668
0 0.4375 0.490625 0.071875 0.10208333333333333
0 0.47421875 0.48125 0.0421875 0.09166666666666666
0 0.5875 0.45208333333333334 0.0375 0.040625
0 0.61875 0.421875 0.015625 0.015625
0 0.6359375 0.4197916666666667 0.015625 0.019791666666666666
0 0.6421875 0.4239583333333333 0.015625 0.019791666666666666
0 0.6578125 0.4239583333333333 0.015625 0.019791666666666666
0 0.64375 0.45208333333333334 0.025 0.029166666666666667
0 0.67734375 0.47708333333333336 0.0703125 0.07604166666666666
2 0.765625 0.45625 0.01875 0.04479166666666667
2 0.8546875 0.5 0.0375 0.17604166666666668
2 0.8828125 0.525 0.03125 0.13645833333333332
0 0.80546875 0.49583333333333335 0.0578125 0.11354166666666667
0 0.9078125 0.5197916666666667 0.01875 0.07083333333333333