2 0.796875 0.5104166666666666 0.025 0.0875
2 0.67734375 0.5375 0.0296875 0.07395833333333333
2 0.6859375 0.478125 0.025 0.03125
0 0.61328125 0.5166666666666667 0.0984375 0.10729166666666666
0 0.5671875 0.5135416666666667 0.03125 0.08229166666666667
0 0.54375 0.49583333333333335 0.040625 0.05416666666666667
0 0.51796875 0.4864583333333333 0.0265625 0.035416666666666666
0 0.4703125 0.5010416666666667 0.059375 0.06875
0 0.43515625 0.45416666666666666 0.0140625 0.017708333333333333
0 0.4421875 0.46875 0.015625 0.019791666666666666
0 0.38671875 0.5020833333333333 0.0609375 0.07083333333333333
2 0.06328125 0.5239583333333333 0.0140625 0.06875
2 0.05390625 0.5208333333333334 0.0140625 0.071875