2 0.23984375 0.6302083333333334 0.0921875 0.2635416666666667
0 0.90234375 0.578125 0.1953125 0.16770833333333332
0 0.90546875 0.490625 0.0984375 0.07083333333333333
0 0.79921875 0.5333333333333333 0.1046875 0.11354166666666667
0 0.346875 0.5239583333333333 0.11875 0.10729166666666666
0 0.4015625 0.48333333333333334 0.078125 0.084375
0 0.6953125 0.49270833333333336 0.075 0.06458333333333334
0 0.64453125 0.46458333333333335 0.0484375 0.046875
0 0.61015625 0.46041666666666664 0.0359375 0.03958333333333333
0 0.52265625 0.440625 0.0359375 0.03333333333333333
0 0.2765625 0.465625 0.053125 0.06041666666666667
0 0.44375 0.45729166666666665 0.04375 0.042708333333333334
0 0.46015625 0.44583333333333336 0.0296875 0.0375
0 0.703125 0.440625 0.046875 0.029166666666666667