2 0.2484375 0.5302083333333333 0.040625 0.12291666666666666
2 0.27890625 0.509375 0.0234375 0.13333333333333333
2 0.296875 0.484375 0.01875 0.07395833333333333
0 0.4796875 0.47708333333333336 0.034375 0.040625
0 0.521875 0.4791666666666667 0.025 0.040625
2 0.5515625 0.47708333333333336 0.0125 0.04479166666666667
0 0.64296875 0.478125 0.0328125 0.03125
0 0.6828125 0.478125 0.046875 0.046875
0 0.74140625 0.4791666666666667 0.0734375 0.071875
0 0.7859375 0.475 0.028125 0.035416666666666666
0 0.87578125 0.48125 0.0671875 0.05625
2 0.9203125 0.47291666666666665 0.01875 0.05416666666666667
0 0.9609375 0.48125 0.078125 0.040625
0 0.8296875 0.48125 0.025 0.029166666666666667