2 0.73828125 0.46041666666666664 0.0203125 0.06041666666666667
2 0.75234375 0.45625 0.0203125 0.06458333333333334
2 0.76640625 0.45625 0.0234375 0.06458333333333334
2 0.325 0.4875 0.03125 0.11875
2 0.2375 0.4864583333333333 0.025 0.08541666666666667
2 0.18125 0.4947916666666667 0.034375 0.115625
2 0.0953125 0.49895833333333334 0.046875 0.115625
2 0.05546875 0.5135416666666667 0.0578125 0.13333333333333333
0 0.40625 0.4635416666666667 0.040625 0.040625
0 0.48515625 0.453125 0.0296875 0.027083333333333334
2 0.346875 0.46145833333333336 0.015625 0.04895833333333333
2 0.14765625 0.4875 0.0296875 0.1
2 0.36171875 0.46041666666666664 0.0203125 0.046875
2 0.3734375 0.46041666666666664 0.01875 0.042708333333333334
2 0.63984375 0.44583333333333336 0.0140625 0.03125
2 0.2640625 0.47291666666666665 0.021875 0.06666666666666667
2 0.203125 0.4791666666666667 0.025 0.09166666666666666