0 0.8 0.528125 0.296875 0.24375
0 0.6265625 0.46041666666666664 0.153125 0.15208333333333332
0 0.5296875 0.4427083333333333 0.06875 0.071875
0 0.0453125 0.571875 0.090625 0.19166666666666668
2 0.184375 0.48333333333333334 0.040625 0.11875
0 0.4859375 0.4197916666666667 0.040625 0.051041666666666666
0 0.32421875 0.4395833333333333 0.0546875 0.058333333333333334
0 0.35625 0.42083333333333334 0.034375 0.04479166666666667
0 0.3828125 0.4166666666666667 0.025 0.040625
0 0.21953125 0.43645833333333334 0.0421875 0.071875
0 0.39296875 0.39895833333333336 0.0234375 0.029166666666666667