2 0.428125 0.428125 0.01875 0.05416666666666667
0 0.36953125 0.44479166666666664 0.1046875 0.06041666666666667
0 0.47265625 0.4322916666666667 0.0796875 0.06041666666666667
0 0.5234375 0.440625 0.025 0.03333333333333333
0 0.53203125 0.42604166666666665 0.0296875 0.042708333333333334
0 0.55546875 0.428125 0.0265625 0.03958333333333333
0 0.58984375 0.42604166666666665 0.0265625 0.035416666666666666
2 0.60859375 0.45 0.0203125 0.084375
2 0.62578125 0.4479166666666667 0.0171875 0.084375
2 0.66953125 0.4114583333333333 0.0109375 0.025
2 0.6796875 0.41041666666666665 0.0125 0.027083333333333334
0 0.8625 0.43333333333333335 0.040625 0.046875