0 0.75390625 0.49583333333333335 0.2546875 0.23020833333333332
0 0.55703125 0.4552083333333333 0.0796875 0.08541666666666667
2 0.32265625 0.44375 0.0109375 0.042708333333333334
2 0.28515625 0.45208333333333334 0.0203125 0.04479166666666667
2 0.271875 0.440625 0.0125 0.021875
2 0.19140625 0.43125 0.0203125 0.042708333333333334
2 0.36015625 0.446875 0.0203125 0.042708333333333334
2 0.8828125 0.42291666666666666 0.021875 0.040625
2 0.6234375 0.453125 0.021875 0.078125
2 0.4171875 0.4479166666666667 0.0125 0.0375
2 0.4296875 0.44583333333333336 0.0125 0.0375