0 0.1890625 0.48125 0.09375 0.0875
0 0.2640625 0.4708333333333333 0.0625 0.0625
0 0.30234375 0.46770833333333334 0.0234375 0.04479166666666667
2 0.08671875 0.4791666666666667 0.0421875 0.115625
2 0.32109375 0.47604166666666664 0.0484375 0.115625
2 0.3703125 0.4822916666666667 0.0375 0.13333333333333333
2 0.41015625 0.48854166666666665 0.0546875 0.12083333333333333
2 0.9 0.459375 0.0375 0.14791666666666667
2 0.8625 0.471875 0.034375 0.13125
2 0.7703125 0.475 0.03125 0.11666666666666667
2 0.73984375 0.475 0.0359375 0.11354166666666667
2 0.709375 0.4510416666666667 0.025 0.07395833333333333
2 0.6859375 0.43020833333333336 0.028125 0.04479166666666667
2 0.79296875 0.4791666666666667 0.0265625 0.134375