0 0.84921875 0.5395833333333333 0.2984375 0.28541666666666665
2 0.66640625 0.46458333333333335 0.0203125 0.07083333333333333
2 0.646875 0.465625 0.01875 0.04479166666666667
2 0.60078125 0.46145833333333336 0.0203125 0.06041666666666667
0 0.565625 0.471875 0.046875 0.05625
0 0.5328125 0.46458333333333335 0.021875 0.042708333333333334
0 0.46953125 0.446875 0.0203125 0.022916666666666665
0 0.4359375 0.4479166666666667 0.01875 0.029166666666666667
0 0.45234375 0.46041666666666664 0.0265625 0.035416666666666666
0 0.3984375 0.46979166666666666 0.034375 0.040625
0 0.365625 0.47708333333333336 0.03125 0.05416666666666667
0 0.31640625 0.4822916666666667 0.0671875 0.08229166666666667
2 0.16875 0.475 0.01875 0.07395833333333333