0 0.690625 0.5302083333333333 0.11875 0.10729166666666666
0 0.6328125 0.5083333333333333 0.046875 0.06875
0 0.365625 0.4822916666666667 0.0625 0.058333333333333334
0 0.046875 0.5083333333333333 0.0875 0.11875
0 0.02890625 0.5416666666666666 0.0546875 0.12291666666666666
0 0.10703125 0.50625 0.0578125 0.078125
2 0.1953125 0.565625 0.04375 0.15416666666666667
0 0.60859375 0.5 0.0328125 0.058333333333333334
0 0.590625 0.49166666666666664 0.028125 0.046875
0 0.571875 0.48854166666666665 0.03125 0.046875
0 0.55625 0.48020833333333335 0.028125 0.042708333333333334
0 0.53828125 0.4739583333333333 0.0234375 0.0375