2 0.75546875 0.4635416666666667 0.0265625 0.084375
2 0.72734375 0.4708333333333333 0.0265625 0.08541666666666667
2 0.38984375 0.47604166666666664 0.0265625 0.06875
2 0.29765625 0.459375 0.0203125 0.0625
2 0.88828125 0.5125 0.0328125 0.11875
2 0.9125 0.509375 0.025 0.10520833333333333
2 0.93671875 0.5083333333333333 0.0265625 0.109375
2 0.9546875 0.5114583333333333 0.021875 0.10520833333333333
0 0.56328125 0.46145833333333336 0.0265625 0.029166666666666667
2 0.31328125 0.46145833333333336 0.0203125 0.06458333333333334
2 0.3421875 0.45729166666666665 0.01875 0.051041666666666666
2 0.4875 0.453125 0.0125 0.027083333333333334
2 0.503125 0.45416666666666666 0.0125 0.025
2 0.68046875 0.4552083333333333 0.0296875 0.051041666666666666
0 0.4546875 0.4583333333333333 0.021875 0.029166666666666667
2 0.71171875 0.4739583333333333 0.0203125 0.084375