0 0.4984375 0.51875 0.13125 0.12708333333333333
0 0.42890625 0.46770833333333334 0.0328125 0.0375
0 0.81953125 0.46145833333333336 0.0421875 0.06458333333333334
0 0.9265625 0.44895833333333335 0.14375 0.14791666666666667
0 0.9484375 0.49166666666666664 0.1 0.11666666666666667
2 0.7859375 0.475 0.028125 0.14479166666666668
2 0.765625 0.484375 0.040625 0.15625
2 0.73359375 0.47708333333333336 0.0421875 0.140625
2 0.615625 0.471875 0.021875 0.06458333333333334
2 0.034375 0.5083333333333333 0.025 0.071875
2 0.0125 0.5125 0.025 0.0875
2 0.12421875 0.4864583333333333 0.0234375 0.035416666666666666
2 0.5984375 0.45416666666666666 0.021875 0.053125
2 0.58046875 0.45416666666666666 0.0203125 0.053125