0 0.084375 0.47708333333333336 0.1625 0.2520833333333333
0 0.02734375 0.53125 0.0546875 0.26145833333333335
0 0.1765625 0.4895833333333333 0.040625 0.0875
0 0.1859375 0.4375 0.0875 0.06666666666666667
0 0.32265625 0.5604166666666667 0.3078125 0.3125
0 0.90546875 0.5104166666666666 0.1859375 0.271875
2 0.7953125 0.5291666666666667 0.08125 0.30833333333333335
2 0.70390625 0.5322916666666667 0.1265625 0.271875
2 0.57421875 0.48541666666666666 0.0359375 0.12291666666666666
2 0.6375 0.4791666666666667 0.040625 0.13125
2 0.53046875 0.471875 0.0328125 0.12291666666666666
2 0.54375 0.48020833333333335 0.034375 0.11666666666666667
2 0.471875 0.4552083333333333 0.028125 0.08229166666666667
2 0.50859375 0.4510416666666667 0.0203125 0.06666666666666667
0 0.43828125 0.459375 0.0296875 0.05416666666666667