0 0.68359375 0.43020833333333336 0.0828125 0.071875
0 0.821875 0.425 0.078125 0.06458333333333334
2 0.771875 0.41354166666666664 0.021875 0.084375
2 0.740625 0.41458333333333336 0.025 0.08541666666666667
2 0.56875 0.49895833333333334 0.071875 0.2125
2 0.509375 0.5041666666666667 0.05 0.1875
2 0.475 0.459375 0.034375 0.15208333333333332
2 0.41171875 0.4375 0.0453125 0.08958333333333333
2 0.44140625 0.5104166666666666 0.0828125 0.22083333333333333
2 0.37734375 0.5125 0.0671875 0.209375
2 0.284375 0.5177083333333333 0.1 0.25
2 0.23515625 0.5083333333333333 0.0609375 0.24375
2 0.1625 0.5145833333333333 0.075 0.22083333333333333
2 0.13359375 0.5041666666666667 0.0328125 0.19583333333333333
2 0.0953125 0.46875 0.046875 0.16458333333333333
2 0.0765625 0.540625 0.109375 0.25833333333333336
2 0.03125 0.5083333333333333 0.059375 0.24791666666666667
0 0.640625 0.41458333333333336 0.025 0.029166666666666667
2 0.609375 0.41354166666666664 0.0125 0.0375