0 0.34453125 0.48020833333333335 0.0421875 0.03958333333333333
0 0.38828125 0.49375 0.0796875 0.07395833333333333
0 0.46796875 0.46875 0.0421875 0.042708333333333334
2 0.94296875 0.553125 0.0578125 0.25416666666666665
2 0.96484375 0.6552083333333333 0.0671875 0.3729166666666667
2 0.15546875 0.4791666666666667 0.0265625 0.07604166666666666
2 0.12890625 0.48020833333333335 0.0234375 0.08229166666666667
2 0.73984375 0.4791666666666667 0.0203125 0.06041666666666667
2 0.5671875 0.46875 0.01875 0.046875
2 0.5359375 0.4635416666666667 0.015625 0.029166666666666667
2 0.23828125 0.4666666666666667 0.0203125 0.058333333333333334
2 0.6890625 0.47291666666666665 0.01875 0.051041666666666666
2 0.7 0.47604166666666664 0.015625 0.06041666666666667
2 0.71875 0.47604166666666664 0.01875 0.05625