2 0.92734375 0.475 0.0203125 0.09375
2 0.89296875 0.471875 0.0265625 0.09166666666666666
2 0.86640625 0.471875 0.0328125 0.09166666666666666
2 0.7046875 0.46875 0.025 0.08541666666666667
2 0.5015625 0.4875 0.05625 0.09166666666666666
2 0.38984375 0.45625 0.0234375 0.06458333333333334
2 0.05859375 0.4739583333333333 0.0328125 0.0875
0 0.25390625 0.49583333333333335 0.1828125 0.08541666666666667
2 0.115625 0.45208333333333334 0.021875 0.03333333333333333
2 0.09296875 0.45 0.0234375 0.03333333333333333
2 0.3203125 0.45729166666666665 0.015625 0.03958333333333333
2 0.61796875 0.4635416666666667 0.0203125 0.06041666666666667
0 0.41640625 0.45416666666666666 0.0265625 0.03333333333333333
0 0.48984375 0.46145833333333336 0.0265625 0.029166666666666667
0 0.48125 0.46041666666666664 0.028125 0.040625
0 0.4671875 0.45625 0.025 0.025