2 0.39140625 0.48541666666666666 0.0171875 0.0375
2 0.37578125 0.48541666666666666 0.0140625 0.040625
2 0.31796875 0.496875 0.0296875 0.11875
2 0.29453125 0.496875 0.0203125 0.09583333333333334
0 0.26953125 0.47708333333333336 0.0265625 0.0375
0 0.2453125 0.4708333333333333 0.021875 0.027083333333333334
0 0.20546875 0.4708333333333333 0.0265625 0.027083333333333334
0 0.1609375 0.4864583333333333 0.06875 0.058333333333333334
0 0.09765625 0.490625 0.0203125 0.0625
0 0.06484375 0.47604166666666664 0.0296875 0.03333333333333333
0 0.025 0.5083333333333333 0.05 0.08958333333333333
2 0.11796875 0.478125 0.0265625 0.07395833333333333