2 0.9875 0.521875 0.025 0.15208333333333332
2 0.95625 0.5177083333333333 0.040625 0.14479166666666668
2 0.60625 0.5354166666666667 0.046875 0.18333333333333332
2 0.38359375 0.559375 0.0671875 0.18541666666666667
0 0.690625 0.48854166666666665 0.090625 0.078125
0 0.35078125 0.515625 0.0421875 0.07395833333333333
0 0.41953125 0.475 0.0328125 0.06666666666666667
0 0.64609375 0.4895833333333333 0.0265625 0.06041666666666667
0 0.38203125 0.446875 0.0515625 0.046875
0 0.5546875 0.45208333333333334 0.025 0.03333333333333333
0 0.44140625 0.46770833333333334 0.0296875 0.053125