0 0.36953125 0.5875 0.5484375 0.25833333333333336
2 0.184375 0.4875 0.021875 0.05625
2 0.16640625 0.49166666666666664 0.0203125 0.06666666666666667
2 0.5828125 0.465625 0.03125 0.07604166666666666
2 0.68125 0.4875 0.0375 0.11875
2 0.7203125 0.475 0.040625 0.14479166666666668
0 0.81015625 0.4510416666666667 0.0609375 0.10208333333333333
0 0.925 0.4510416666666667 0.14375 0.14479166666666668
0 0.9515625 0.4895833333333333 0.09375 0.11875
2 0.12734375 0.48854166666666665 0.0203125 0.035416666666666666
2 0.11171875 0.496875 0.0203125 0.053125
2 0.61640625 0.4625 0.0203125 0.078125
2 0.6375 0.459375 0.021875 0.08229166666666667
2 0.64453125 0.44583333333333336 0.0234375 0.05625