2 0.70625 0.46770833333333334 0.046875 0.13125
2 0.6296875 0.46875 0.01875 0.08958333333333333
2 0.6125 0.4635416666666667 0.025 0.1
2 0.1796875 0.4895833333333333 0.021875 0.084375
2 0.16015625 0.49375 0.0234375 0.07083333333333333
2 0.44765625 0.465625 0.0203125 0.06875
0 0.83125 0.4708333333333333 0.025 0.07083333333333333
0 0.80546875 0.46041666666666664 0.0515625 0.071875
0 0.92578125 0.446875 0.1453125 0.140625
0 0.95 0.48854166666666665 0.096875 0.11666666666666667
2 0.4625 0.45729166666666665 0.015625 0.046875
2 0.47734375 0.45729166666666665 0.0140625 0.03958333333333333
2 0.12890625 0.4875 0.0171875 0.0375
2 0.3625 0.45729166666666665 0.0125 0.027083333333333334
2 0.38046875 0.4625 0.0109375 0.027083333333333334
2 0.39765625 0.46041666666666664 0.0109375 0.035416666666666666