2 0.0421875 0.5083333333333333 0.0625 0.228125
2 0.45546875 0.46458333333333335 0.0203125 0.06666666666666667
0 0.61015625 0.475 0.0265625 0.035416666666666666
0 0.67890625 0.47708333333333336 0.0359375 0.0375
0 0.721875 0.48020833333333335 0.05 0.046875
0 0.79296875 0.490625 0.0609375 0.07395833333333333
0 0.8640625 0.5 0.11875 0.109375
0 0.6578125 0.4739583333333333 0.021875 0.029166666666666667
2 0.24609375 0.43333333333333335 0.0234375 0.042708333333333334
2 0.2234375 0.4354166666666667 0.01875 0.042708333333333334
2 0.95546875 0.490625 0.0328125 0.07083333333333333
0 0.63671875 0.471875 0.0203125 0.025