2 0.76015625 0.6302083333333334 0.0921875 0.2635416666666667
0 0.09765625 0.578125 0.1953125 0.16770833333333332
0 0.09453125 0.490625 0.0984375 0.07083333333333333
0 0.20078125 0.5333333333333333 0.1046875 0.11354166666666667
0 0.653125 0.5239583333333333 0.11875 0.10729166666666666
0 0.5984375 0.48333333333333334 0.078125 0.084375
0 0.3046875 0.49270833333333336 0.075 0.06458333333333334
0 0.35546875 0.46458333333333335 0.0484375 0.046875
0 0.38984375 0.46041666666666664 0.0359375 0.03958333333333333
0 0.47734375 0.440625 0.0359375 0.03333333333333333
0 0.7234375 0.465625 0.053125 0.06041666666666667
0 0.55625 0.45729166666666665 0.04375 0.042708333333333334
0 0.53984375 0.44583333333333336 0.0296875 0.0375
0 0.296875 0.440625 0.046875 0.029166666666666667