2 0.10703125 0.48125 0.0421875 0.14270833333333333
2 0.0640625 0.4375 0.028125 0.03125
0 0.584375 0.45625 0.021875 0.021875
0 0.55078125 0.459375 0.0203125 0.027083333333333334
2 0.13125 0.44583333333333336 0.021875 0.03958333333333333
2 0.0875 0.4395833333333333 0.0125 0.027083333333333334
2 0.22265625 0.48125 0.1171875 0.321875
2 0.40703125 0.48541666666666666 0.0640625 0.20104166666666667
2 0.50703125 0.49166666666666664 0.0546875 0.19166666666666668
2 0.53359375 0.46458333333333335 0.0171875 0.06666666666666667
0 0.60625 0.4583333333333333 0.021875 0.025
0 0.62578125 0.465625 0.0234375 0.025