0 0.1921875 0.46041666666666664 0.05625 0.07395833333333333
0 0.07578125 0.4479166666666667 0.1453125 0.13854166666666667
2 0.015625 0.5166666666666667 0.028125 0.21666666666666667
2 0.06875 0.571875 0.1125 0.33958333333333335
2 0.29140625 0.4666666666666667 0.0328125 0.11666666666666667
2 0.35859375 0.44166666666666665 0.0328125 0.078125
0 0.47734375 0.5364583333333334 0.3859375 0.178125
2 0.871875 0.48854166666666665 0.01875 0.035416666666666666
2 0.55078125 0.45416666666666666 0.0234375 0.0375
2 0.8875 0.4947916666666667 0.021875 0.04479166666666667
0 0.2671875 0.46041666666666664 0.028125 0.06666666666666667
2 0.31171875 0.421875 0.0171875 0.027083333333333334
2 0.325 0.425 0.01875 0.0375