0 0.1890625 0.4322916666666667 0.071875 0.06041666666666667
2 0.24296875 0.4239583333333333 0.0203125 0.06666666666666667
2 0.26015625 0.4166666666666667 0.0203125 0.071875
2 0.30234375 0.4666666666666667 0.0421875 0.15208333333333332
2 0.34140625 0.4979166666666667 0.0421875 0.14791666666666667
2 0.36953125 0.4635416666666667 0.0265625 0.134375
2 0.4125 0.49895833333333334 0.034375 0.18125
2 0.453125 0.49270833333333336 0.05 0.178125
2 0.50859375 0.5083333333333333 0.0421875 0.17916666666666667
2 0.54140625 0.49270833333333336 0.0296875 0.15
2 0.5859375 0.5041666666666667 0.065625 0.19166666666666668
2 0.6375 0.509375 0.06875 0.16770833333333332
2 0.859375 0.525 0.103125 0.21875
0 0.71796875 0.42604166666666665 0.0859375 0.035416666666666666
2 0.3984375 0.4583333333333333 0.028125 0.10729166666666666
2 0.48671875 0.42916666666666664 0.0265625 0.0625
2 0.52734375 0.45 0.0203125 0.07604166666666666