2 0.33046875 0.503125 0.0421875 0.13854166666666667
2 0.3953125 0.48125 0.021875 0.021875
0 0.446875 0.5125 0.090625 0.084375
0 0.51953125 0.49166666666666664 0.0328125 0.0375
0 0.5390625 0.4875 0.021875 0.029166666666666667
0 0.5765625 0.4864583333333333 0.0375 0.022916666666666665
0 0.59609375 0.48020833333333335 0.0203125 0.022916666666666665
0 0.63359375 0.4947916666666667 0.0515625 0.06875
0 0.64375 0.5072916666666667 0.034375 0.053125
0 0.68203125 0.5083333333333333 0.0546875 0.07083333333333333
0 0.71640625 0.5229166666666667 0.0578125 0.0875
0 0.8453125 0.5354166666666667 0.225 0.20729166666666668