0 0.13515625 0.5708333333333333 0.1828125 0.14791666666666667
0 0.3375 0.4875 0.05625 0.05625
0 0.36328125 0.471875 0.0359375 0.05625
0 0.596875 0.49166666666666664 0.059375 0.06666666666666667
0 0.6390625 0.5229166666666667 0.0875 0.09791666666666667
0 0.703125 0.5541666666666667 0.146875 0.140625
0 0.94453125 0.8510416666666667 0.1015625 0.24791666666666667
2 0.40546875 0.44583333333333336 0.0140625 0.0375
2 0.42578125 0.45416666666666666 0.0140625 0.053125
0 0.565625 0.48541666666666666 0.034375 0.053125
0 0.5390625 0.453125 0.03125 0.035416666666666666
0 0.48828125 0.43645833333333334 0.0203125 0.025
0 0.03125 0.47708333333333336 0.0625 0.09583333333333334