0 0.0328125 0.5302083333333333 0.065625 0.13854166666666667
0 0.08828125 0.4822916666666667 0.1703125 0.19166666666666668
0 0.1796875 0.49270833333333336 0.034375 0.07604166666666666
0 0.190625 0.4552083333333333 0.115625 0.11354166666666667
0 0.2609375 0.42291666666666666 0.040625 0.04479166666666667
0 0.34453125 0.58125 0.3296875 0.30625
0 0.4578125 0.4552083333333333 0.1 0.09791666666666667
2 0.6296875 0.48125 0.05 0.1625
2 0.58984375 0.46041666666666664 0.0328125 0.12708333333333333
2 0.55078125 0.4791666666666667 0.0453125 0.15
2 0.74921875 0.5135416666666667 0.1171875 0.359375
2 0.94375 0.528125 0.109375 0.4
2 0.8546875 0.5510416666666667 0.096875 0.421875