0 0.05078125 0.6041666666666666 0.0984375 0.225
0 0.4609375 0.4635416666666667 0.06875 0.08020833333333334
0 0.50390625 0.46041666666666664 0.0328125 0.05416666666666667
0 0.65234375 0.46875 0.0421875 0.03958333333333333
0 0.72265625 0.471875 0.0234375 0.05625
0 0.5265625 0.46041666666666664 0.021875 0.035416666666666666
0 0.54375 0.459375 0.021875 0.027083333333333334
0 0.56484375 0.459375 0.0203125 0.022916666666666665
0 0.609375 0.459375 0.025 0.022916666666666665
0 0.625 0.46041666666666664 0.01875 0.025
0 0.6796875 0.46458333333333335 0.025 0.042708333333333334
0 0.7015625 0.46770833333333334 0.028125 0.05625
0 0.75078125 0.4708333333333333 0.0328125 0.046875
2 0.78046875 0.46458333333333335 0.0359375 0.08229166666666667
0 0.81015625 0.46875 0.0234375 0.042708333333333334
0 0.853125 0.4625 0.03125 0.046875
0 0.88671875 0.46041666666666664 0.0296875 0.040625
0 0.91328125 0.45625 0.0296875 0.04479166666666667
0 0.93984375 0.46145833333333336 0.0359375 0.053125