0 0.9453125 0.4708333333333333 0.109375 0.19583333333333333
0 0.66875 0.4666666666666667 0.075 0.078125
0 0.62890625 0.4625 0.0265625 0.07083333333333333
0 0.609375 0.46041666666666664 0.028125 0.051041666666666666
0 0.365625 0.4666666666666667 0.053125 0.08958333333333333
2 0.3421875 0.46770833333333334 0.053125 0.13125
0 0.29140625 0.4708333333333333 0.0765625 0.11354166666666667
2 0.57265625 0.4625 0.0546875 0.13645833333333332
2 0.55 0.4583333333333333 0.046875 0.15416666666666667
0 0.4046875 0.4666666666666667 0.05 0.058333333333333334
0 0.4375 0.45729166666666665 0.0625 0.06666666666666667