2 0.31484375 0.46979166666666666 0.0203125 0.04479166666666667
0 0.93203125 0.8520833333333333 0.1296875 0.2875
0 0.853125 0.6802083333333333 0.2875 0.259375
0 0.69453125 0.55 0.1515625 0.12708333333333333
0 0.6140625 0.51875 0.078125 0.1
0 0.56953125 0.471875 0.0453125 0.04479166666666667
0 0.09296875 0.48020833333333335 0.1203125 0.06666666666666667
0 0.16328125 0.459375 0.1359375 0.08958333333333333
0 0.28125 0.5375 0.121875 0.125
0 0.49296875 0.44166666666666665 0.0296875 0.027083333333333334
0 0.0390625 0.5197916666666667 0.0375 0.0625
0 0.440625 0.45416666666666666 0.028125 0.025
0 0.259375 0.46145833333333336 0.059375 0.03333333333333333
0 0.28125 0.4510416666666667 0.053125 0.035416666666666666