0 0.784375 0.49166666666666664 0.06875 0.09375
0 0.7140625 0.4864583333333333 0.06875 0.07395833333333333
0 0.52890625 0.4552083333333333 0.0328125 0.03125
0 0.1515625 0.5135416666666667 0.178125 0.15625
0 0.05625 0.565625 0.109375 0.18125
2 0.6515625 0.46875 0.028125 0.06666666666666667
2 0.61875 0.46875 0.028125 0.06666666666666667
2 0.3140625 0.5020833333333333 0.025 0.13333333333333333
2 0.2515625 0.5 0.03125 0.12083333333333333
0 0.3953125 0.453125 0.034375 0.042708333333333334
0 0.88046875 0.5083333333333333 0.1828125 0.15208333333333332
0 0.684375 0.471875 0.046875 0.06875
0 0.34453125 0.47604166666666664 0.0515625 0.071875
0 0.27421875 0.496875 0.0328125 0.071875
0 0.42421875 0.4583333333333333 0.0234375 0.029166666666666667
2 0.57890625 0.459375 0.0140625 0.03958333333333333
2 0.50703125 0.453125 0.0109375 0.027083333333333334
2 0.4953125 0.453125 0.0125 0.027083333333333334