2 0.6 0.5083333333333333 0.096875 0.209375
2 0.30703125 0.46979166666666666 0.0359375 0.07604166666666666
2 0.26953125 0.4822916666666667 0.0453125 0.09791666666666667
2 0.21640625 0.4875 0.0671875 0.16979166666666667
2 0.19921875 0.45625 0.0328125 0.06875
0 0.1640625 0.48020833333333335 0.065625 0.08958333333333333
0 0.54375 0.47708333333333336 0.06875 0.078125
0 0.0421875 0.49895833333333334 0.084375 0.115625
0 0.37421875 0.475 0.0484375 0.042708333333333334
0 0.50859375 0.48125 0.0234375 0.04479166666666667
0 0.4984375 0.47708333333333336 0.028125 0.042708333333333334
0 0.40390625 0.46875 0.0265625 0.03125