2 0.31875 0.4822916666666667 0.053125 0.140625
2 0.6796875 0.46979166666666666 0.053125 0.146875
2 0.80078125 0.453125 0.0359375 0.125
2 0.8359375 0.45625 0.0375 0.10729166666666666
2 0.909375 0.459375 0.0375 0.10208333333333333
0 0.5234375 0.46979166666666666 0.090625 0.09166666666666666
0 0.54609375 0.44479166666666664 0.0734375 0.084375
0 0.60390625 0.4166666666666667 0.0328125 0.0375
1 0.25625 0.534375 0.04375 0.06458333333333334
1 0.0390625 0.553125 0.0375 0.042708333333333334
0 0.7703125 0.40625 0.04375 0.06666666666666667
0 0.978125 0.4166666666666667 0.04375 0.07604166666666666