0 0.259375 0.5572916666666666 0.471875 0.23229166666666667
0 0.3296875 0.44375 0.090625 0.0625
0 0.60390625 0.4510416666666667 0.0359375 0.058333333333333334
0 0.6578125 0.45729166666666665 0.065625 0.08229166666666667
0 0.79375 0.471875 0.15625 0.13125
2 0.70078125 0.4625 0.0421875 0.13333333333333333
0 0.959375 0.434375 0.078125 0.1
0 0.425 0.4479166666666667 0.01875 0.040625
0 0.4078125 0.45 0.0375 0.05625
0 0.40546875 0.46145833333333336 0.0296875 0.053125
2 0.2546875 0.4375 0.028125 0.022916666666666665
2 0.28671875 0.434375 0.0203125 0.021875
0 0.57421875 0.44895833333333335 0.0265625 0.042708333333333334
0 0.5515625 0.44583333333333336 0.021875 0.0375
0 0.540625 0.43645833333333334 0.025 0.0375
0 0.946875 0.41458333333333336 0.096875 0.09583333333333334