0 0.215625 0.4864583333333333 0.053125 0.08958333333333333
0 0.2578125 0.49583333333333335 0.025 0.051041666666666666
0 0.28203125 0.46979166666666666 0.0609375 0.09166666666666666
0 0.5515625 0.4708333333333333 0.065625 0.058333333333333334
2 0.353125 0.534375 0.0625 0.18125
2 0.4546875 0.5020833333333333 0.034375 0.11666666666666667
2 0.48359375 0.48333333333333334 0.0296875 0.10729166666666666
0 0.76640625 0.459375 0.1171875 0.07395833333333333
0 0.8796875 0.4395833333333333 0.109375 0.07083333333333333
0 0.4203125 0.4635416666666667 0.025 0.029166666666666667
0 0.51171875 0.46875 0.0265625 0.042708333333333334