1 0.87265625 0.5583333333333333 0.0453125 0.03125
2 0.8203125 0.5052083333333334 0.03125 0.12708333333333333
2 0.3796875 0.48125 0.025 0.0875
0 0.63046875 0.503125 0.1203125 0.11875
0 0.94765625 0.859375 0.0953125 0.265625
0 0.565625 0.47708333333333336 0.0375 0.058333333333333334
0 0.440625 0.46875 0.053125 0.058333333333333334
0 0.3359375 0.49166666666666664 0.03125 0.06041666666666667
0 0.30546875 0.4947916666666667 0.0578125 0.06875
0 0.2734375 0.5104166666666666 0.0625 0.084375
0 0.21328125 0.534375 0.1171875 0.10729166666666666
0 0.46640625 0.44375 0.0234375 0.027083333333333334
0 0.490625 0.440625 0.021875 0.025
2 0.50234375 0.45208333333333334 0.0203125 0.04479166666666667
0 0.546875 0.4739583333333333 0.03125 0.053125
0 0.54921875 0.46041666666666664 0.0515625 0.0625