2 0.7453125 0.5354166666666667 0.059375 0.24583333333333332
0 0.43828125 0.48333333333333334 0.0328125 0.03333333333333333
0 0.35546875 0.484375 0.0421875 0.046875
0 0.23984375 0.490625 0.0265625 0.022916666666666665
0 0.2046875 0.48541666666666666 0.03125 0.040625
0 0.18984375 0.48541666666666666 0.0515625 0.0375
0 0.14375 0.484375 0.034375 0.03958333333333333
0 0.0984375 0.48333333333333334 0.04375 0.04479166666666667
0 0.08203125 0.49583333333333335 0.0296875 0.03125
0 0.0375 0.49166666666666664 0.03125 0.053125
0 0.01484375 0.5010416666666667 0.0203125 0.040625