0 0.05859375 0.5677083333333334 0.1171875 0.22083333333333333
0 0.20546875 0.4625 0.0703125 0.05416666666666667
0 0.34140625 0.459375 0.0765625 0.046875
0 0.27890625 0.44166666666666665 0.0546875 0.046875
0 0.71015625 0.5083333333333333 0.1015625 0.109375
0 0.615625 0.47604166666666664 0.0375 0.04479166666666667
0 0.640625 0.49166666666666664 0.040625 0.046875
0 0.8125 0.5666666666666667 0.18125 0.15208333333333332
0 0.9015625 0.6427083333333333 0.19375 0.28125
2 0.76328125 0.49375 0.0328125 0.09791666666666667
2 0.728125 0.528125 0.0375 0.12708333333333333
0 0.565625 0.46875 0.03125 0.03125
2 0.4421875 0.4625 0.015625 0.03958333333333333
0 0.228125 0.45625 0.059375 0.06458333333333334
0 0.27421875 0.4635416666666667 0.0484375 0.053125
0 0.51015625 0.4583333333333333 0.0203125 0.021875
0 0.6578125 0.49583333333333335 0.0375 0.06666666666666667
0 0.4171875 0.459375 0.034375 0.027083333333333334