0 0.36328125 0.484375 0.0671875 0.058333333333333334
0 0.67578125 0.47291666666666665 0.0421875 0.07395833333333333
0 0.5640625 0.4875 0.025 0.0375
2 0.54453125 0.48333333333333334 0.0265625 0.09166666666666666
2 0.4421875 0.46875 0.028125 0.058333333333333334
2 0.46171875 0.5447916666666667 0.0765625 0.21041666666666667
2 0.64765625 0.55 0.0703125 0.24791666666666667
2 0.70234375 0.5 0.0359375 0.13645833333333332
2 0.7359375 0.5354166666666667 0.065625 0.21041666666666667
2 0.78046875 0.46041666666666664 0.0359375 0.09375
2 0.80234375 0.5666666666666667 0.0984375 0.31666666666666665
2 0.85859375 0.4708333333333333 0.0359375 0.12083333333333333
2 0.89375 0.5489583333333333 0.078125 0.28541666666666665
2 0.96328125 0.54375 0.0671875 0.2833333333333333
2 0.153125 0.453125 0.0125 0.035416666666666666
2 0.16171875 0.453125 0.0140625 0.035416666666666666
2 0.2421875 0.45625 0.0125 0.0375
2 0.93984375 0.45729166666666665 0.0171875 0.046875