0 0.565625 0.48541666666666666 0.05 0.071875
0 0.60234375 0.48854166666666665 0.0546875 0.08958333333333333
0 0.66015625 0.5 0.1328125 0.11666666666666667
2 0.06875 0.46979166666666666 0.021875 0.07604166666666666
2 0.17734375 0.471875 0.0203125 0.06041666666666667
2 0.1625 0.4739583333333333 0.01875 0.06041666666666667
2 0.528125 0.4552083333333333 0.01875 0.035416666666666666
2 0.4984375 0.45416666666666666 0.01875 0.040625
2 0.29296875 0.4583333333333333 0.0203125 0.0375
2 0.3078125 0.45625 0.01875 0.0375
2 0.12578125 0.4708333333333333 0.0265625 0.078125
2 0.08671875 0.4708333333333333 0.0203125 0.0625