2 0.29296875 0.5010416666666667 0.0265625 0.115625
2 0.4359375 0.49270833333333336 0.040625 0.12291666666666666
2 0.4859375 0.484375 0.034375 0.09791666666666667
2 0.859375 0.46770833333333334 0.025 0.05625
2 0.94453125 0.496875 0.0484375 0.10729166666666666
0 0.54296875 0.49583333333333335 0.0921875 0.07395833333333333
0 0.6359375 0.490625 0.096875 0.0625
0 0.75625 0.48020833333333335 0.1125 0.07395833333333333
0 0.8234375 0.478125 0.034375 0.046875
2 0.6703125 0.46145833333333336 0.021875 0.0375
2 0.65390625 0.453125 0.0203125 0.022916666666666665
2 0.603125 0.45729166666666665 0.021875 0.03125
2 0.5609375 0.45416666666666666 0.01875 0.025
2 0.87890625 0.4708333333333333 0.0234375 0.0625
2 0.9046875 0.471875 0.01875 0.05625
2 0.97890625 0.471875 0.0234375 0.06041666666666667
2 0.6328125 0.453125 0.01875 0.022916666666666665