0 0.3140625 0.5135416666666667 0.1875 0.19166666666666668
0 0.4265625 0.5 0.04375 0.078125
0 0.44921875 0.4979166666666667 0.0265625 0.051041666666666666
0 0.46953125 0.49583333333333335 0.0203125 0.03958333333333333
0 0.51171875 0.4979166666666667 0.0234375 0.022916666666666665
0 0.55546875 0.5010416666666667 0.0203125 0.025
0 0.584375 0.49375 0.021875 0.03958333333333333
0 0.6109375 0.496875 0.034375 0.053125
0 0.6609375 0.49375 0.0625 0.07083333333333333
0 0.746875 0.5104166666666666 0.1125 0.09166666666666666
2 0.82578125 0.490625 0.0203125 0.08229166666666667
0 0.91640625 0.5208333333333334 0.1671875 0.18541666666666667