2 0.78046875 0.4635416666666667 0.0265625 0.071875
2 0.71953125 0.46145833333333336 0.0265625 0.07604166666666666
2 0.21875 0.44583333333333336 0.034375 0.078125
2 0.134375 0.490625 0.0625 0.13645833333333332
2 0.190625 0.6208333333333333 0.125 0.26145833333333335
2 0.96328125 0.5270833333333333 0.0703125 0.19895833333333332
0 0.54453125 0.47604166666666664 0.0296875 0.040625
0 0.5421875 0.46041666666666664 0.040625 0.051041666666666666
0 0.5796875 0.48541666666666666 0.0625 0.06458333333333334
0 0.26328125 0.4666666666666667 0.0609375 0.0625
2 0.6859375 0.46041666666666664 0.01875 0.06875
2 0.0421875 0.428125 0.025 0.03958333333333333
2 0.0640625 0.4395833333333333 0.021875 0.027083333333333334
2 0.07890625 0.43854166666666666 0.0203125 0.025
2 0.85 0.440625 0.03125 0.03333333333333333
0 0.19140625 0.46770833333333334 0.0265625 0.0375
2 0.17578125 0.4510416666666667 0.0203125 0.05416666666666667