2 0.659375 0.5083333333333333 0.059375 0.16979166666666667
2 0.6046875 0.49270833333333336 0.03125 0.115625
2 0.62421875 0.48020833333333335 0.0296875 0.10520833333333333
0 0.1515625 0.46145833333333336 0.1125 0.09166666666666666
0 0.06640625 0.5635416666666667 0.1296875 0.23229166666666667
0 0.2015625 0.5135416666666667 0.1625 0.12916666666666668
0 0.37109375 0.48020833333333335 0.0796875 0.0625
0 0.77578125 0.4791666666666667 0.0609375 0.071875
0 0.85 0.46041666666666664 0.053125 0.046875
0 0.71640625 0.5302083333333333 0.0953125 0.103125
0 0.86640625 0.596875 0.2515625 0.22083333333333333
0 0.48125 0.4552083333333333 0.03125 0.035416666666666666
2 0.37890625 0.44166666666666665 0.0203125 0.022916666666666665
0 0.3734375 0.4427083333333333 0.05 0.029166666666666667
0 0.4109375 0.47604166666666664 0.0375 0.05625
0 0.428125 0.475 0.025 0.042708333333333334
0 0.43359375 0.4666666666666667 0.0421875 0.058333333333333334
0 0.4984375 0.45208333333333334 0.021875 0.029166666666666667
0 0.73046875 0.45625 0.0453125 0.0375