2 0.3484375 0.5083333333333333 0.053125 0.171875
2 0.4171875 0.48125 0.0375 0.13854166666666667
2 0.72421875 0.48020833333333335 0.0421875 0.17916666666666667
2 0.78671875 0.48125 0.0453125 0.18125
0 0.81953125 0.459375 0.0453125 0.07083333333333333
0 0.92578125 0.44895833333333335 0.1453125 0.140625
0 0.95078125 0.490625 0.0953125 0.12083333333333333
2 0.64375 0.45 0.021875 0.029166666666666667
2 0.16875 0.47708333333333336 0.01875 0.0375
2 0.12734375 0.48541666666666666 0.0203125 0.03333333333333333
2 0.1140625 0.490625 0.01875 0.051041666666666666
2 0.59609375 0.4583333333333333 0.0203125 0.05625
2 0.61484375 0.46145833333333336 0.0203125 0.05625