2 0.7 0.4895833333333333 0.021875 0.071875
2 0.1078125 0.4791666666666667 0.028125 0.07604166666666666
2 0.1625 0.471875 0.021875 0.071875
0 0.9515625 0.7395833333333334 0.09375 0.21666666666666667
0 0.83984375 0.6239583333333333 0.2828125 0.20104166666666667
0 0.525 0.47291666666666665 0.059375 0.06666666666666667
0 0.46640625 0.4427083333333333 0.0265625 0.03333333333333333
0 0.40625 0.4375 0.021875 0.027083333333333334
0 0.96953125 0.48125 0.0203125 0.06875
0 0.9265625 0.4895833333333333 0.046875 0.06041666666666667
2 0.21171875 0.44895833333333335 0.0203125 0.042708333333333334