2 0.92734375 0.48854166666666665 0.0296875 0.06666666666666667
2 0.4625 0.4583333333333333 0.01875 0.06041666666666667
2 0.4765625 0.45729166666666665 0.01875 0.0625
0 0.159375 0.6208333333333333 0.278125 0.265625
0 0.3015625 0.5625 0.11875 0.13645833333333332
0 0.334375 0.5364583333333334 0.084375 0.103125
0 0.36875 0.4947916666666667 0.109375 0.10729166666666666
0 0.42109375 0.4739583333333333 0.0578125 0.06875
0 0.61171875 0.46458333333333335 0.0484375 0.0625
0 0.678125 0.49375 0.046875 0.06666666666666667
0 0.69765625 0.5083333333333333 0.0546875 0.08229166666666667
0 0.7796875 0.5229166666666667 0.13125 0.13645833333333332
0 0.89140625 0.5875 0.1765625 0.15208333333333332
0 0.9609375 0.6427083333333333 0.078125 0.19895833333333332
0 0.5765625 0.453125 0.021875 0.03958333333333333
0 0.29453125 0.46979166666666666 0.0515625 0.040625