2 0.97890625 0.6697916666666667 0.0390625 0.6520833333333333
2 0.85234375 0.546875 0.1984375 0.46041666666666664
2 0.66953125 0.46458333333333335 0.0234375 0.09791666666666667
2 0.64375 0.46875 0.028125 0.08541666666666667
2 0.15703125 0.490625 0.0234375 0.05416666666666667
0 0.45390625 0.4666666666666667 0.0328125 0.03958333333333333
2 0.12421875 0.4875 0.0203125 0.03333333333333333
2 0.109375 0.49583333333333335 0.025 0.051041666666666666
2 0.3765625 0.4625 0.021875 0.046875
2 0.59375 0.45625 0.021875 0.053125
2 0.55390625 0.45729166666666665 0.0203125 0.042708333333333334
0 0.80078125 0.46458333333333335 0.0515625 0.0625
0 0.42109375 0.4625 0.0296875 0.027083333333333334