2 0.0515625 0.5635416666666667 0.090625 0.2833333333333333
2 0.10703125 0.5375 0.0484375 0.18333333333333332
2 0.15703125 0.5291666666666667 0.0578125 0.19583333333333333
0 0.203125 0.4739583333333333 0.090625 0.103125
0 0.25859375 0.46145833333333336 0.0671875 0.09583333333333334
0 0.3734375 0.5833333333333334 0.2625 0.25625
0 0.734375 0.45416666666666666 0.1625 0.040625
0 0.71875 0.5229166666666667 0.2 0.146875
0 0.83359375 0.521875 0.3296875 0.24583333333333332
0 0.925 0.5822916666666667 0.146875 0.23854166666666668
2 0.5515625 0.5135416666666667 0.059375 0.19583333333333333
2 0.5953125 0.5322916666666667 0.053125 0.196875
0 0.36328125 0.4479166666666667 0.0796875 0.025
2 0.45546875 0.4552083333333333 0.0203125 0.042708333333333334
2 0.478125 0.46458333333333335 0.021875 0.06666666666666667
2 0.4890625 0.46979166666666666 0.028125 0.0875