2 0.90390625 0.5364583333333334 0.0828125 0.3104166666666667
2 0.84296875 0.6229166666666667 0.0953125 0.36666666666666664
2 0.7296875 0.4635416666666667 0.034375 0.13125
2 0.59921875 0.571875 0.0890625 0.296875
2 0.446875 0.4666666666666667 0.0625 0.16458333333333333
2 0.43359375 0.6385416666666667 0.1078125 0.36666666666666664
2 0.36015625 0.49583333333333335 0.0296875 0.10520833333333333
2 0.33984375 0.49375 0.0234375 0.109375
0 0.0890625 0.5520833333333334 0.178125 0.196875
0 0.1703125 0.46770833333333334 0.340625 0.228125
2 0.971875 0.6416666666666667 0.053125 0.4625