0 0.72578125 0.465625 0.1171875 0.06458333333333334
0 0.85859375 0.45416666666666666 0.1046875 0.06041666666666667
0 0.44453125 0.475 0.0484375 0.042708333333333334
0 0.3734375 0.484375 0.05625 0.058333333333333334
0 0.31171875 0.50625 0.0921875 0.12083333333333333
0 0.23828125 0.5270833333333333 0.1546875 0.140625
0 0.175 0.5770833333333333 0.196875 0.178125
0 0.096875 0.6520833333333333 0.190625 0.31666666666666665
2 0.9390625 0.48854166666666665 0.04375 0.140625
1 0.9765625 0.540625 0.028125 0.03958333333333333
0 0.9671875 0.4510416666666667 0.053125 0.10208333333333333
0 0.52578125 0.459375 0.0296875 0.03125
0 0.40390625 0.47708333333333336 0.0328125 0.04479166666666667
0 0.35625 0.5010416666666667 0.04375 0.07604166666666666
0 0.559375 0.45729166666666665 0.021875 0.03125