2 0.171875 0.4864583333333333 0.01875 0.05416666666666667
2 0.64453125 0.4791666666666667 0.0453125 0.10729166666666666
2 0.68125 0.4666666666666667 0.0375 0.140625
0 0.809375 0.4625 0.0625 0.07395833333333333
0 0.9265625 0.44895833333333335 0.14375 0.140625
0 0.94921875 0.48854166666666665 0.0859375 0.125
2 0.375 0.46041666666666664 0.0125 0.027083333333333334
0 0.72890625 0.46041666666666664 0.0328125 0.058333333333333334
2 0.5875 0.45625 0.015625 0.05625
2 0.6015625 0.4552083333333333 0.01875 0.05416666666666667
2 0.61015625 0.46041666666666664 0.0203125 0.051041666666666666
2 0.1265625 0.4875 0.021875 0.03333333333333333
2 0.1078125 0.4895833333333333 0.021875 0.04895833333333333