2 0.6953125 0.49166666666666664 0.04375 0.13645833333333332
2 0.7265625 0.475 0.053125 0.16770833333333332
0 0.81015625 0.459375 0.0609375 0.07395833333333333
0 0.92578125 0.44895833333333335 0.1453125 0.14479166666666668
0 0.95078125 0.48854166666666665 0.0953125 0.12916666666666668
2 0.3734375 0.46041666666666664 0.0125 0.022916666666666665
2 0.1703125 0.48125 0.015625 0.04479166666666667
0 0.646875 0.4479166666666667 0.025 0.029166666666666667
2 0.1265625 0.48854166666666665 0.021875 0.03125
2 0.11015625 0.49583333333333335 0.0203125 0.051041666666666666
2 0.56875 0.45416666666666666 0.021875 0.05625
2 0.58984375 0.4583333333333333 0.0203125 0.053125