2 0.1890625 0.45416666666666666 0.01875 0.06458333333333334
2 0.6265625 0.45 0.021875 0.06875
0 0.95546875 0.4666666666666667 0.0234375 0.078125
0 0.9890625 0.46770833333333334 0.01875 0.09166666666666666
0 0.7125 0.509375 0.184375 0.16458333333333333
0 0.50703125 0.45625 0.0234375 0.029166666666666667
0 0.53515625 0.4635416666666667 0.0453125 0.040625
0 0.4453125 0.45416666666666666 0.053125 0.06041666666666667
0 0.29921875 0.4583333333333333 0.0546875 0.04479166666666667
2 0.16328125 0.45625 0.0265625 0.07604166666666666
0 0.48671875 0.4552083333333333 0.0265625 0.027083333333333334