2 0.4375 0.48125 0.028125 0.06875
2 0.4734375 0.47291666666666665 0.025 0.0625
2 0.521875 0.4625 0.01875 0.05416666666666667
0 0.11015625 0.6739583333333333 0.2109375 0.34791666666666665
0 0.2875 0.5208333333333334 0.159375 0.1625
0 0.36875 0.490625 0.05625 0.08541666666666667
0 0.60546875 0.46875 0.0515625 0.06666666666666667
0 0.65078125 0.49270833333333336 0.0734375 0.06875
0 0.725 0.528125 0.11875 0.10729166666666666
0 0.92109375 0.4895833333333333 0.1015625 0.084375
0 0.94375 0.634375 0.109375 0.20729166666666668
0 0.97578125 0.490625 0.0484375 0.08541666666666667
0 0.57109375 0.4625 0.0234375 0.046875
0 0.56328125 0.459375 0.0203125 0.03958333333333333
0 0.540625 0.446875 0.021875 0.027083333333333334