0 0.4828125 0.5125 0.1375 0.11875
0 0.809375 0.4625 0.05 0.07395833333333333
0 0.92734375 0.4510416666666667 0.1421875 0.14479166666666668
0 0.95 0.4864583333333333 0.096875 0.12083333333333333
2 0.7546875 0.47708333333333336 0.04375 0.140625
2 0.7171875 0.47708333333333336 0.046875 0.13645833333333332
2 0.03671875 0.5072916666666667 0.0234375 0.07604166666666666
2 0.0140625 0.50625 0.028125 0.08541666666666667
2 0.12578125 0.484375 0.0234375 0.03958333333333333
2 0.6109375 0.46875 0.025 0.07083333333333333
0 0.64375 0.4479166666666667 0.028125 0.029166666666666667
2 0.5765625 0.4583333333333333 0.01875 0.040625