0 0.88203125 0.5010416666666667 0.2328125 0.365625
0 0.73984375 0.54375 0.0578125 0.11875
0 0.728125 0.47708333333333336 0.08125 0.1
2 0.6625 0.5114583333333333 0.021875 0.11666666666666667
0 0.640625 0.5072916666666667 0.053125 0.115625
0 0.58828125 0.5052083333333334 0.0515625 0.071875
0 0.51875 0.5010416666666667 0.10625 0.20104166666666667
2 0.459375 0.5302083333333333 0.08125 0.2635416666666667
2 0.403125 0.47708333333333336 0.03125 0.07083333333333333
0 0.35703125 0.4947916666666667 0.0328125 0.06875
0 0.3203125 0.4947916666666667 0.0875 0.103125
0 0.25078125 0.5135416666666667 0.1140625 0.14791666666666667
2 0.1609375 0.5229166666666667 0.065625 0.25
0 0.05625 0.5041666666666667 0.1125 0.40625
0 0.1234375 0.51875 0.05625 0.16979166666666667
0 0.37734375 0.4979166666666667 0.0296875 0.046875
2 0.68984375 0.5354166666666667 0.0328125 0.10208333333333333