2 0.2203125 0.4270833333333333 0.021875 0.071875
2 0.26953125 0.471875 0.0578125 0.13125
2 0.7390625 0.42916666666666664 0.025 0.078125
2 0.81484375 0.45625 0.0328125 0.11875
2 0.8359375 0.4479166666666667 0.025 0.12708333333333333
2 0.9421875 0.4395833333333333 0.0375 0.08541666666666667
0 0.56640625 0.4354166666666667 0.0328125 0.035416666666666666
0 0.43125 0.4270833333333333 0.025 0.040625
0 0.44765625 0.43020833333333336 0.0203125 0.03333333333333333
0 0.45546875 0.428125 0.0203125 0.03125
2 0.48515625 0.425 0.0140625 0.029166666666666667
2 0.50078125 0.425 0.0140625 0.029166666666666667