0 0.4484375 0.48125 0.075 0.0875
2 0.97109375 0.49895833333333334 0.0515625 0.146875
2 0.91953125 0.4979166666666667 0.0484375 0.13333333333333333
2 0.83984375 0.4864583333333333 0.0578125 0.17604166666666668
2 0.77265625 0.4822916666666667 0.0484375 0.12083333333333333
2 0.7078125 0.46145833333333336 0.028125 0.06041666666666667
2 0.64375 0.4583333333333333 0.028125 0.03333333333333333
0 0.490625 0.478125 0.021875 0.046875
0 0.503125 0.47708333333333336 0.025 0.042708333333333334
2 0.6734375 0.471875 0.025 0.06041666666666667
0 0.6 0.4739583333333333 0.03125 0.029166666666666667