2 0.94921875 0.43854166666666666 0.0203125 0.07604166666666666
2 0.728125 0.46770833333333334 0.025 0.071875
2 0.6421875 0.4510416666666667 0.021875 0.046875
0 0.1125 0.6364583333333333 0.21875 0.296875
2 0.4109375 0.459375 0.0125 0.03125
2 0.421875 0.459375 0.0125 0.027083333333333334
2 0.43203125 0.4583333333333333 0.0140625 0.029166666666666667
2 0.29375 0.46458333333333335 0.01875 0.035416666666666666
2 0.303125 0.46979166666666666 0.01875 0.05625
2 0.3390625 0.4552083333333333 0.01875 0.03125
2 0.66171875 0.42916666666666664 0.0203125 0.027083333333333334
2 0.59453125 0.4552083333333333 0.0203125 0.046875
2 0.61171875 0.45625 0.0203125 0.04479166666666667
0 0.3671875 0.478125 0.05625 0.06666666666666667
0 0.228125 0.54375 0.18125 0.20104166666666667
2 0.490625 0.45729166666666665 0.0125 0.03125
2 0.553125 0.453125 0.015625 0.035416666666666666