0 0.4921875 0.48854166666666665 0.1 0.09791666666666667
0 0.40546875 0.453125 0.0234375 0.03125
0 0.35546875 0.46979166666666666 0.0609375 0.04479166666666667
2 0.5734375 0.4510416666666667 0.0125 0.042708333333333334
2 0.42734375 0.46770833333333334 0.0359375 0.0875
2 0.25390625 0.4666666666666667 0.0296875 0.06666666666666667
2 0.27578125 0.46875 0.0234375 0.05416666666666667
2 0.6171875 0.4510416666666667 0.021875 0.05416666666666667
2 0.68515625 0.46041666666666664 0.0203125 0.06875
2 0.70625 0.4510416666666667 0.021875 0.051041666666666666
2 0.30234375 0.46875 0.0203125 0.07083333333333333
2 0.91875 0.44479166666666664 0.01875 0.07604166666666666
2 0.2125 0.46041666666666664 0.01875 0.046875
2 0.93203125 0.446875 0.0203125 0.078125