2 0.34921875 0.4635416666666667 0.0265625 0.09166666666666666
2 0.33046875 0.46041666666666664 0.0234375 0.1
2 0.3109375 0.465625 0.028125 0.09583333333333334
0 0.19140625 0.4635416666666667 0.0546875 0.071875
0 0.0734375 0.4510416666666667 0.14375 0.15208333333333332
0 0.05078125 0.490625 0.0953125 0.13333333333333333
2 0.884375 0.49375 0.025 0.058333333333333334
2 0.86640625 0.49166666666666664 0.0234375 0.06041666666666667
2 0.40234375 0.46041666666666664 0.0265625 0.06458333333333334
0 0.27265625 0.46041666666666664 0.0359375 0.06041666666666667
0 0.5859375 0.46145833333333336 0.025 0.029166666666666667
0 0.5578125 0.46458333333333335 0.040625 0.042708333333333334
2 0.62109375 0.46458333333333335 0.0203125 0.03958333333333333
2 0.44296875 0.46041666666666664 0.0140625 0.04895833333333333
2 0.453125 0.46041666666666664 0.0125 0.046875