2 0.59609375 0.48125 0.0328125 0.1
2 0.55 0.4708333333333333 0.021875 0.09375
2 0.30703125 0.47708333333333336 0.0453125 0.16458333333333333
2 0.271875 0.47604166666666664 0.0375 0.146875
0 0.190625 0.4625 0.053125 0.078125
0 0.07578125 0.44895833333333335 0.1453125 0.14791666666666667
0 0.0484375 0.4895833333333333 0.09375 0.12708333333333333
0 0.35625 0.44895833333333335 0.028125 0.03125
2 0.828125 0.47708333333333336 0.01875 0.040625
2 0.8703125 0.4895833333333333 0.01875 0.03333333333333333
2 0.4203125 0.45416666666666666 0.01875 0.053125
2 0.375 0.45625 0.021875 0.05625
2 0.39296875 0.45625 0.0203125 0.06041666666666667
2 0.615625 0.46145833333333336 0.009375 0.029166666666666667
2 0.62421875 0.4635416666666667 0.0109375 0.029166666666666667
2 0.63359375 0.4666666666666667 0.0140625 0.027083333333333334