0 0.08671875 0.5416666666666666 0.1671875 0.1625
0 0.2546875 0.496875 0.128125 0.09583333333333334
0 0.359375 0.478125 0.1 0.08541666666666667
0 0.59765625 0.47708333333333336 0.0546875 0.05625
0 0.63125 0.503125 0.08125 0.0875
0 0.7015625 0.5322916666666667 0.140625 0.134375
2 0.5609375 0.46458333333333335 0.01875 0.03958333333333333
2 0.43828125 0.45625 0.0140625 0.0375
2 0.4640625 0.45625 0.01875 0.03333333333333333
2 0.484375 0.4635416666666667 0.01875 0.0375
0 0.67890625 0.4552083333333333 0.0484375 0.03125
0 0.79140625 0.484375 0.0796875 0.0625
0 0.83828125 0.484375 0.0609375 0.05416666666666667