0 0.8734375 0.6260416666666667 0.246875 0.415625
0 0.74453125 0.5708333333333333 0.1609375 0.16770833333333332
0 0.71015625 0.525 0.1328125 0.11354166666666667
0 0.66796875 0.503125 0.0984375 0.115625
0 0.57578125 0.465625 0.0421875 0.040625
0 0.42734375 0.4625 0.0203125 0.03125
0 0.271875 0.4979166666666667 0.084375 0.08958333333333333
0 0.18046875 0.5208333333333334 0.1765625 0.134375
0 0.3984375 0.46979166666666666 0.046875 0.05625
0 0.3453125 0.465625 0.028125 0.0375
0 0.3625 0.46041666666666664 0.021875 0.0375
0 0.29765625 0.46145833333333336 0.0484375 0.04479166666666667
2 0.4609375 0.46041666666666664 0.01875 0.040625
2 0.5421875 0.4635416666666667 0.01875 0.040625
2 0.53203125 0.46458333333333335 0.0140625 0.046875