0 0.9421875 0.521875 0.1125 0.16770833333333332
0 0.878125 0.48125 0.2375 0.18125
0 0.8046875 0.47708333333333336 0.1375 0.14270833333333333
0 0.72578125 0.47604166666666664 0.0234375 0.06875
0 0.59375 0.5020833333333333 0.2625 0.33958333333333335
0 0.4171875 0.46979166666666666 0.121875 0.146875
2 0.37578125 0.49583333333333335 0.0453125 0.19895833333333332
1 0.3421875 0.5614583333333333 0.021875 0.05625
0 0.27890625 0.4583333333333333 0.1796875 0.15416666666666667
0 0.19921875 0.4822916666666667 0.2734375 0.23854166666666668
0 0.05703125 0.39166666666666666 0.1140625 0.084375
0 0.05546875 0.5520833333333334 0.1109375 0.240625