0 0.4765625 0.4947916666666667 0.10625 0.103125
0 0.7390625 0.4625 0.0375 0.0625
0 0.78984375 0.4625 0.0453125 0.078125
0 0.8671875 0.41458333333333336 0.0875 0.07395833333333333
0 0.91171875 0.453125 0.1734375 0.125
2 0.703125 0.49270833333333336 0.05625 0.18958333333333333
2 0.653125 0.5020833333333333 0.065625 0.1875
2 0.6078125 0.46041666666666664 0.021875 0.06875
2 0.58125 0.46041666666666664 0.025 0.06666666666666667
2 0.5625 0.46145833333333336 0.021875 0.06458333333333334
2 0.2703125 0.46770833333333334 0.0125 0.029166666666666667
2 0.12578125 0.490625 0.0234375 0.042708333333333334
0 0.42734375 0.46041666666666664 0.0359375 0.029166666666666667