0 0.8953125 0.575 0.178125 0.1625
0 0.9703125 0.615625 0.059375 0.15208333333333332
0 0.80078125 0.5427083333333333 0.1078125 0.11666666666666667
0 0.6890625 0.49270833333333336 0.084375 0.09583333333333334
0 0.64921875 0.5333333333333333 0.1421875 0.13333333333333333
0 0.52734375 0.44583333333333336 0.0296875 0.03125
0 0.41015625 0.4875 0.0828125 0.10729166666666666
0 0.35625 0.5333333333333333 0.1125 0.11666666666666667
0 0.39453125 0.515625 0.0796875 0.09375
0 0.28828125 0.5708333333333333 0.1484375 0.15625
0 0.22265625 0.6270833333333333 0.1953125 0.21875
0 0.13125 0.746875 0.253125 0.4822916666666667
2 0.49375 0.45625 0.01875 0.053125
2 0.1609375 0.425 0.0125 0.029166666666666667
2 0.16875 0.4239583333333333 0.0125 0.027083333333333334
2 0.17890625 0.42291666666666666 0.0109375 0.029166666666666667
0 0.74375 0.471875 0.046875 0.0375