2 0.9609375 0.47708333333333336 0.03125 0.103125
2 0.928125 0.46770833333333334 0.03125 0.12291666666666666
2 0.88203125 0.4708333333333333 0.0296875 0.11666666666666667
2 0.85625 0.4666666666666667 0.021875 0.125
2 0.83203125 0.46458333333333335 0.0234375 0.125
0 0.31796875 0.49166666666666664 0.0578125 0.040625
0 0.27421875 0.48333333333333334 0.0328125 0.0375
0 0.25234375 0.49166666666666664 0.0296875 0.035416666666666666
0 0.12421875 0.5052083333333334 0.2328125 0.1
0 0.3640625 0.5114583333333333 0.025 0.08229166666666667
0 0.46484375 0.5260416666666666 0.1796875 0.165625