0 0.3015625 0.465625 0.090625 0.084375
0 0.36015625 0.4666666666666667 0.0265625 0.046875
0 0.43046875 0.465625 0.0796875 0.06458333333333334
2 0.7265625 0.4864583333333333 0.053125 0.12916666666666668
0 0.478125 0.4479166666666667 0.028125 0.025
0 0.5015625 0.44583333333333336 0.01875 0.021875
0 0.51796875 0.4479166666666667 0.0234375 0.025
0 0.53203125 0.44479166666666664 0.0203125 0.017708333333333333
2 0.6140625 0.44895833333333335 0.015625 0.03958333333333333
2 0.634375 0.45729166666666665 0.015625 0.058333333333333334
2 0.6453125 0.45625 0.015625 0.05625
2 0.6546875 0.45729166666666665 0.015625 0.05416666666666667
2 0.696875 0.4583333333333333 0.025 0.0375