2 0.025 0.5135416666666667 0.03125 0.14791666666666667
2 0.053125 0.46041666666666664 0.01875 0.03125
2 0.06875 0.51875 0.03125 0.12291666666666666
2 0.1078125 0.515625 0.028125 0.11666666666666667
2 0.13046875 0.5145833333333333 0.0203125 0.09583333333333334
2 0.1484375 0.5125 0.025 0.115625
2 0.17109375 0.5072916666666667 0.0234375 0.115625
2 0.20234375 0.5083333333333333 0.0265625 0.109375
2 0.22421875 0.46979166666666666 0.0203125 0.025
2 0.2359375 0.5177083333333333 0.021875 0.078125
2 0.2453125 0.46770833333333334 0.021875 0.025
2 0.271875 0.484375 0.01875 0.07083333333333333
2 0.29765625 0.49895833333333334 0.0234375 0.06458333333333334
2 0.3125 0.465625 0.01875 0.0375
2 0.340625 0.46979166666666666 0.015625 0.04479166666666667
2 0.35859375 0.46458333333333335 0.0140625 0.046875
2 0.3734375 0.46979166666666666 0.01875 0.040625
2 0.390625 0.46145833333333336 0.015625 0.029166666666666667
0 0.54296875 0.48541666666666666 0.0609375 0.06458333333333334
0 0.52578125 0.43854166666666666 0.0203125 0.025
0 0.71640625 0.46041666666666664 0.0421875 0.0375