0 0.1046875 0.6729166666666667 0.209375 0.290625
0 0.25234375 0.553125 0.2109375 0.21041666666666667
0 0.371875 0.5114583333333333 0.05625 0.10208333333333333
0 0.4078125 0.5010416666666667 0.053125 0.0875
0 0.484375 0.45208333333333334 0.034375 0.03333333333333333
0 0.93671875 0.6625 0.1203125 0.23854166666666668
0 0.8671875 0.5916666666666667 0.16875 0.15208333333333332
0 0.76640625 0.5395833333333333 0.1078125 0.09583333333333334
0 0.715625 0.5125 0.090625 0.071875
2 0.54296875 0.49895833333333334 0.0421875 0.12291666666666666
2 0.61484375 0.5010416666666667 0.0421875 0.12708333333333333
0 0.90625 0.49166666666666664 0.078125 0.0625
0 0.68046875 0.490625 0.0671875 0.0625
0 0.4296875 0.49166666666666664 0.028125 0.0625
0 0.44375 0.4864583333333333 0.028125 0.05416666666666667
2 0.45 0.45 0.01875 0.0375
2 0.434375 0.4395833333333333 0.01875 0.027083333333333334
2 0.4234375 0.4395833333333333 0.01875 0.022916666666666665