2 0.71953125 0.5166666666666667 0.0203125 0.07604166666666666
2 0.6421875 0.5125 0.021875 0.071875
2 0.6046875 0.5177083333333333 0.021875 0.078125
2 0.103125 0.5229166666666667 0.01875 0.06458333333333334
2 0.0828125 0.5239583333333333 0.01875 0.053125
0 0.57578125 0.515625 0.0953125 0.08958333333333333
0 0.525 0.4979166666666667 0.0375 0.051041666666666666
0 0.50078125 0.49166666666666664 0.0296875 0.04479166666666667
0 0.45 0.50625 0.059375 0.0625
0 0.4265625 0.46875 0.015625 0.019791666666666666
0 0.390625 0.5020833333333333 0.046875 0.058333333333333334