0 0.18203125 0.5677083333333334 0.1828125 0.15416666666666667
0 0.2765625 0.53125 0.0875 0.09375
0 0.3921875 0.47708333333333336 0.0375 0.035416666666666666
0 0.45625 0.46770833333333334 0.040625 0.04479166666666667
2 0.74375 0.4625 0.021875 0.051041666666666666
2 0.7640625 0.4552083333333333 0.01875 0.0625
2 0.575 0.465625 0.021875 0.053125
0 0.41015625 0.465625 0.0234375 0.03333333333333333
0 0.421875 0.465625 0.01875 0.025
2 0.3171875 0.4708333333333333 0.021875 0.035416666666666666
2 0.3421875 0.465625 0.01875 0.04479166666666667
0 0.55625 0.46458333333333335 0.028125 0.035416666666666666
2 0.6796875 0.459375 0.015625 0.042708333333333334
2 0.65625 0.4583333333333333 0.01875 0.03333333333333333
2 0.64296875 0.453125 0.0203125 0.022916666666666665