2 0.69453125 0.46041666666666664 0.0734375 0.15625
0 0.53671875 0.478125 0.0359375 0.03958333333333333
0 0.521875 0.47291666666666665 0.015625 0.027083333333333334
0 0.5125 0.4666666666666667 0.015625 0.022916666666666665
0 0.5046875 0.4552083333333333 0.0125 0.019791666666666666
0 0.4625 0.46145833333333336 0.0125 0.017708333333333333
0 0.45078125 0.4666666666666667 0.0140625 0.019791666666666666
0 0.43125 0.4739583333333333 0.0125 0.025
0 0.4171875 0.47708333333333336 0.021875 0.03125
0 0.4015625 0.47708333333333336 0.01875 0.03333333333333333
0 0.3734375 0.48333333333333334 0.0375 0.0375
0 0.34453125 0.48854166666666665 0.0234375 0.046875
0 0.3203125 0.49166666666666664 0.03125 0.053125
0 0.2609375 0.48854166666666665 0.090625 0.09791666666666667