0 0.2546875 0.5260416666666666 0.0625 0.1
2 0.80390625 0.63125 0.0921875 0.32395833333333335
2 0.19375 0.6114583333333333 0.1 0.23854166666666668
0 0.10703125 0.5729166666666666 0.1265625 0.15833333333333333
0 0.33359375 0.503125 0.1015625 0.09166666666666666
0 0.409375 0.47291666666666665 0.05625 0.06666666666666667
0 0.48671875 0.46041666666666664 0.0546875 0.040625
0 0.915625 0.7489583333333333 0.1625 0.3375
0 0.74375 0.5541666666666667 0.08125 0.18333333333333332
0 0.9046875 0.5552083333333333 0.184375 0.1625
0 0.678125 0.5041666666666667 0.115625 0.10208333333333333
0 0.590625 0.446875 0.028125 0.027083333333333334
0 0.8953125 0.45729166666666665 0.05625 0.03958333333333333
0 0.61484375 0.478125 0.0328125 0.051041666666666666
0 0.52421875 0.44166666666666665 0.0234375 0.03125
0 0.4375 0.46979166666666666 0.025 0.053125
0 0.4546875 0.459375 0.028125 0.05416666666666667
2 0.5390625 0.4552083333333333 0.015625 0.03958333333333333
0 0.22578125 0.55625 0.0671875 0.11354166666666667