2 0.2171875 0.5010416666666667 0.090625 0.20520833333333333
0 0.4234375 0.503125 0.078125 0.07604166666666666
0 0.465625 0.49895833333333334 0.028125 0.06041666666666667
0 0.49296875 0.49270833333333336 0.0296875 0.053125
0 0.55234375 0.49166666666666664 0.0265625 0.027083333333333334
0 0.5859375 0.49270833333333336 0.034375 0.03333333333333333
0 0.61796875 0.49166666666666664 0.0265625 0.03333333333333333
0 0.64453125 0.49270833333333336 0.0234375 0.03333333333333333
0 0.675 0.49166666666666664 0.03125 0.03958333333333333
0 0.70625 0.49375 0.03125 0.042708333333333334
0 0.7390625 0.49583333333333335 0.03125 0.042708333333333334
0 0.7671875 0.49375 0.025 0.051041666666666666
0 0.78984375 0.49270833333333336 0.0328125 0.053125
0 0.82109375 0.49583333333333335 0.0484375 0.05416666666666667
0 0.8828125 0.4864583333333333 0.075 0.08229166666666667
0 0.93515625 0.540625 0.1296875 0.19895833333333332