2 0.9109375 0.50625 0.021875 0.10208333333333333
2 0.89140625 0.5020833333333333 0.0265625 0.11354166666666667
2 0.86953125 0.5 0.0265625 0.109375
2 0.85234375 0.5010416666666667 0.0296875 0.115625
2 0.7078125 0.46875 0.028125 0.08229166666666667
2 0.3890625 0.465625 0.03125 0.05625
2 0.303125 0.45416666666666666 0.01875 0.053125
0 0.5546875 0.459375 0.028125 0.03125
2 0.66328125 0.45 0.0296875 0.04479166666666667
2 0.734375 0.46041666666666664 0.01875 0.078125
2 0.315625 0.45729166666666665 0.01875 0.058333333333333334
2 0.340625 0.45625 0.0125 0.04895833333333333
2 0.4953125 0.45208333333333334 0.0125 0.025
2 0.48125 0.45208333333333334 0.0125 0.025