2 0.0578125 0.4947916666666667 0.05 0.15416666666666667
2 0.084375 0.46145833333333336 0.015625 0.029166666666666667
2 0.03671875 0.4479166666666667 0.0109375 0.029166666666666667
2 0.01328125 0.44895833333333335 0.0234375 0.035416666666666666
0 0.58671875 0.46979166666666666 0.0234375 0.021875
0 0.6078125 0.471875 0.021875 0.017708333333333333
2 0.178125 0.5145833333333333 0.103125 0.31875
2 0.41015625 0.4979166666666667 0.0546875 0.21041666666666667
2 0.459375 0.47291666666666665 0.01875 0.058333333333333334
2 0.46953125 0.465625 0.0109375 0.040625
2 0.47578125 0.46458333333333335 0.0078125 0.035416666666666666
2 0.55234375 0.5041666666666667 0.0640625 0.19583333333333333