2 0.8578125 0.46875 0.021875 0.07395833333333333
2 0.340625 0.5041666666666667 0.04375 0.13333333333333333
2 0.2046875 0.46979166666666666 0.025 0.03333333333333333
2 0.18984375 0.46875 0.0234375 0.03125
0 0.26328125 0.5364583333333334 0.1078125 0.12291666666666666
0 0.159375 0.5625 0.2 0.16770833333333332
0 0.1140625 0.6625 0.225 0.33541666666666664
0 0.93359375 0.5708333333333333 0.1296875 0.21875
0 0.7796875 0.5052083333333334 0.153125 0.165625
0 0.65234375 0.49166666666666664 0.1015625 0.084375
0 0.5984375 0.478125 0.053125 0.06666666666666667
0 0.51171875 0.46145833333333336 0.0328125 0.03333333333333333
0 0.39375 0.4708333333333333 0.03125 0.035416666666666666
0 0.56328125 0.48020833333333335 0.0265625 0.046875
0 0.5578125 0.46979166666666666 0.0375 0.05625
0 0.44921875 0.45416666666666666 0.0171875 0.021875
2 0.46796875 0.45625 0.0109375 0.029166666666666667
2 0.3078125 0.5052083333333334 0.0375 0.12708333333333333