2 0.9671875 0.490625 0.021875 0.08229166666666667
2 0.98671875 0.48854166666666665 0.0265625 0.09791666666666667
2 0.25 0.4822916666666667 0.025 0.051041666666666666
2 0.26953125 0.471875 0.0265625 0.084375
2 0.29296875 0.475 0.0234375 0.08229166666666667
2 0.20546875 0.478125 0.0328125 0.125
2 0.1546875 0.4822916666666667 0.034375 0.109375
2 0.11953125 0.48854166666666665 0.0515625 0.14479166666666668
2 0.0796875 0.484375 0.028125 0.09791666666666667
0 0.6578125 0.49166666666666664 0.05 0.051041666666666666
0 0.73828125 0.496875 0.1265625 0.11875
0 0.5625 0.48854166666666665 0.13125 0.15208333333333332