0 0.121875 0.540625 0.2375 0.38333333333333336
2 0.2921875 0.446875 0.01875 0.08541666666666667
2 0.32421875 0.4666666666666667 0.0234375 0.125
2 0.42265625 0.46041666666666664 0.0203125 0.05416666666666667
0 0.4609375 0.4708333333333333 0.028125 0.05416666666666667
0 0.5484375 0.509375 0.19375 0.19583333333333333
0 0.66953125 0.47708333333333336 0.0234375 0.03958333333333333
2 0.69375 0.47708333333333336 0.01875 0.04479166666666667
0 0.72265625 0.48020833333333335 0.0265625 0.046875
0 0.78515625 0.49166666666666664 0.0859375 0.07604166666666666
0 0.921875 0.4979166666666667 0.15625 0.16041666666666668