2 0.740625 0.47708333333333336 0.04375 0.11666666666666667
2 0.709375 0.47708333333333336 0.040625 0.13333333333333333
2 0.68125 0.46875 0.028125 0.09375
2 0.6515625 0.4739583333333333 0.028125 0.0875
0 0.809375 0.459375 0.0625 0.08229166666666667
0 0.92578125 0.45 0.1453125 0.146875
0 0.9515625 0.49166666666666664 0.090625 0.12083333333333333
0 0.4328125 0.471875 0.040625 0.04479166666666667
2 0.553125 0.46041666666666664 0.021875 0.04479166666666667
2 0.58671875 0.46041666666666664 0.0203125 0.058333333333333334
2 0.6046875 0.4625 0.01875 0.0625
2 0.6296875 0.4510416666666667 0.01875 0.051041666666666666
2 0.6171875 0.453125 0.01875 0.058333333333333334
2 0.16796875 0.48020833333333335 0.0203125 0.03958333333333333
2 0.128125 0.490625 0.01875 0.035416666666666666
2 0.1125 0.49166666666666664 0.01875 0.058333333333333334