2 0.934375 0.42291666666666666 0.025 0.134375
2 0.90625 0.4354166666666667 0.0375 0.14479166666666668
2 0.8796875 0.35625 0.015625 0.017708333333333333
2 0.87734375 0.3885416666666667 0.0171875 0.03958333333333333
2 0.8609375 0.36354166666666665 0.01875 0.03125
2 0.846875 0.3489583333333333 0.0125 0.025
2 0.840625 0.36666666666666664 0.0125 0.027083333333333334
2 0.83359375 0.34270833333333334 0.0140625 0.021875
2 0.85 0.47291666666666665 0.046875 0.17916666666666667
2 0.825 0.40625 0.021875 0.11666666666666667
2 0.8109375 0.35 0.009375 0.027083333333333334
2 0.80703125 0.35104166666666664 0.0109375 0.025
2 0.796875 0.35 0.009375 0.035416666666666666
2 0.784375 0.41354166666666664 0.021875 0.103125
2 0.7578125 0.41041666666666665 0.025 0.09791666666666667
2 0.728125 0.3614583333333333 0.015625 0.019791666666666666
2 0.7328125 0.378125 0.0125 0.021875
2 0.7296875 0.44166666666666665 0.021875 0.10208333333333333
2 0.7125 0.3729166666666667 0.0125 0.042708333333333334
2 0.69921875 0.36666666666666664 0.0109375 0.022916666666666665
2 0.659375 0.36875 0.015625 0.046875
2 0.646875 0.36770833333333336 0.0125 0.04479166666666667
2 0.62578125 0.378125 0.0203125 0.06458333333333334
2 0.60625 0.36770833333333336 0.0125 0.0375
2 0.6265625 0.378125 0.01875 0.0375
2 0.59375 0.36666666666666664 0.015625 0.027083333333333334
2 0.578125 0.37083333333333335 0.01875 0.03125
2 0.5609375 0.3770833333333333 0.01875 0.027083333333333334
0 0.55 0.42916666666666664 0.090625 0.09791666666666667
0 0.52109375 0.3958333333333333 0.0578125 0.06875
0 0.47265625 0.3729166666666667 0.0265625 0.042708333333333334
0 0.43984375 0.3625 0.0484375 0.03333333333333333
0 0.4328125 0.40729166666666666 0.065625 0.05625
0 0.4875 0.3854166666666667 0.025 0.04479166666666667
0 0.39296875 0.38125 0.0203125 0.03125
0 0.3796875 0.390625 0.025 0.051041666666666666
0 0.35390625 0.39791666666666664 0.0453125 0.06458333333333334
2 0.27734375 0.36875 0.0171875 0.019791666666666666
0 0.2984375 0.41770833333333335 0.1 0.09791666666666667
0 0.228125 0.421875 0.04375 0.08229166666666667
2 0.19609375 0.42604166666666665 0.0296875 0.10208333333333333
2 0.0921875 0.41041666666666665 0.021875 0.07395833333333333
2 0.0578125 0.4197916666666667 0.01875 0.08541666666666667
2 0.96484375 0.4166666666666667 0.0390625 0.10729166666666666