2 0.82734375 0.44895833333333335 0.0203125 0.08541666666666667
2 0.80078125 0.45 0.0234375 0.0875
2 0.90625 0.41770833333333335 0.01875 0.035416666666666666
0 0.87421875 0.6052083333333333 0.2484375 0.35520833333333335
0 0.60703125 0.49166666666666664 0.1328125 0.1
0 0.55 0.47291666666666665 0.053125 0.08541666666666667
0 0.521875 0.4625 0.028125 0.06666666666666667
0 0.5046875 0.4552083333333333 0.01875 0.051041666666666666
0 0.48671875 0.446875 0.0234375 0.035416666666666666
0 0.446875 0.46145833333333336 0.0625 0.071875
0 0.40625 0.44583333333333336 0.028125 0.035416666666666666
0 0.37578125 0.45 0.0203125 0.03333333333333333
0 0.353125 0.4552083333333333 0.025 0.03958333333333333
0 0.32890625 0.46145833333333336 0.0265625 0.04479166666666667
0 0.30859375 0.46770833333333334 0.0265625 0.05625
0 0.27578125 0.471875 0.0421875 0.07604166666666666
0 0.23515625 0.48854166666666665 0.0703125 0.07083333333333333
0 0.128125 0.4895833333333333 0.1375 0.13854166666666667
0 0.03203125 0.5270833333333333 0.0640625 0.14791666666666667
2 0.95859375 0.41354166666666664 0.0296875 0.0375