2 0.38359375 0.47604166666666664 0.0359375 0.09583333333333334
2 0.74453125 0.47708333333333336 0.0296875 0.09375
2 0.66015625 0.45208333333333334 0.0296875 0.040625
2 0.79140625 0.44479166666666664 0.0296875 0.053125
0 0.56953125 0.465625 0.0578125 0.06458333333333334
0 0.6609375 0.7010416666666667 0.34375 0.38645833333333335
2 0.9890625 0.484375 0.01875 0.10208333333333333
2 0.2109375 0.45625 0.01875 0.05625
0 0.540625 0.46041666666666664 0.025 0.03958333333333333
0 0.5140625 0.434375 0.028125 0.03333333333333333
0 0.43984375 0.434375 0.0234375 0.025