0 0.10390625 0.46041666666666664 0.0359375 0.04479166666666667
0 0.04296875 0.46041666666666664 0.0578125 0.046875
0 0.2109375 0.46458333333333335 0.1 0.042708333333333334
0 0.278125 0.465625 0.053125 0.040625
0 0.3109375 0.46145833333333336 0.053125 0.040625
0 0.33515625 0.459375 0.0421875 0.035416666666666666
2 0.42109375 0.46041666666666664 0.0171875 0.040625
0 0.5203125 0.45729166666666665 0.040625 0.03125
0 0.55 0.4552083333333333 0.01875 0.022916666666666665
0 0.56640625 0.44895833333333335 0.0234375 0.027083333333333334
0 0.54296875 0.4354166666666667 0.0203125 0.022916666666666665
0 0.66328125 0.4635416666666667 0.0453125 0.04895833333333333
0 0.75078125 0.475 0.0546875 0.058333333333333334
0 0.8171875 0.48125 0.090625 0.06875
0 0.7125 0.4791666666666667 0.021875 0.04479166666666667
0 0.63359375 0.465625 0.0203125 0.0375
0 0.615625 0.4625 0.021875 0.035416666666666666