2 0.33671875 0.471875 0.0328125 0.11875
2 0.36953125 0.46875 0.0328125 0.125
2 0.171875 0.48020833333333335 0.046875 0.21458333333333332
2 0.61796875 0.484375 0.0359375 0.11354166666666667
2 0.53984375 0.4666666666666667 0.0265625 0.058333333333333334
0 0.07421875 0.44583333333333336 0.1421875 0.13854166666666667
0 0.0484375 0.490625 0.09375 0.10520833333333333
2 0.42578125 0.45625 0.0203125 0.05625
2 0.39765625 0.45416666666666666 0.0203125 0.05625
2 0.83046875 0.48020833333333335 0.0203125 0.042708333333333334
2 0.8859375 0.47708333333333336 0.01875 0.029166666666666667
0 0.271875 0.4583333333333333 0.0375 0.053125