0 0.5390625 0.47708333333333336 0.071875 0.08958333333333333
0 0.39375 0.4864583333333333 0.05 0.06666666666666667
2 0.465625 0.48125 0.025 0.071875
2 0.36171875 0.5041666666666667 0.0265625 0.08229166666666667
0 0.328125 0.5104166666666666 0.059375 0.09166666666666666
0 0.2484375 0.5458333333333333 0.146875 0.11875
0 0.0875 0.6302083333333334 0.175 0.2125
0 0.67578125 0.5083333333333333 0.1203125 0.11666666666666667
0 0.7265625 0.5541666666666667 0.121875 0.13645833333333332
0 0.8265625 0.6072916666666667 0.215625 0.18333333333333332
0 0.92578125 0.7989583333333333 0.1421875 0.34375
0 0.615625 0.484375 0.05625 0.07083333333333333
0 0.75390625 0.46770833333333334 0.0578125 0.04479166666666667
0 0.7515625 0.4395833333333333 0.05625 0.022916666666666665
0 0.953125 0.478125 0.0875 0.08541666666666667
0 0.87109375 0.471875 0.0609375 0.071875
0 0.80859375 0.46458333333333335 0.0296875 0.0625
0 0.50234375 0.45729166666666665 0.0265625 0.035416666666666666