0 0.89375 0.5083333333333333 0.178125 0.10520833333333333
0 0.3515625 0.484375 0.103125 0.07083333333333333
0 0.26640625 0.4791666666666667 0.0859375 0.06041666666666667
0 0.165625 0.47291666666666665 0.1 0.0625
0 0.09375 0.46770833333333334 0.0625 0.04479166666666667
2 0.55546875 0.4864583333333333 0.0265625 0.09375
2 0.45078125 0.47604166666666664 0.0296875 0.1
2 0.41484375 0.47291666666666665 0.0265625 0.08541666666666667
2 0.0578125 0.46041666666666664 0.01875 0.046875
2 0.2296875 0.4552083333333333 0.021875 0.035416666666666666
2 0.32265625 0.45 0.0203125 0.029166666666666667
2 0.24140625 0.45 0.0203125 0.029166666666666667
2 0.0296875 0.48020833333333335 0.021875 0.07395833333333333
2 0.0140625 0.48125 0.015625 0.0875