0 0.94140625 0.40208333333333335 0.1046875 0.08229166666666667
0 0.86953125 0.4 0.0265625 0.07083333333333333
0 0.85390625 0.5604166666666667 0.2859375 0.25833333333333336
0 0.59375 0.4510416666666667 0.1 0.109375
0 0.48671875 0.36041666666666666 0.0234375 0.029166666666666667
0 0.475 0.35 0.01875 0.022916666666666665
0 0.43671875 0.33958333333333335 0.0140625 0.019791666666666666
0 0.42265625 0.3416666666666667 0.0203125 0.022916666666666665
0 0.4046875 0.3489583333333333 0.025 0.025
0 0.39140625 0.359375 0.0265625 0.03125
2 0.415625 0.38333333333333336 0.0125 0.03958333333333333
0 0.46953125 0.415625 0.0609375 0.07083333333333333
0 0.31875 0.41041666666666665 0.071875 0.06666666666666667
0 0.24921875 0.4510416666666667 0.0984375 0.08958333333333333
0 0.09296875 0.53125 0.1859375 0.1875