2 0.96015625 0.5125 0.0765625 0.38125
2 0.8640625 0.5125 0.121875 0.43125
2 0.78828125 0.4354166666666667 0.0140625 0.07395833333333333
2 0.77421875 0.4395833333333333 0.0140625 0.08541666666666667
2 0.6984375 0.4197916666666667 0.021875 0.03125
0 0.34375 0.44375 0.040625 0.03125
2 0.30546875 0.4322916666666667 0.0109375 0.021875
2 0.2453125 0.4427083333333333 0.015625 0.04895833333333333
2 0.22890625 0.43020833333333336 0.0140625 0.040625
2 0.09140625 0.4354166666666667 0.0203125 0.046875
2 0.078125 0.434375 0.01875 0.05625