0 0.74765625 0.459375 0.0859375 0.058333333333333334
0 0.846875 0.4583333333333333 0.059375 0.06458333333333334
0 0.9515625 0.4583333333333333 0.09375 0.084375
0 0.38984375 0.48541666666666666 0.0546875 0.053125
0 0.46015625 0.46041666666666664 0.0328125 0.03125
0 0.125 0.5729166666666666 0.24375 0.2791666666666667
0 0.2421875 0.5385416666666667 0.109375 0.15416666666666667
0 0.3 0.5197916666666667 0.0875 0.10520833333333333
2 0.61640625 0.459375 0.0203125 0.05416666666666667
1 0.62734375 0.47291666666666665 0.0203125 0.022916666666666665
0 0.71640625 0.453125 0.0671875 0.05416666666666667
0 0.83125 0.44895833333333335 0.071875 0.07083333333333333
0 0.9296875 0.45 0.09375 0.0875
0 0.5171875 0.4552083333333333 0.025 0.022916666666666665
0 0.3953125 0.4708333333333333 0.04375 0.046875
0 0.41640625 0.46979166666666666 0.0234375 0.040625
0 0.3421875 0.50625 0.06875 0.08958333333333333