2 0.87265625 0.49166666666666664 0.0265625 0.08541666666666667
2 0.84765625 0.49166666666666664 0.0234375 0.0875
2 0.81875 0.4895833333333333 0.028125 0.0875
2 0.64375 0.46041666666666664 0.01875 0.046875
2 0.653125 0.459375 0.01875 0.046875
0 0.07421875 0.6770833333333334 0.1421875 0.25625
0 0.17421875 0.5677083333333334 0.2171875 0.196875
0 0.03671875 0.5041666666666667 0.0703125 0.07083333333333333
0 0.39921875 0.47604166666666664 0.0484375 0.04479166666666667
0 0.5859375 0.45 0.05 0.0375
0 0.49375 0.453125 0.028125 0.022916666666666665
2 0.36640625 0.4739583333333333 0.0203125 0.05625
2 0.59375 0.459375 0.021875 0.046875
0 0.03984375 0.47708333333333336 0.0578125 0.05416666666666667
0 0.42265625 0.46979166666666666 0.0296875 0.03333333333333333