2 0.79296875 0.47708333333333336 0.0265625 0.0625
2 0.77265625 0.478125 0.0234375 0.0625
2 0.35546875 0.46458333333333335 0.0234375 0.0625
0 0.053125 0.878125 0.103125 0.240625
0 0.64765625 0.503125 0.0796875 0.071875
0 0.66484375 0.46875 0.0359375 0.042708333333333334
0 0.72890625 0.46979166666666666 0.0484375 0.04479166666666667
0 0.58046875 0.46041666666666664 0.0265625 0.03125
0 0.5703125 0.471875 0.028125 0.03333333333333333
0 0.5578125 0.47708333333333336 0.034375 0.03333333333333333
0 0.02890625 0.5510416666666667 0.0546875 0.14479166666666668
0 0.1359375 0.5 0.109375 0.07083333333333333
2 0.40859375 0.4479166666666667 0.0203125 0.03333333333333333
2 0.446875 0.446875 0.01875 0.035416666666666666
2 0.3125 0.46458333333333335 0.01875 0.06666666666666667
2 0.33515625 0.46458333333333335 0.0203125 0.07083333333333333