2 0.415625 0.421875 0.01875 0.046875
0 0.30390625 0.490625 0.2328125 0.1875
0 0.503125 0.43333333333333335 0.046875 0.051041666666666666
0 0.5140625 0.421875 0.04375 0.051041666666666666
0 0.54140625 0.41875 0.0203125 0.029166666666666667
0 0.58828125 0.41770833333333335 0.0203125 0.019791666666666666
0 0.6171875 0.4197916666666667 0.009375 0.027083333333333334
2 0.6453125 0.37083333333333335 0.015625 0.022916666666666665
0 0.6625 0.42916666666666664 0.071875 0.0875
0 0.68125 0.44479166666666664 0.06875 0.071875
0 0.7453125 0.4583333333333333 0.103125 0.103125
0 0.88515625 0.4791666666666667 0.2046875 0.18541666666666667
0 0.975 0.46979166666666666 0.04375 0.18541666666666667