2 0.39609375 0.46041666666666664 0.0234375 0.0875
2 0.37265625 0.4635416666666667 0.0203125 0.084375
2 0.32734375 0.4583333333333333 0.0328125 0.11875
2 0.75859375 0.4875 0.0265625 0.084375
2 0.7796875 0.4947916666666667 0.025 0.071875
0 0.18828125 0.46458333333333335 0.0609375 0.08229166666666667
0 0.07421875 0.4479166666666667 0.1453125 0.13854166666666667
0 0.16875 0.46770833333333334 0.03125 0.071875
0 0.04453125 0.4875 0.0828125 0.12708333333333333
0 0.2703125 0.46041666666666664 0.034375 0.053125
2 0.6234375 0.4635416666666667 0.0125 0.029166666666666667
2 0.828125 0.478125 0.01875 0.042708333333333334
2 0.871875 0.4864583333333333 0.021875 0.035416666666666666