0 0.03984375 0.515625 0.0765625 0.12083333333333333
0 0.59921875 0.4822916666666667 0.1046875 0.06666666666666667
0 0.6875 0.478125 0.096875 0.058333333333333334
0 0.79375 0.4739583333333333 0.10625 0.06875
0 0.865625 0.475 0.053125 0.051041666666666666
2 0.371875 0.4864583333333333 0.025 0.09791666666666667
2 0.49375 0.484375 0.0375 0.10520833333333333
2 0.5390625 0.465625 0.040625 0.071875
2 0.96171875 0.4864583333333333 0.0296875 0.10208333333333333
2 0.71953125 0.45729166666666665 0.0203125 0.042708333333333334
2 0.8984375 0.4625 0.01875 0.051041666666666666
2 0.91640625 0.465625 0.0203125 0.06041666666666667
2 0.94296875 0.4666666666666667 0.0203125 0.051041666666666666
2 0.63984375 0.4583333333333333 0.0203125 0.03333333333333333
2 0.625 0.453125 0.015625 0.019791666666666666