0 0.5640625 0.46145833333333336 0.04375 0.040625
0 0.465625 0.440625 0.021875 0.025
2 0.6578125 0.4708333333333333 0.025 0.07083333333333333
2 0.6359375 0.47291666666666665 0.025 0.07395833333333333
2 0.51328125 0.4666666666666667 0.0265625 0.0625
2 0.4125 0.46875 0.028125 0.058333333333333334
2 0.15390625 0.5177083333333333 0.0546875 0.13645833333333332
2 0.2421875 0.45208333333333334 0.021875 0.040625
2 0.43359375 0.440625 0.0203125 0.04479166666666667
2 0.3453125 0.46458333333333335 0.025 0.05416666666666667
2 0.2234375 0.4666666666666667 0.01875 0.051041666666666666
2 0.203125 0.45208333333333334 0.01875 0.029166666666666667
2 0.184375 0.45416666666666666 0.01875 0.029166666666666667