2 0.9796875 0.46979166666666666 0.034375 0.07604166666666666
2 0.92109375 0.465625 0.0359375 0.07604166666666666
2 0.88671875 0.471875 0.0359375 0.06875
2 0.421875 0.46041666666666664 0.01875 0.04479166666666667
2 0.4046875 0.459375 0.01875 0.051041666666666666
2 0.51796875 0.46458333333333335 0.0234375 0.042708333333333334
2 0.1140625 0.465625 0.040625 0.12708333333333333
2 0.0703125 0.46770833333333334 0.040625 0.11875
2 0.4765625 0.46041666666666664 0.01875 0.03958333333333333
2 0.39140625 0.4552083333333333 0.0203125 0.042708333333333334
2 0.63203125 0.4625 0.0203125 0.058333333333333334
2 0.7375 0.4739583333333333 0.01875 0.040625
2 0.71640625 0.46770833333333334 0.0203125 0.040625
2 0.60703125 0.4625 0.0203125 0.058333333333333334
0 0.534375 0.4583333333333333 0.025 0.029166666666666667