2 0.18203125 0.46770833333333334 0.0328125 0.06875
2 0.10390625 0.4625 0.0234375 0.08958333333333333
2 0.07890625 0.47291666666666665 0.0234375 0.07083333333333333
2 0.40390625 0.465625 0.0328125 0.0875
0 0.2625 0.4666666666666667 0.05625 0.042708333333333334
2 0.53515625 0.465625 0.0421875 0.084375
2 0.603125 0.4583333333333333 0.028125 0.09583333333333334
2 0.6640625 0.5010416666666667 0.065625 0.18541666666666667
2 0.771875 0.465625 0.028125 0.165625
0 0.51484375 0.4625 0.0265625 0.042708333333333334
0 0.484375 0.45729166666666665 0.021875 0.022916666666666665
2 0.809375 0.4875 0.04375 0.18958333333333333