2 0.884375 0.490625 0.034375 0.14479166666666668
2 0.84921875 0.490625 0.0328125 0.14791666666666667
2 0.8046875 0.5052083333333334 0.03125 0.115625
0 0.7796875 0.4510416666666667 0.05 0.058333333333333334
0 0.64375 0.46041666666666664 0.134375 0.06875
0 0.4953125 0.4479166666666667 0.028125 0.029166666666666667
0 0.43515625 0.42916666666666664 0.0234375 0.029166666666666667
0 0.40234375 0.4479166666666667 0.0359375 0.040625
0 0.31875 0.478125 0.075 0.06666666666666667
0 0.25625 0.475 0.05625 0.051041666666666666
0 0.16328125 0.4895833333333333 0.0859375 0.084375
0 0.0671875 0.5041666666666667 0.115625 0.10208333333333333