2 0.78046875 0.5510416666666667 0.0671875 0.17604166666666668
2 0.59140625 0.459375 0.0203125 0.0625
2 0.5703125 0.4625 0.021875 0.0625
0 0.9140625 0.6104166666666667 0.165625 0.240625
0 0.68046875 0.5125 0.1359375 0.1
0 0.40390625 0.45416666666666666 0.0578125 0.0375
0 0.4453125 0.46875 0.0625 0.05416666666666667
0 0.509375 0.47708333333333336 0.075 0.07083333333333333
2 0.3609375 0.45416666666666666 0.021875 0.053125
2 0.01484375 0.5 0.0265625 0.051041666666666666
0 0.30625 0.4354166666666667 0.046875 0.027083333333333334
2 0.35 0.45208333333333334 0.01875 0.040625