2 0.2671875 0.478125 0.0375 0.12083333333333333
2 0.2953125 0.471875 0.034375 0.134375
2 0.325 0.46458333333333335 0.03125 0.10208333333333333
2 0.35390625 0.46979166666666666 0.0265625 0.09583333333333334
0 0.56171875 0.46875 0.0453125 0.042708333333333334
2 0.83125 0.48125 0.01875 0.04479166666666667
2 0.63359375 0.465625 0.0171875 0.025
2 0.61796875 0.4625 0.0109375 0.035416666666666666
2 0.41484375 0.4635416666666667 0.0234375 0.06458333333333334
2 0.396875 0.46145833333333336 0.021875 0.06458333333333334
2 0.45 0.46041666666666664 0.01875 0.04479166666666667
0 0.190625 0.46145833333333336 0.059375 0.06458333333333334
0 0.08125 0.44583333333333336 0.14375 0.12916666666666668
0 0.05234375 0.49166666666666664 0.0828125 0.11354166666666667
2 0.87265625 0.48854166666666665 0.0203125 0.03125
2 0.88671875 0.4895833333333333 0.0203125 0.05625