1 0.12734375 0.5583333333333333 0.0453125 0.03125
2 0.1796875 0.5052083333333334 0.03125 0.12708333333333333
2 0.6203125 0.48125 0.025 0.0875
0 0.36953125 0.503125 0.1203125 0.11875
0 0.05234375 0.859375 0.0953125 0.265625
0 0.434375 0.47708333333333336 0.0375 0.058333333333333334
0 0.559375 0.46875 0.053125 0.058333333333333334
0 0.6640625 0.49166666666666664 0.03125 0.06041666666666667
0 0.69453125 0.4947916666666667 0.0578125 0.06875
0 0.7265625 0.5104166666666666 0.0625 0.084375
0 0.78671875 0.534375 0.1171875 0.10729166666666666
0 0.53359375 0.44375 0.0234375 0.027083333333333334
0 0.509375 0.440625 0.021875 0.025
2 0.49765625 0.45208333333333334 0.0203125 0.04479166666666667
0 0.453125 0.4739583333333333 0.03125 0.053125
0 0.45078125 0.46041666666666664 0.0515625 0.0625