2 0.0328125 0.490625 0.021875 0.08229166666666667
2 0.01328125 0.48854166666666665 0.0265625 0.09791666666666667
2 0.75 0.4822916666666667 0.025 0.051041666666666666
2 0.73046875 0.471875 0.0265625 0.084375
2 0.70703125 0.475 0.0234375 0.08229166666666667
2 0.79453125 0.478125 0.0328125 0.125
2 0.8453125 0.4822916666666667 0.034375 0.109375
2 0.88046875 0.48854166666666665 0.0515625 0.14479166666666668
2 0.9203125 0.484375 0.028125 0.09791666666666667
0 0.3421875 0.49166666666666664 0.05 0.051041666666666666
0 0.26171875 0.496875 0.1265625 0.11875
0 0.4375 0.48854166666666665 0.13125 0.15208333333333332