2 0.64140625 0.4666666666666667 0.0203125 0.08958333333333333
2 0.6234375 0.459375 0.028125 0.09791666666666667
2 0.73515625 0.46979166666666666 0.0546875 0.15
2 0.42578125 0.465625 0.0234375 0.071875
0 0.809375 0.46041666666666664 0.059375 0.07395833333333333
0 0.92421875 0.44895833333333335 0.1453125 0.14479166666666668
0 0.95078125 0.4864583333333333 0.0953125 0.12083333333333333
2 0.54921875 0.45625 0.0171875 0.040625
2 0.47734375 0.4583333333333333 0.0171875 0.04895833333333333
2 0.46796875 0.46041666666666664 0.0140625 0.046875
2 0.37734375 0.46041666666666664 0.0140625 0.027083333333333334
2 0.16796875 0.478125 0.0203125 0.042708333333333334
2 0.1265625 0.4947916666666667 0.021875 0.05625