0 0.428125 0.4635416666666667 0.05625 0.06875
2 0.6875 0.50625 0.04375 0.125
2 0.78359375 0.453125 0.0265625 0.058333333333333334
2 0.2578125 0.4708333333333333 0.028125 0.09791666666666667
2 0.23125 0.45208333333333334 0.025 0.040625
2 0.20859375 0.446875 0.0296875 0.051041666666666666
0 0.32734375 0.7291666666666666 0.3859375 0.44375
0 0.48828125 0.43645833333333334 0.0328125 0.025
2 0.34140625 0.45 0.0234375 0.040625
2 0.01171875 0.48125 0.0203125 0.10729166666666666
2 0.17890625 0.46041666666666664 0.0234375 0.029166666666666667
0 0.45859375 0.45625 0.0265625 0.04479166666666667
0 0.56015625 0.42916666666666664 0.0234375 0.027083333333333334