0 0.16484375 0.5677083333333334 0.2046875 0.15833333333333333
0 0.25078125 0.5239583333333333 0.0828125 0.09583333333333334
0 0.28359375 0.5135416666666667 0.0765625 0.07395833333333333
0 0.3203125 0.5052083333333334 0.04375 0.05625
0 0.325 0.4875 0.084375 0.0875
0 0.36953125 0.48541666666666666 0.0296875 0.053125
0 0.3875 0.47604166666666664 0.04375 0.04479166666666667
0 0.5890625 0.47708333333333336 0.05 0.0375
0 0.65625 0.5208333333333334 0.115625 0.1
0 0.81796875 0.6208333333333333 0.2453125 0.203125
0 0.88125 0.5104166666666666 0.084375 0.09166666666666666
0 0.97421875 0.5833333333333334 0.0484375 0.134375
0 0.79765625 0.4895833333333333 0.0421875 0.06041666666666667
0 0.4109375 0.46458333333333335 0.028125 0.03958333333333333
0 0.43046875 0.46041666666666664 0.0234375 0.040625
2 0.446875 0.459375 0.015625 0.042708333333333334
0 0.71484375 0.4791666666666667 0.0359375 0.06875
0 0.69375 0.46041666666666664 0.0625 0.03125
0 0.82265625 0.48020833333333335 0.0328125 0.08541666666666667