0 0.375 0.45625 0.021875 0.06458333333333334
0 0.3296875 0.471875 0.06875 0.07604166666666666
0 0.62578125 0.475 0.0359375 0.05416666666666667
0 0.69296875 0.46875 0.1046875 0.109375
0 0.940625 0.515625 0.115625 0.12083333333333333
2 0.01875 0.4375 0.021875 0.11666666666666667
2 0.25625 0.44895833333333335 0.03125 0.06666666666666667
2 0.48828125 0.534375 0.1515625 0.43125
2 0.84375 0.4822916666666667 0.028125 0.140625
2 0.81640625 0.4895833333333333 0.0359375 0.13125
0 0.59375 0.4635416666666667 0.04375 0.05625
0 0.5640625 0.45208333333333334 0.065625 0.06875