2 0.3265625 0.46979166666666666 0.01875 0.06041666666666667
0 0.43515625 0.4708333333333333 0.0734375 0.08229166666666667
0 0.48046875 0.46875 0.0234375 0.042708333333333334
0 0.49765625 0.46041666666666664 0.0109375 0.027083333333333334
0 0.5234375 0.4739583333333333 0.034375 0.0375
0 0.56328125 0.46145833333333336 0.0234375 0.029166666666666667
0 0.61015625 0.465625 0.0265625 0.03333333333333333
0 0.7328125 0.484375 0.040625 0.07395833333333333
0 0.76875 0.48854166666666665 0.034375 0.08958333333333333
0 0.80625 0.4864583333333333 0.046875 0.10208333333333333
0 0.91328125 0.49166666666666664 0.1734375 0.1625