2 0.834375 0.5104166666666666 0.028125 0.15
2 0.8015625 0.49375 0.040625 0.18333333333333332
2 0.4609375 0.48333333333333334 0.015625 0.06041666666666667
2 0.44140625 0.4864583333333333 0.0171875 0.046875
2 0.4125 0.478125 0.009375 0.022916666666666665
2 0.40546875 0.47708333333333336 0.0109375 0.021875
0 0.35625 0.4666666666666667 0.025 0.022916666666666665
0 0.31484375 0.47291666666666665 0.0234375 0.046875
0 0.2953125 0.47291666666666665 0.021875 0.03958333333333333
0 0.23203125 0.48020833333333335 0.0734375 0.05416666666666667
0 0.18046875 0.46770833333333334 0.0296875 0.029166666666666667
0 0.14921875 0.46145833333333336 0.0296875 0.0375
0 0.11640625 0.45625 0.0265625 0.04479166666666667
0 0.0625 0.45 0.040625 0.04479166666666667
0 0.034375 0.5145833333333333 0.06875 0.115625