0 0.05625 0.5010416666666667 0.1125 0.2125
0 0.0953125 0.46458333333333335 0.190625 0.22708333333333333
0 0.20078125 0.42916666666666664 0.0671875 0.0625
0 0.325 0.5520833333333334 0.303125 0.303125
0 0.846875 0.49270833333333336 0.303125 0.23229166666666667
0 0.90703125 0.5427083333333333 0.1796875 0.23020833333333332
2 0.66640625 0.49166666666666664 0.0671875 0.23020833333333332
2 0.60234375 0.5010416666666667 0.0859375 0.20520833333333333
2 0.52890625 0.4666666666666667 0.0328125 0.10520833333333333
2 0.57421875 0.43020833333333336 0.0296875 0.06041666666666667
2 0.553125 0.465625 0.03125 0.11875
2 0.50859375 0.46145833333333336 0.0265625 0.103125
2 0.49375 0.44375 0.01875 0.0625
2 0.4578125 0.44166666666666665 0.028125 0.07395833333333333