0 0.01328125 0.5895833333333333 0.0234375 0.16770833333333332
0 0.08828125 0.5958333333333333 0.0796875 0.15208333333333332
0 0.18359375 0.54375 0.2671875 0.19375
0 0.2640625 0.5125 0.165625 0.12708333333333333
0 0.3015625 0.49270833333333336 0.1375 0.09583333333333334
0 0.378125 0.5125 0.034375 0.06875
0 0.33125 0.484375 0.190625 0.12083333333333333
0 0.5453125 0.4875 0.034375 0.0375
2 0.82890625 0.48333333333333334 0.0296875 0.11875
2 0.80078125 0.5 0.0203125 0.05416666666666667
2 0.7828125 0.490625 0.021875 0.07395833333333333
2 0.7625 0.48020833333333335 0.025 0.078125
0 0.4359375 0.49166666666666664 0.03125 0.07395833333333333
0 0.4546875 0.475 0.046875 0.0625