2 0.059375 0.4552083333333333 0.025 0.10208333333333333
2 0.09765625 0.45 0.0421875 0.09583333333333334
2 0.14453125 0.446875 0.0234375 0.07395833333333333
2 0.16015625 0.47604166666666664 0.0265625 0.07604166666666666
2 0.21328125 0.46875 0.0328125 0.08958333333333333
2 0.2921875 0.475 0.028125 0.07083333333333333
2 0.31875 0.46041666666666664 0.028125 0.0875
2 0.66640625 0.45625 0.0359375 0.10729166666666666
2 0.72421875 0.434375 0.0328125 0.06875
2 0.86484375 0.45625 0.0296875 0.09583333333333334
2 0.553125 0.46875 0.040625 0.10208333333333333