1 0.30234375 0.5322916666666667 0.0421875 0.04479166666666667
1 0.23125 0.5385416666666667 0.03125 0.0375
2 0.1828125 0.50625 0.046875 0.09375
2 0.32578125 0.4979166666666667 0.0359375 0.10208333333333333
2 0.71640625 0.44895833333333335 0.0234375 0.0625
2 0.784375 0.45416666666666666 0.01875 0.05625
2 0.79921875 0.4552083333333333 0.0203125 0.058333333333333334
2 0.759375 0.44895833333333335 0.01875 0.0625
0 0.58125 0.48541666666666666 0.078125 0.084375
0 0.59765625 0.46770833333333334 0.0734375 0.07604166666666666
0 0.83671875 0.46041666666666664 0.0515625 0.05416666666666667
0 0.88046875 0.4864583333333333 0.0765625 0.06666666666666667
0 0.63671875 0.45625 0.0296875 0.040625
0 0.921875 0.45729166666666665 0.03125 0.05416666666666667
0 0.9484375 0.4552083333333333 0.01875 0.05416666666666667
0 0.9734375 0.46145833333333336 0.05 0.06458333333333334