0 0.7734375 0.49166666666666664 0.071875 0.0625
0 0.665625 0.47708333333333336 0.084375 0.08541666666666667
0 0.51875 0.5020833333333333 0.146875 0.15208333333333332
2 0.8859375 0.475 0.04375 0.10520833333333333
2 0.86171875 0.4822916666666667 0.0234375 0.09375
2 0.175 0.475 0.034375 0.11354166666666667
2 0.1421875 0.47708333333333336 0.034375 0.115625
2 0.9890625 0.4895833333333333 0.015625 0.04895833333333333
2 0.7234375 0.471875 0.028125 0.040625
0 0.609375 0.4708333333333333 0.034375 0.046875
2 0.82109375 0.4791666666666667 0.0140625 0.04895833333333333
2 0.83671875 0.47604166666666664 0.0140625 0.053125
0 0.6109375 0.48020833333333335 0.025 0.051041666666666666