0 0.95859375 0.7072916666666667 0.0765625 0.171875
0 0.8828125 0.603125 0.225 0.18333333333333332
0 0.9421875 0.49895833333333334 0.10625 0.084375
0 0.75546875 0.53125 0.1578125 0.14791666666666667
0 0.59375 0.4708333333333333 0.046875 0.051041666666666666
0 0.5015625 0.4479166666666667 0.028125 0.029166666666666667
2 0.2171875 0.484375 0.021875 0.08541666666666667
2 0.19296875 0.4875 0.0203125 0.084375
2 0.175 0.48541666666666666 0.021875 0.07604166666666666
2 0.353125 0.4552083333333333 0.01875 0.042708333333333334
2 0.41328125 0.45208333333333334 0.0203125 0.04479166666666667
0 0.87421875 0.48333333333333334 0.0421875 0.040625
0 0.9265625 0.46979166666666666 0.06875 0.040625
0 0.56953125 0.4625 0.0265625 0.035416666666666666