0 0.4796875 0.446875 0.08125 0.06666666666666667
0 0.5484375 0.4479166666666667 0.0375 0.0375
0 0.5859375 0.44583333333333336 0.0375 0.03333333333333333
0 0.88046875 0.46041666666666664 0.1234375 0.12083333333333333
0 0.9015625 0.48020833333333335 0.075 0.109375
0 0.9828125 0.48125 0.03125 0.13125
2 0.684375 0.47708333333333336 0.0375 0.10729166666666666
2 0.64765625 0.446875 0.0265625 0.078125
2 0.63359375 0.44583333333333336 0.0265625 0.0875
0 0.2625 0.440625 0.0375 0.09583333333333334
0 0.175 0.4322916666666667 0.125 0.103125
0 0.7359375 0.45208333333333334 0.059375 0.06875