2 0.0265625 0.49583333333333335 0.034375 0.08229166666666667
0 0.1046875 0.5135416666666667 0.128125 0.08229166666666667
0 0.20859375 0.496875 0.0859375 0.07604166666666666
0 0.259375 0.4979166666666667 0.028125 0.042708333333333334
0 0.2828125 0.4979166666666667 0.025 0.035416666666666666
0 0.3078125 0.4895833333333333 0.040625 0.053125
2 0.346875 0.5177083333333333 0.0375 0.140625
2 0.3921875 0.5229166666666667 0.034375 0.140625
0 0.67890625 0.49270833333333336 0.0421875 0.04479166666666667
0 0.6 0.47708333333333336 0.01875 0.019791666666666666
2 0.4609375 0.471875 0.0125 0.029166666666666667