2 0.14140625 0.528125 0.0484375 0.20104166666666667
2 0.06875 0.571875 0.115625 0.33958333333333335
2 0.2640625 0.47604166666666664 0.021875 0.05625
2 0.796875 0.47708333333333336 0.021875 0.06875
2 0.815625 0.47604166666666664 0.01875 0.06458333333333334
0 0.5734375 0.4791666666666667 0.059375 0.06458333333333334
0 0.51640625 0.465625 0.0359375 0.0375
0 0.62734375 0.4791666666666667 0.0484375 0.04479166666666667
2 0.2953125 0.46979166666666666 0.01875 0.06041666666666667
2 0.30703125 0.46979166666666666 0.0140625 0.06041666666666667
2 0.73515625 0.4635416666666667 0.0203125 0.053125
2 0.4625 0.46041666666666664 0.015625 0.029166666666666667
0 0.6015625 0.46770833333333334 0.03125 0.0375