2 0.34609375 0.49166666666666664 0.0515625 0.1625
2 0.44453125 0.46875 0.0296875 0.06666666666666667
2 0.46484375 0.465625 0.0234375 0.071875
2 0.646875 0.46979166666666666 0.03125 0.134375
2 0.67421875 0.475 0.0296875 0.125
2 0.8953125 0.49270833333333336 0.065625 0.259375
0 0.80859375 0.46458333333333335 0.0578125 0.07395833333333333
0 0.95078125 0.49166666666666664 0.0828125 0.11145833333333334
2 0.16953125 0.48125 0.0203125 0.040625
2 0.12890625 0.4875 0.0203125 0.03333333333333333
2 0.11171875 0.49166666666666664 0.0203125 0.05625
2 0.5515625 0.459375 0.01875 0.046875
2 0.59921875 0.45729166666666665 0.0203125 0.046875
0 0.7296875 0.45625 0.040625 0.05625
2 0.375 0.46145833333333336 0.009375 0.029166666666666667
2 0.3828125 0.46041666666666664 0.0125 0.03125
0 0.95390625 0.4114583333333333 0.0765625 0.05625