0 0.3640625 0.44895833333333335 0.05 0.051041666666666666
0 0.409375 0.43125 0.028125 0.035416666666666666
0 0.6859375 0.4791666666666667 0.046875 0.07604166666666666
0 0.85390625 0.509375 0.1171875 0.140625
0 0.93203125 0.5072916666666667 0.1296875 0.21666666666666667
2 0.9640625 0.5229166666666667 0.06875 0.234375
2 0.775 0.484375 0.065625 0.18333333333333332
2 0.725 0.490625 0.04375 0.12916666666666668
2 0.64765625 0.4739583333333333 0.0484375 0.12291666666666666
2 0.5953125 0.46041666666666664 0.03125 0.07604166666666666
2 0.5734375 0.44895833333333335 0.01875 0.05416666666666667
2 0.54140625 0.44479166666666664 0.0203125 0.040625