0 0.07109375 0.490625 0.0765625 0.058333333333333334
2 0.15703125 0.46458333333333335 0.0171875 0.035416666666666666
0 0.14765625 0.5052083333333334 0.0546875 0.0375
2 0.18203125 0.48020833333333335 0.0109375 0.046875
2 0.19609375 0.48333333333333334 0.0109375 0.04895833333333333
2 0.20703125 0.4822916666666667 0.0109375 0.042708333333333334
2 0.23984375 0.48020833333333335 0.0109375 0.035416666666666666
2 0.24921875 0.48020833333333335 0.0078125 0.03125
0 0.34921875 0.4875 0.0546875 0.06041666666666667
0 0.4 0.4895833333333333 0.015625 0.025
0 0.4375 0.49166666666666664 0.034375 0.027083333333333334
0 0.56015625 0.496875 0.0546875 0.04479166666666667
0 0.7609375 0.5010416666666667 0.034375 0.053125
0 0.6765625 0.5125 0.13125 0.103125
0 0.8265625 0.4979166666666667 0.090625 0.07083333333333333
0 0.903125 0.4947916666666667 0.040625 0.06875