2 0.33515625 0.4666666666666667 0.0234375 0.109375
2 0.3515625 0.4739583333333333 0.01875 0.103125
2 0.45234375 0.45729166666666665 0.0203125 0.06666666666666667
2 0.39921875 0.46041666666666664 0.0234375 0.0875
2 0.30625 0.46458333333333335 0.03125 0.109375
2 0.74375 0.46875 0.021875 0.05416666666666667
2 0.721875 0.46875 0.01875 0.058333333333333334
0 0.6609375 0.4708333333333333 0.03125 0.035416666666666666
0 0.6453125 0.46041666666666664 0.034375 0.03958333333333333
0 0.5515625 0.46875 0.078125 0.078125
0 0.496875 0.4708333333333333 0.040625 0.058333333333333334
2 0.93046875 0.4625 0.0203125 0.05416666666666667
2 0.77421875 0.46770833333333334 0.0265625 0.06041666666666667
2 0.690625 0.46458333333333335 0.01875 0.05416666666666667