0 0.50546875 0.5177083333333333 0.1359375 0.125
0 0.8078125 0.4666666666666667 0.05625 0.07395833333333333
2 0.63203125 0.46458333333333335 0.0296875 0.09375
2 0.89921875 0.5020833333333333 0.0796875 0.23854166666666668
2 0.96796875 0.4875 0.0546875 0.2125
2 0.60234375 0.46041666666666664 0.0234375 0.05625
2 0.5828125 0.46041666666666664 0.021875 0.06041666666666667
0 0.2625 0.47708333333333336 0.05 0.0375
2 0.12734375 0.4875 0.0234375 0.0375
2 0.1125 0.49583333333333335 0.028125 0.05416666666666667
0 0.7296875 0.46041666666666664 0.034375 0.07083333333333333
0 0.39609375 0.46770833333333334 0.0328125 0.029166666666666667
2 0.665625 0.44166666666666665 0.01875 0.03958333333333333