2 0.88515625 0.5104166666666666 0.0578125 0.196875
2 0.7609375 0.43125 0.01875 0.046875
0 0.49296875 0.5072916666666667 0.1140625 0.12291666666666666
2 0.32578125 0.47708333333333336 0.0109375 0.022916666666666665
2 0.31328125 0.47708333333333336 0.0078125 0.025
2 0.30625 0.4791666666666667 0.009375 0.025
2 0.2875 0.475 0.009375 0.035416666666666666
2 0.27421875 0.47708333333333336 0.0109375 0.029166666666666667
2 0.26484375 0.47708333333333336 0.0109375 0.03125
2 0.25703125 0.478125 0.0109375 0.035416666666666666
2 0.23984375 0.4822916666666667 0.0109375 0.03125
2 0.22734375 0.4791666666666667 0.0109375 0.029166666666666667
0 0.14140625 0.49583333333333335 0.1484375 0.11666666666666667
2 0.05 0.49166666666666664 0.021875 0.078125
2 0.02734375 0.4947916666666667 0.0203125 0.071875
2 0.00859375 0.490625 0.0171875 0.05416666666666667