2 0.82578125 0.571875 0.0609375 0.21875
0 0.93359375 0.6114583333333333 0.1328125 0.26145833333333335
0 0.7625 0.534375 0.1 0.11145833333333334
0 0.71171875 0.5177083333333333 0.0578125 0.08229166666666667
0 0.66640625 0.5041666666666667 0.0546875 0.051041666666666666
0 0.61640625 0.46875 0.0484375 0.051041666666666666
0 0.3890625 0.49583333333333335 0.06875 0.05416666666666667
0 0.08828125 0.5104166666666666 0.1328125 0.0875
0 0.41875 0.47604166666666664 0.059375 0.053125
0 0.30859375 0.46041666666666664 0.0453125 0.035416666666666666
0 0.28125 0.49166666666666664 0.046875 0.06458333333333334
0 0.58828125 0.4625 0.0265625 0.035416666666666666