2 0.0765625 0.43854166666666666 0.021875 0.084375
2 0.11875 0.43854166666666666 0.034375 0.09166666666666666
2 0.803125 0.45729166666666665 0.04375 0.10520833333333333
2 0.84140625 0.45 0.0296875 0.13125
2 0.8765625 0.44583333333333336 0.040625 0.103125
0 0.59765625 0.46145833333333336 0.0703125 0.0875
0 0.45234375 0.44583333333333336 0.0578125 0.0625
0 0.29140625 0.428125 0.0515625 0.058333333333333334
0 0.23125 0.41458333333333336 0.04375 0.04479166666666667
0 0.18125 0.4395833333333333 0.08125 0.08958333333333333
0 0.23984375 0.5 0.1296875 0.12916666666666668
0 0.4234375 0.4270833333333333 0.040625 0.04479166666666667
0 0.40234375 0.4239583333333333 0.0234375 0.03958333333333333
0 0.33828125 0.4083333333333333 0.0234375 0.022916666666666665
0 0.67265625 0.440625 0.0796875 0.04479166666666667
0 0.71640625 0.42604166666666665 0.0421875 0.042708333333333334