2 0.17109375 0.521875 0.0328125 0.109375
0 0.10078125 0.490625 0.1015625 0.06666666666666667
0 0.50546875 0.4395833333333333 0.0296875 0.03125
0 0.6046875 0.4739583333333333 0.05625 0.05625
0 0.62265625 0.49166666666666664 0.0796875 0.06666666666666667
0 0.77890625 0.5729166666666666 0.2328125 0.20104166666666667
0 0.88046875 0.7895833333333333 0.2359375 0.41770833333333335
0 0.190625 0.4708333333333333 0.075 0.07083333333333333
0 0.2640625 0.45625 0.046875 0.04479166666666667
0 0.3109375 0.4635416666666667 0.090625 0.04479166666666667
0 0.44375 0.4510416666666667 0.025 0.027083333333333334
0 0.46015625 0.44583333333333336 0.0203125 0.022916666666666665
0 0.571875 0.46875 0.034375 0.051041666666666666