2 0.9875 0.48333333333333334 0.021875 0.134375
2 0.9203125 0.478125 0.025 0.10520833333333333
2 0.7796875 0.45208333333333334 0.01875 0.029166666666666667
0 0.7375 0.5114583333333333 0.271875 0.10520833333333333
0 0.26328125 0.48020833333333335 0.0703125 0.051041666666666666
0 0.21328125 0.4708333333333333 0.0265625 0.042708333333333334
0 0.30390625 0.46041666666666664 0.0203125 0.021875
0 0.1953125 0.47708333333333336 0.034375 0.042708333333333334
0 0.16171875 0.47708333333333336 0.0546875 0.042708333333333334
0 0.06953125 0.4947916666666667 0.1328125 0.13125
0 0.434375 0.5427083333333333 0.325 0.28125