2 0.959375 0.46875 0.028125 0.078125
2 0.5578125 0.465625 0.028125 0.0875
2 0.46875 0.4583333333333333 0.025 0.0875
2 0.4515625 0.45 0.01875 0.06458333333333334
2 0.43203125 0.45625 0.0265625 0.07604166666666666
2 0.38984375 0.4510416666666667 0.0234375 0.07083333333333333
2 0.36171875 0.446875 0.0203125 0.07083333333333333
2 0.34375 0.44583333333333336 0.01875 0.071875
2 0.32734375 0.45208333333333334 0.0296875 0.06041666666666667
0 0.496875 0.459375 0.04375 0.042708333333333334
0 0.75546875 0.46770833333333334 0.0546875 0.053125
2 0.79609375 0.465625 0.0203125 0.05625
2 0.82109375 0.46145833333333336 0.0203125 0.053125