0 0.08203125 0.5604166666666667 0.1640625 0.28125
2 0.93671875 0.46458333333333335 0.0328125 0.05416666666666667
2 0.909375 0.465625 0.03125 0.053125
2 0.8421875 0.4552083333333333 0.03125 0.046875
2 0.7359375 0.46041666666666664 0.021875 0.040625
2 0.984375 0.46041666666666664 0.028125 0.05416666666666667
2 0.775 0.45625 0.021875 0.0375
2 0.628125 0.48333333333333334 0.01875 0.05625
2 0.5765625 0.428125 0.08125 0.17916666666666667
2 0.44296875 0.44583333333333336 0.0671875 0.15208333333333332
2 0.34921875 0.45 0.0328125 0.071875
2 0.48828125 0.46145833333333336 0.0140625 0.040625