2 0.6734375 0.48854166666666665 0.04375 0.14479166666666668
2 0.54296875 0.49270833333333336 0.0484375 0.0875
2 0.4875 0.490625 0.05 0.08958333333333333
2 0.44921875 0.4875 0.0328125 0.084375
2 0.41640625 0.4895833333333333 0.0546875 0.09166666666666666
2 0.36875 0.48541666666666666 0.046875 0.1625
2 0.74921875 0.49270833333333336 0.0453125 0.1625
2 0.78125 0.49166666666666664 0.034375 0.165625
2 0.83984375 0.5104166666666666 0.0421875 0.10729166666666666
2 0.31484375 0.49270833333333336 0.0234375 0.071875
2 0.13671875 0.48020833333333335 0.0359375 0.08958333333333333
2 0.2015625 0.46875 0.028125 0.07395833333333333