0 0.0796875 0.42604166666666665 0.159375 0.30833333333333335
0 0.1921875 0.4125 0.090625 0.10208333333333333
0 0.23984375 0.3875 0.1015625 0.103125
0 0.32265625 0.39375 0.0671875 0.06041666666666667
0 0.3796875 0.384375 0.04375 0.046875
0 0.50234375 0.384375 0.0359375 0.03958333333333333
0 0.55 0.38645833333333335 0.0375 0.042708333333333334
0 0.6625 0.44375 0.128125 0.18333333333333332
2 0.62109375 0.38645833333333335 0.0265625 0.05416666666666667
0 0.81953125 0.5208333333333334 0.3578125 0.334375
0 0.4109375 0.38333333333333336 0.025 0.03125
0 0.4296875 0.3770833333333333 0.025 0.035416666666666666
2 0.44375 0.37604166666666666 0.01875 0.040625
0 0.584375 0.39375 0.0375 0.05625
0 0.35703125 0.3885416666666667 0.0328125 0.051041666666666666