0 0.0296875 0.5729166666666666 0.05625 0.06041666666666667
2 0.14296875 0.484375 0.0203125 0.03125
2 0.15 0.540625 0.021875 0.08541666666666667
2 0.16640625 0.5052083333333334 0.0203125 0.053125
2 0.23671875 0.5229166666666667 0.0296875 0.09166666666666666
0 0.2875 0.5114583333333333 0.071875 0.08958333333333333
0 0.33671875 0.496875 0.0515625 0.06875
0 0.428125 0.4864583333333333 0.028125 0.027083333333333334
0 0.45546875 0.47708333333333336 0.0234375 0.022916666666666665
0 0.47109375 0.46770833333333334 0.0234375 0.025
0 0.50390625 0.4635416666666667 0.0171875 0.017708333333333333
0 0.534375 0.46041666666666664 0.01875 0.015625
0 0.57109375 0.46458333333333335 0.0203125 0.03958333333333333
0 0.60390625 0.46770833333333334 0.0484375 0.06041666666666667
2 0.6609375 0.4583333333333333 0.01875 0.04479166666666667
2 0.68515625 0.45729166666666665 0.0171875 0.046875
0 0.94140625 0.46041666666666664 0.1171875 0.146875