2 0.63515625 0.4635416666666667 0.0328125 0.12708333333333333
2 0.884375 0.44166666666666665 0.04375 0.13333333333333333
2 0.921875 0.5052083333333334 0.03125 0.18541666666666667
2 0.94609375 0.42604166666666665 0.0328125 0.17604166666666668
0 0.25703125 0.48333333333333334 0.0703125 0.06875
0 0.29921875 0.4708333333333333 0.0359375 0.0625
0 0.43125 0.49166666666666664 0.196875 0.22708333333333333
0 0.546875 0.49166666666666664 0.0625 0.10520833333333333
2 0.19453125 0.4635416666666667 0.0203125 0.05625
2 0.17734375 0.46458333333333335 0.0203125 0.058333333333333334
2 0.98515625 0.46770833333333334 0.0265625 0.23229166666666667