0 0.60234375 0.4635416666666667 0.0609375 0.05625
0 0.56328125 0.4583333333333333 0.0328125 0.040625
0 0.87890625 0.4395833333333333 0.1734375 0.07395833333333333
0 0.9375 0.5697916666666667 0.121875 0.23229166666666667
0 0.83359375 0.5208333333333334 0.1703125 0.1625
0 0.7359375 0.4979166666666667 0.0875 0.12916666666666668
0 0.6765625 0.48333333333333334 0.065625 0.1
2 0.65546875 0.4427083333333333 0.0203125 0.053125
2 0.3765625 0.4552083333333333 0.01875 0.046875
2 0.3203125 0.484375 0.01875 0.058333333333333334
2 0.27265625 0.5208333333333334 0.0453125 0.165625
2 0.2015625 0.5541666666666667 0.06875 0.22291666666666668
0 0.08125 0.534375 0.146875 0.10729166666666666
0 0.13359375 0.5041666666666667 0.1203125 0.10208333333333333
0 0.2375 0.490625 0.046875 0.07395833333333333
0 0.3359375 0.4791666666666667 0.028125 0.0375
0 0.3546875 0.46041666666666664 0.028125 0.03958333333333333
0 0.4203125 0.4552083333333333 0.03125 0.03958333333333333
0 0.45234375 0.4427083333333333 0.0140625 0.021875
0 0.546875 0.4479166666666667 0.028125 0.040625
0 0.515625 0.44166666666666665 0.01875 0.027083333333333334