2 0.83203125 0.5625 0.0484375 0.13645833333333332
0 0.671875 0.48541666666666666 0.059375 0.053125
0 0.34296875 0.534375 0.1234375 0.1
0 0.40078125 0.5083333333333333 0.0546875 0.06041666666666667
0 0.42734375 0.5 0.0421875 0.051041666666666666
0 0.95078125 0.5125 0.0734375 0.0875
0 0.98203125 0.521875 0.0328125 0.13333333333333333
0 0.4453125 0.49166666666666664 0.03125 0.046875
0 0.4671875 0.4875 0.028125 0.040625
0 0.484375 0.478125 0.028125 0.03958333333333333
0 0.52421875 0.46145833333333336 0.0234375 0.029166666666666667