0 0.08046875 0.6239583333333333 0.1578125 0.228125
0 0.38203125 0.47291666666666665 0.0359375 0.03958333333333333
0 0.40234375 0.46458333333333335 0.0265625 0.03958333333333333
0 0.46328125 0.45729166666666665 0.0359375 0.042708333333333334
2 0.07265625 0.4895833333333333 0.0265625 0.06458333333333334
2 0.125 0.48125 0.021875 0.09583333333333334
2 0.56796875 0.45625 0.0265625 0.04479166666666667
2 0.61953125 0.45625 0.0234375 0.06041666666666667
2 0.88046875 0.43333333333333335 0.0234375 0.05416666666666667
2 0.8578125 0.43125 0.03125 0.042708333333333334
2 0.72734375 0.4510416666666667 0.0203125 0.051041666666666666
2 0.696875 0.45 0.01875 0.040625
2 0.68046875 0.44583333333333336 0.0234375 0.022916666666666665
2 0.53984375 0.45208333333333334 0.0140625 0.029166666666666667
2 0.2921875 0.46458333333333335 0.01875 0.046875
0 0.4203125 0.45416666666666666 0.01875 0.025