2 0.04140625 0.3927083333333333 0.0203125 0.03958333333333333
2 0.09296875 0.3958333333333333 0.0203125 0.040625
0 0.03359375 0.42916666666666664 0.0640625 0.071875
2 0.121875 0.4708333333333333 0.065625 0.203125
0 0.22265625 0.44479166666666664 0.0703125 0.071875
0 0.23125 0.390625 0.08125 0.03125
2 0.3375 0.475 0.040625 0.13645833333333332
0 0.4109375 0.4427083333333333 0.04375 0.05625
0 0.4625 0.44479166666666664 0.025 0.04479166666666667
2 0.59375 0.43854166666666666 0.0125 0.040625
0 0.66171875 0.44583333333333336 0.0359375 0.0375
0 0.7015625 0.44583333333333336 0.028125 0.0375
0 0.73515625 0.42604166666666665 0.0328125 0.022916666666666665
0 0.73984375 0.4510416666666667 0.0234375 0.03125
0 0.75859375 0.453125 0.0203125 0.03125
0 0.79609375 0.4583333333333333 0.0609375 0.06458333333333334
0 0.9046875 0.4666666666666667 0.146875 0.13645833333333332