0 0.46875 0.465625 0.040625 0.040625
0 0.33359375 0.475 0.0578125 0.058333333333333334
0 0.36328125 0.465625 0.0390625 0.040625
2 0.678125 0.5145833333333333 0.04375 0.134375
2 0.540625 0.459375 0.01875 0.042708333333333334
0 0.3859375 0.4666666666666667 0.028125 0.03958333333333333
0 0.4078125 0.4666666666666667 0.01875 0.035416666666666666
0 0.41953125 0.46458333333333335 0.0203125 0.035416666666666666
2 0.56171875 0.4625 0.0140625 0.03958333333333333
2 0.58984375 0.46458333333333335 0.0140625 0.035416666666666666
0 0.51015625 0.4666666666666667 0.0203125 0.019791666666666666