2 0.69453125 0.49895833333333334 0.0671875 0.146875
2 0.74921875 0.5083333333333333 0.0515625 0.16979166666666667
2 0.471875 0.46458333333333335 0.028125 0.046875
2 0.24921875 0.471875 0.0203125 0.06458333333333334
2 0.2171875 0.47708333333333336 0.025 0.07083333333333333
2 0.0859375 0.478125 0.021875 0.06666666666666667
2 0.0390625 0.5364583333333334 0.071875 0.18958333333333333
0 0.146875 0.48125 0.090625 0.053125
0 0.27890625 0.4875 0.0484375 0.06458333333333334
0 0.36328125 0.48854166666666665 0.1484375 0.10520833333333333
0 0.52265625 0.5052083333333334 0.1296875 0.0875
0 0.63671875 0.509375 0.1015625 0.09375
2 0.4921875 0.45729166666666665 0.021875 0.03125
2 0.52421875 0.45416666666666666 0.0203125 0.025
2 0.5671875 0.4552083333333333 0.01875 0.035416666666666666
2 0.61484375 0.4583333333333333 0.0234375 0.0375
2 0.5453125 0.453125 0.01875 0.027083333333333334