0 0.190625 0.490625 0.19375 0.14479166666666668
0 0.30859375 0.44895833333333335 0.0421875 0.051041666666666666
0 0.5125 0.484375 0.0875 0.08958333333333333
0 0.48046875 0.46458333333333335 0.0640625 0.07395833333333333
0 0.8609375 0.48333333333333334 0.159375 0.05625
0 0.84921875 0.45625 0.1203125 0.053125
0 0.40234375 0.45208333333333334 0.0296875 0.025
2 0.23125 0.4083333333333333 0.028125 0.035416666666666666
2 0.20546875 0.41041666666666665 0.0234375 0.027083333333333334
2 0.43046875 0.45 0.0140625 0.029166666666666667
0 0.3390625 0.446875 0.025 0.03125
2 0.375 0.446875 0.015625 0.042708333333333334
2 0.35625 0.446875 0.0125 0.03958333333333333
0 0.45625 0.44895833333333335 0.03125 0.05416666666666667
0 0.72421875 0.5104166666666666 0.1109375 0.10729166666666666