2 0.08046875 0.41041666666666665 0.0140625 0.05416666666666667
2 0.09765625 0.3958333333333333 0.0109375 0.025
2 0.1140625 0.421875 0.0125 0.05416666666666667
2 0.14921875 0.41770833333333335 0.0140625 0.042708333333333334
2 0.1609375 0.41770833333333335 0.015625 0.046875
2 0.19609375 0.43125 0.0234375 0.0625
2 0.21484375 0.434375 0.0203125 0.05625
2 0.2421875 0.4010416666666667 0.0125 0.04479166666666667
2 0.27265625 0.4125 0.0171875 0.042708333333333334
2 0.25390625 0.4270833333333333 0.0140625 0.021875
2 0.24375 0.4822916666666667 0.028125 0.10520833333333333
2 0.2703125 0.48541666666666666 0.025 0.09166666666666666
2 0.28828125 0.45 0.0140625 0.06875
2 0.30546875 0.4666666666666667 0.0203125 0.078125
2 0.31875 0.4239583333333333 0.0125 0.019791666666666666
2 0.325 0.47291666666666665 0.021875 0.08229166666666667
2 0.3375 0.41770833333333335 0.0125 0.027083333333333334
2 0.34609375 0.41458333333333336 0.0109375 0.019791666666666666
2 0.35546875 0.41770833333333335 0.0109375 0.022916666666666665
2 0.3421875 0.45625 0.0125 0.053125
2 0.3625 0.46770833333333334 0.03125 0.07604166666666666
2 0.365625 0.4125 0.009375 0.022916666666666665
2 0.375 0.409375 0.015625 0.025
2 0.4015625 0.41041666666666665 0.009375 0.035416666666666666
2 0.41328125 0.4125 0.0109375 0.035416666666666666
2 0.425 0.425 0.009375 0.04479166666666667
2 0.44453125 0.425 0.0109375 0.04479166666666667
2 0.46171875 0.42604166666666665 0.0109375 0.03958333333333333
0 0.5453125 0.403125 0.021875 0.017708333333333333
0 0.5375 0.4125 0.025 0.027083333333333334
0 0.5234375 0.4270833333333333 0.028125 0.03333333333333333
0 0.50234375 0.44166666666666665 0.0515625 0.051041666666666666
0 0.4875 0.5041666666666667 0.1 0.109375
0 0.5625 0.40208333333333335 0.015625 0.019791666666666666
0 0.56875 0.4322916666666667 0.05 0.06041666666666667
0 0.60859375 0.4125 0.0234375 0.022916666666666665
0 0.6296875 0.43333333333333335 0.04375 0.046875
0 0.66328125 0.453125 0.0640625 0.07083333333333333
0 0.70625 0.45729166666666665 0.025 0.05416666666666667
0 0.7390625 0.46145833333333336 0.05625 0.06041666666666667
0 0.5859375 0.46875 0.071875 0.07083333333333333
2 0.86015625 0.4510416666666667 0.0171875 0.046875
2 0.87109375 0.4510416666666667 0.0140625 0.046875
0 0.8359375 0.5333333333333333 0.171875 0.140625
2 0.1171875 0.4875 0.028125 0.10729166666666666