2 0.48359375 0.45729166666666665 0.0328125 0.0625
2 0.553125 0.45729166666666665 0.046875 0.05416666666666667
2 0.97109375 0.546875 0.0546875 0.35208333333333336
2 0.8828125 0.5583333333333333 0.140625 0.47291666666666665
0 0.77421875 0.490625 0.1203125 0.18333333333333332
0 0.69140625 0.5010416666666667 0.0828125 0.11875
0 0.66171875 0.496875 0.0859375 0.10729166666666666
0 0.60859375 0.4822916666666667 0.0859375 0.09375
0 0.46328125 0.45 0.1078125 0.11145833333333334
0 0.346875 0.4666666666666667 0.06875 0.051041666666666666
0 0.115625 0.4197916666666667 0.10625 0.07395833333333333
0 0.13984375 0.4895833333333333 0.0953125 0.09166666666666666
0 0.08125 0.49166666666666664 0.1625 0.134375
0 0.4046875 0.4708333333333333 0.053125 0.051041666666666666