2 0.53046875 0.4666666666666667 0.0203125 0.06666666666666667
2 0.5140625 0.4666666666666667 0.01875 0.058333333333333334
2 0.38125 0.4708333333333333 0.025 0.078125
2 0.18203125 0.45625 0.0234375 0.09583333333333334
2 0.153125 0.4625 0.025 0.10520833333333333
2 0.109375 0.46145833333333336 0.034375 0.115625
2 0.03671875 0.40625 0.0296875 0.05416666666666667
2 0.0171875 0.471875 0.034375 0.13854166666666667
0 0.6828125 0.5208333333333334 0.109375 0.13125
0 0.8359375 0.5791666666666667 0.296875 0.271875
0 0.49375 0.46041666666666664 0.03125 0.035416666666666666
2 0.70546875 0.446875 0.0203125 0.027083333333333334
2 0.603125 0.4510416666666667 0.01875 0.035416666666666666