2 0.796875 0.5416666666666666 0.0875 0.259375
2 0.890625 0.5739583333333333 0.11875 0.28541666666666665
0 0.1359375 0.55625 0.265625 0.19895833333333332
0 0.2875 0.5145833333333333 0.15 0.16979166666666667
0 0.396875 0.4947916666666667 0.084375 0.084375
0 0.446875 0.46979166666666666 0.053125 0.06041666666666667
0 0.71640625 0.509375 0.0921875 0.08541666666666667
0 0.6640625 0.4895833333333333 0.040625 0.053125
0 0.64453125 0.48541666666666666 0.0234375 0.04479166666666667
0 0.63671875 0.47708333333333336 0.0265625 0.040625
0 0.6125 0.46979166666666666 0.025 0.025
0 0.51953125 0.465625 0.0234375 0.025