2 0.7859375 0.5197916666666667 0.034375 0.16458333333333333
0 0.83203125 0.48333333333333334 0.0609375 0.084375
0 0.5890625 0.4875 0.075 0.06875
0 0.06875 0.5489583333333333 0.1375 0.1875
0 0.2265625 0.5072916666666667 0.11875 0.084375
0 0.2890625 0.49270833333333336 0.075 0.06458333333333334
0 0.34296875 0.4864583333333333 0.0546875 0.051041666666666666
0 0.36484375 0.48020833333333335 0.0421875 0.05416666666666667
0 0.39296875 0.46770833333333334 0.0484375 0.053125
0 0.43515625 0.46041666666666664 0.0234375 0.035416666666666666
0 0.4515625 0.46041666666666664 0.01875 0.027083333333333334
0 0.52109375 0.4625 0.0296875 0.03125
2 0.54609375 0.4708333333333333 0.0234375 0.06666666666666667