0 0.80546875 0.56875 0.2921875 0.26979166666666665
0 0.671875 0.503125 0.1875 0.20104166666666667
0 0.578125 0.49375 0.1 0.11666666666666667
0 0.53359375 0.48125 0.0609375 0.103125
0 0.40078125 0.45208333333333334 0.0453125 0.040625
0 0.371875 0.41770833333333335 0.0125 0.015625
0 0.3578125 0.41875 0.015625 0.021875
0 0.35 0.4239583333333333 0.01875 0.019791666666666666
0 0.334375 0.425 0.015625 0.021875
0 0.34296875 0.4479166666666667 0.0234375 0.029166666666666667
0 0.2875 0.490625 0.090625 0.10520833333333333
2 0.20625 0.46145833333333336 0.021875 0.05625
0 0.0859375 0.5197916666666667 0.171875 0.16458333333333333