0 0.17265625 0.4625 0.0703125 0.07083333333333333
0 0.23671875 0.4791666666666667 0.0796875 0.07604166666666666
0 0.3984375 0.4666666666666667 0.05625 0.05416666666666667
0 0.57734375 0.5427083333333333 0.2953125 0.12916666666666668
0 0.571875 0.46875 0.1625 0.051041666666666666
2 0.74296875 0.46041666666666664 0.0296875 0.084375
2 0.68984375 0.4552083333333333 0.0296875 0.05416666666666667
2 0.10625 0.46770833333333334 0.028125 0.07604166666666666
2 0.08203125 0.46770833333333334 0.0296875 0.084375
2 0.59375 0.4322916666666667 0.021875 0.03333333333333333
2 0.56796875 0.42916666666666664 0.0203125 0.03125
2 0.54375 0.43125 0.021875 0.035416666666666666
0 0.371875 0.4552083333333333 0.028125 0.03958333333333333
0 0.35703125 0.45208333333333334 0.0234375 0.0375
0 0.340625 0.4479166666666667 0.021875 0.029166666666666667
0 0.265625 0.446875 0.040625 0.035416666666666666
2 0.575 0.5114583333333333 0.034375 0.027083333333333334
0 0.971875 0.5385416666666667 0.053125 0.06458333333333334