0 0.478125 0.5020833333333333 0.15 0.14479166666666668
0 0.5703125 0.4864583333333333 0.0375 0.046875
2 0.06171875 0.47291666666666665 0.0390625 0.12916666666666668
2 0.03671875 0.4708333333333333 0.0109375 0.11666666666666667
2 0.59296875 0.45208333333333334 0.0171875 0.053125
2 0.3171875 0.46875 0.015625 0.05416666666666667
2 0.29921875 0.46979166666666666 0.0203125 0.04895833333333333
2 0.39765625 0.44895833333333335 0.0109375 0.03125
2 0.2109375 0.4625 0.025 0.07083333333333333
2 0.2328125 0.46041666666666664 0.015625 0.058333333333333334
2 0.25703125 0.46041666666666664 0.0171875 0.05416666666666667