0 0.940625 0.49270833333333336 0.115625 0.1625
0 0.78203125 0.484375 0.1734375 0.17604166666666668
2 0.640625 0.5083333333333333 0.065625 0.25416666666666665
0 0.56171875 0.46458333333333335 0.0890625 0.12083333333333333
0 0.4484375 0.5010416666666667 0.1375 0.134375
2 0.3609375 0.49895833333333334 0.0375 0.178125
2 0.3234375 0.5 0.04375 0.18333333333333332
0 0.26640625 0.490625 0.0765625 0.13645833333333332
0 0.16875 0.49375 0.146875 0.13333333333333333
2 0.08515625 0.48333333333333334 0.0203125 0.13854166666666667
2 0.0640625 0.49583333333333335 0.03125 0.16458333333333333
0 0.02734375 0.503125 0.0546875 0.11145833333333334