0 0.18828125 0.5947916666666667 0.1828125 0.15833333333333333
0 0.2640625 0.546875 0.109375 0.09791666666666667
0 0.3171875 0.5145833333333333 0.096875 0.103125
0 0.371875 0.5010416666666667 0.040625 0.06041666666666667
0 0.496875 0.46145833333333336 0.025 0.025
0 0.4375 0.471875 0.028125 0.03333333333333333
2 0.64921875 0.46458333333333335 0.0109375 0.042708333333333334
2 0.5859375 0.46145833333333336 0.009375 0.0375
2 0.63828125 0.46458333333333335 0.0109375 0.042708333333333334
2 0.62890625 0.4635416666666667 0.0109375 0.040625
0 0.3921875 0.49375 0.025 0.058333333333333334
0 0.4015625 0.484375 0.021875 0.042708333333333334
0 0.4109375 0.48020833333333335 0.034375 0.051041666666666666
0 0.4765625 0.459375 0.028125 0.022916666666666665
2 0.51328125 0.46041666666666664 0.0203125 0.035416666666666666