2 0.8609375 0.41458333333333336 0.0375 0.12291666666666666
2 0.73828125 0.4083333333333333 0.0265625 0.078125
2 0.72734375 0.4125 0.0234375 0.07395833333333333
2 0.71484375 0.41041666666666665 0.0203125 0.08229166666666667
2 0.6875 0.41458333333333336 0.025 0.08541666666666667
2 0.675 0.4197916666666667 0.01875 0.06666666666666667
2 0.66328125 0.41875 0.0203125 0.071875
2 0.64921875 0.41458333333333336 0.0203125 0.071875
2 0.6375 0.4166666666666667 0.021875 0.06875
2 0.6125 0.415625 0.025 0.0625
2 0.59140625 0.42083333333333334 0.0203125 0.05625
2 0.5421875 0.43125 0.021875 0.058333333333333334
0 0.46484375 0.4552083333333333 0.0359375 0.027083333333333334
2 0.240625 0.459375 0.01875 0.042708333333333334
2 0.2078125 0.45625 0.01875 0.05625
2 0.18984375 0.45729166666666665 0.0203125 0.058333333333333334
2 0.15859375 0.45729166666666665 0.0203125 0.0625
2 0.1359375 0.4552083333333333 0.021875 0.0625