0 0.5484375 0.478125 0.078125 0.08229166666666667
0 0.1578125 0.48020833333333335 0.05 0.08958333333333333
2 0.6359375 0.5125 0.103125 0.19375
2 0.065625 0.48854166666666665 0.06875 0.16770833333333332
2 0.1984375 0.49166666666666664 0.046875 0.12708333333333333
2 0.26328125 0.48020833333333335 0.0296875 0.09791666666666667
2 0.303125 0.47604166666666664 0.03125 0.071875
0 0.021875 0.5041666666666667 0.0375 0.11666666666666667
0 0.5078125 0.48125 0.021875 0.04479166666666667
0 0.5015625 0.475 0.028125 0.042708333333333334
0 0.38828125 0.4739583333333333 0.0359375 0.03333333333333333