0 0.06796875 0.6135416666666667 0.1359375 0.19166666666666668
0 0.153125 0.5666666666666667 0.1375 0.13645833333333332
0 0.24609375 0.525 0.0859375 0.10208333333333333
0 0.33046875 0.5354166666666667 0.1359375 0.140625
0 0.5875 0.496875 0.059375 0.071875
0 0.56953125 0.4739583333333333 0.0609375 0.06458333333333334
0 0.4625 0.4427083333333333 0.028125 0.029166666666666667
0 0.86015625 0.7104166666666667 0.2734375 0.31666666666666665
0 0.934375 0.8572916666666667 0.11875 0.265625
2 0.6234375 0.5875 0.06875 0.234375
0 0.37578125 0.46041666666666664 0.0421875 0.046875
0 0.40078125 0.4583333333333333 0.0265625 0.0375
0 0.52578125 0.44583333333333336 0.0328125 0.040625
0 0.6921875 0.48020833333333335 0.040625 0.07083333333333333