2 0.56640625 0.478125 0.0140625 0.03958333333333333
0 0.62265625 0.5447916666666667 0.1640625 0.13645833333333332
0 0.4859375 0.49166666666666664 0.04375 0.05625
0 0.459375 0.48541666666666666 0.01875 0.029166666666666667
0 0.4484375 0.47708333333333336 0.01875 0.022916666666666665
0 0.4078125 0.47708333333333336 0.015625 0.017708333333333333
0 0.37734375 0.4791666666666667 0.0203125 0.03333333333333333
0 0.34453125 0.4864583333333333 0.0578125 0.08229166666666667
0 0.33203125 0.5020833333333333 0.0484375 0.058333333333333334
0 0.2953125 0.5104166666666666 0.065625 0.071875
0 0.20859375 0.525 0.1328125 0.13333333333333333
0 0.1640625 0.484375 0.028125 0.03125
0 0.13046875 0.5239583333333333 0.0359375 0.1
0 0.0609375 0.4875 0.121875 0.0875
0 0.0609375 0.5791666666666667 0.121875 0.21666666666666667