2 0.3671875 0.459375 0.01875 0.05416666666666667
0 0.5390625 0.46041666666666664 0.03125 0.03958333333333333
0 0.6203125 0.484375 0.065625 0.058333333333333334
0 0.6734375 0.5114583333333333 0.078125 0.09375
0 0.728125 0.534375 0.1125 0.134375
0 0.82421875 0.5604166666666667 0.1828125 0.19895833333333332
0 0.90625 0.6333333333333333 0.184375 0.4041666666666667
0 0.2359375 0.46145833333333336 0.115625 0.05625
0 0.12578125 0.44166666666666665 0.1015625 0.07083333333333333
0 0.58359375 0.46979166666666666 0.0359375 0.04479166666666667
0 0.38984375 0.4583333333333333 0.0296875 0.040625
0 0.109375 0.459375 0.06875 0.06666666666666667
0 0.04453125 0.44895833333333335 0.0734375 0.08541666666666667
0 0.48046875 0.45625 0.0265625 0.025
0 0.3265625 0.453125 0.025 0.042708333333333334
0 0.25703125 0.4479166666666667 0.0828125 0.06041666666666667
1 0.35703125 0.475 0.0109375 0.019791666666666666