2 0.88515625 0.5072916666666667 0.0234375 0.04479166666666667
2 0.8421875 0.47604166666666664 0.028125 0.040625
2 0.6125 0.47291666666666665 0.015625 0.05416666666666667
2 0.5265625 0.48125 0.01875 0.05625
0 0.27265625 0.4822916666666667 0.0421875 0.05416666666666667
0 0.2296875 0.4875 0.040625 0.06041666666666667
0 0.178125 0.49166666666666664 0.06875 0.084375
0 0.08515625 0.48125 0.1296875 0.13854166666666667
0 0.03046875 0.5104166666666666 0.0578125 0.12291666666666666
0 0.36796875 0.47708333333333336 0.0359375 0.03958333333333333
0 0.3359375 0.47604166666666664 0.034375 0.0375