0 0.31015625 0.45729166666666665 0.2109375 0.203125
2 0.47890625 0.346875 0.0140625 0.0375
0 0.54296875 0.3385416666666667 0.0234375 0.021875
0 0.58359375 0.33125 0.0203125 0.025
0 0.603125 0.334375 0.01875 0.027083333333333334
0 0.62109375 0.33541666666666664 0.0203125 0.03125
0 0.6328125 0.346875 0.025 0.029166666666666667
2 0.6625 0.36041666666666666 0.01875 0.053125
0 0.53515625 0.38125 0.0703125 0.07083333333333333
0 0.7609375 0.3875 0.10625 0.103125
0 0.91875 0.4375 0.1625 0.17604166666666668