0 0.084375 0.51875 0.165625 0.1625
0 0.08984375 0.8239583333333333 0.1734375 0.34791666666666665
0 0.1546875 0.6666666666666666 0.30625 0.275
0 0.64453125 0.48541666666666666 0.0578125 0.06041666666666667
0 0.70078125 0.465625 0.0359375 0.04479166666666667
0 0.94140625 0.5229166666666667 0.1171875 0.1
2 0.72421875 0.5229166666666667 0.0359375 0.11875
2 0.7609375 0.4739583333333333 0.021875 0.053125
2 0.3328125 0.45729166666666665 0.01875 0.051041666666666666
2 0.36953125 0.4552083333333333 0.0203125 0.051041666666666666
2 0.3484375 0.45625 0.025 0.05625
0 0.95078125 0.48020833333333335 0.0984375 0.051041666666666666
0 0.440625 0.4739583333333333 0.078125 0.040625
2 0.44375 0.44583333333333336 0.01875 0.029166666666666667
0 0.54921875 0.47291666666666665 0.0359375 0.035416666666666666
0 0.56640625 0.46458333333333335 0.0265625 0.03125
0 0.5859375 0.46145833333333336 0.025 0.029166666666666667