0 0.7265625 0.484375 0.1625 0.10520833333333333
0 0.91640625 0.4708333333333333 0.0453125 0.06666666666666667
0 0.55625 0.48541666666666666 0.10625 0.08020833333333334
0 0.45859375 0.4875 0.0984375 0.084375
2 0.21484375 0.4625 0.0109375 0.07083333333333333
2 0.23125 0.4427083333333333 0.015625 0.025
2 0.690625 0.44479166666666664 0.021875 0.029166666666666667
0 0.85390625 0.48125 0.0703125 0.09583333333333334
2 0.32421875 0.46041666666666664 0.0171875 0.051041666666666666
2 0.30703125 0.46041666666666664 0.0140625 0.0375
2 0.2734375 0.4552083333333333 0.0125 0.03125
2 0.1765625 0.46875 0.021875 0.078125