2 0.88203125 0.5614583333333333 0.0453125 0.18541666666666667
0 0.80703125 0.5041666666666667 0.1109375 0.109375
0 0.73984375 0.475 0.1109375 0.07395833333333333
0 0.49375 0.43020833333333336 0.03125 0.03333333333333333
0 0.35703125 0.4625 0.0515625 0.058333333333333334
0 0.29375 0.45 0.075 0.0375
0 0.29453125 0.496875 0.0453125 0.07604166666666666
0 0.23125 0.5010416666666667 0.103125 0.12291666666666666
0 0.18828125 0.5427083333333333 0.1328125 0.12916666666666668
0 0.0796875 0.58125 0.15625 0.18958333333333333
0 0.609375 0.453125 0.03125 0.051041666666666666
0 0.38671875 0.44895833333333335 0.0359375 0.03958333333333333
0 0.4203125 0.4270833333333333 0.028125 0.029166666666666667
0 0.09140625 0.46041666666666664 0.1078125 0.078125