0 0.378125 0.478125 0.046875 0.07395833333333333
2 0.42421875 0.5 0.0453125 0.140625
0 0.46015625 0.46041666666666664 0.0265625 0.07083333333333333
0 0.48046875 0.446875 0.0203125 0.06666666666666667
0 0.496875 0.44166666666666665 0.01875 0.058333333333333334
0 0.50859375 0.40625 0.0296875 0.03958333333333333
0 0.51953125 0.3854166666666667 0.0265625 0.0375
0 0.53828125 0.38229166666666664 0.0203125 0.025
0 0.62890625 0.38333333333333336 0.0296875 0.029166666666666667
0 0.64453125 0.39791666666666664 0.0234375 0.029166666666666667
0 0.6546875 0.4114583333333333 0.028125 0.03333333333333333
0 0.66484375 0.42291666666666666 0.0265625 0.04479166666666667
0 0.6796875 0.4322916666666667 0.028125 0.04479166666666667
0 0.709375 0.44375 0.046875 0.051041666666666666
0 0.78515625 0.47708333333333336 0.0921875 0.084375
0 0.9140625 0.44375 0.075 0.0625
0 0.96875 0.44375 0.028125 0.058333333333333334