2 0.8203125 0.515625 0.025 0.11666666666666667
2 0.8515625 0.51875 0.028125 0.12291666666666666
2 0.89296875 0.5208333333333334 0.0359375 0.134375
2 0.2 0.49270833333333336 0.01875 0.06458333333333334
2 0.02734375 0.5020833333333333 0.0203125 0.11354166666666667
0 0.4703125 0.5177083333333333 0.078125 0.09375
2 0.8 0.5104166666666666 0.025 0.103125
2 0.5921875 0.5083333333333333 0.01875 0.0625
2 0.55859375 0.509375 0.0203125 0.0625
2 0.2171875 0.49270833333333336 0.021875 0.06875
2 0.98515625 0.4875 0.0203125 0.040625
2 0.9703125 0.4864583333333333 0.021875 0.042708333333333334