2 0.28125 0.47291666666666665 0.03125 0.10208333333333333
0 0.32421875 0.48541666666666666 0.0609375 0.07604166666666666
0 0.43046875 0.475 0.2015625 0.12083333333333333
0 0.5390625 0.4947916666666667 0.1375 0.11145833333333334
0 0.6109375 0.49270833333333336 0.20625 0.134375
0 0.70625 0.4979166666666667 0.19375 0.13645833333333332
0 0.84453125 0.5072916666666667 0.2359375 0.15416666666666667
0 0.97421875 0.496875 0.0484375 0.20104166666666667
2 0.76796875 0.41458333333333336 0.0296875 0.03125
2 0.81484375 0.415625 0.0265625 0.03125
2 0.86875 0.41458333333333336 0.025 0.03125
2 0.8890625 0.4114583333333333 0.025 0.03333333333333333
2 0.909375 0.4125 0.021875 0.035416666666666666
2 0.359375 0.4395833333333333 0.01875 0.015625
2 0.3421875 0.44375 0.0125 0.011458333333333333