2 0.6171875 0.46041666666666664 0.021875 0.05416666666666667
2 0.325 0.46041666666666664 0.01875 0.06875
2 0.2390625 0.490625 0.021875 0.09375
2 0.21171875 0.48333333333333334 0.0265625 0.07604166666666666
2 0.68828125 0.453125 0.0171875 0.05416666666666667
2 0.59453125 0.4625 0.0265625 0.05416666666666667
0 0.5734375 0.45416666666666666 0.01875 0.029166666666666667
0 0.4765625 0.46041666666666664 0.021875 0.025
2 0.34140625 0.46770833333333334 0.0203125 0.06458333333333334
2 0.3546875 0.4666666666666667 0.021875 0.07395833333333333
2 0.3875 0.4625 0.021875 0.06666666666666667