0 0.09453125 0.5541666666666667 0.1890625 0.19375
0 0.80625 0.46145833333333336 0.0625 0.071875
0 0.92578125 0.45 0.1421875 0.15
0 0.94765625 0.4791666666666667 0.1015625 0.12708333333333333
2 0.4265625 0.46458333333333335 0.025 0.051041666666666666
2 0.35546875 0.4635416666666667 0.0109375 0.029166666666666667
2 0.3765625 0.4625 0.0125 0.027083333333333334
0 0.64609375 0.44895833333333335 0.0234375 0.03125
2 0.6265625 0.45 0.01875 0.04479166666666667
2 0.1671875 0.48020833333333335 0.01875 0.03958333333333333
0 0.72890625 0.46041666666666664 0.0328125 0.051041666666666666