2 0.03203125 0.4739583333333333 0.0265625 0.07604166666666666
2 0.15625 0.48125 0.04375 0.134375
2 0.184375 0.4791666666666667 0.028125 0.12708333333333333
2 0.2484375 0.47708333333333336 0.040625 0.134375
2 0.29765625 0.490625 0.0421875 0.07395833333333333
2 0.33203125 0.47708333333333336 0.0328125 0.0625
2 0.35546875 0.484375 0.0421875 0.08541666666666667
2 0.4109375 0.4979166666666667 0.0375 0.10208333333333333
2 0.53203125 0.484375 0.0265625 0.11666666666666667
2 0.584375 0.4895833333333333 0.0375 0.13125
2 0.615625 0.48541666666666666 0.03125 0.13854166666666667