2 0.57890625 0.45729166666666665 0.0328125 0.11666666666666667
0 0.03515625 0.41458333333333336 0.0453125 0.04479166666666667
0 0.08359375 0.41041666666666665 0.0421875 0.03958333333333333
0 0.196875 0.47708333333333336 0.109375 0.10208333333333333
0 0.47734375 0.4270833333333333 0.1109375 0.06041666666666667
0 0.5234375 0.434375 0.10625 0.06041666666666667
0 0.65703125 0.4354166666666667 0.0828125 0.046875
0 0.715625 0.43645833333333334 0.028125 0.04479166666666667
0 0.7390625 0.44895833333333335 0.034375 0.042708333333333334
0 0.81875 0.44166666666666665 0.078125 0.0625
0 0.24765625 0.4 0.0328125 0.03125
0 0.171875 0.3875 0.078125 0.040625
2 0.26796875 0.41458333333333336 0.0171875 0.0625