0 0.08828125 0.49270833333333336 0.0671875 0.10729166666666666
0 0.015625 0.4864583333333333 0.03125 0.10520833333333333
0 0.01640625 0.490625 0.0265625 0.10208333333333333
0 0.24921875 0.471875 0.1234375 0.053125
0 0.1578125 0.46770833333333334 0.040625 0.05625
0 0.43359375 0.4479166666666667 0.0265625 0.029166666666666667
0 0.50703125 0.43854166666666666 0.0234375 0.029166666666666667
0 0.61328125 0.4979166666666667 0.0609375 0.08541666666666667
0 0.6640625 0.5114583333333333 0.096875 0.109375
0 0.71640625 0.559375 0.1453125 0.146875
2 0.45078125 0.45 0.0140625 0.0375
0 0.58046875 0.46041666666666664 0.0265625 0.046875
0 0.30390625 0.459375 0.0484375 0.046875
0 0.178125 0.45416666666666666 0.05625 0.03333333333333333
0 0.39140625 0.453125 0.0265625 0.042708333333333334