2 0.896875 0.5208333333333334 0.084375 0.225
2 0.37109375 0.49895833333333334 0.0734375 0.178125
2 0.225 0.4947916666666667 0.046875 0.12708333333333333
2 0.20625 0.471875 0.05 0.12708333333333333
0 0.171875 0.4822916666666667 0.05 0.08958333333333333
2 0.13203125 0.484375 0.0453125 0.12083333333333333
0 0.54765625 0.47708333333333336 0.0765625 0.07604166666666666
0 0.3234375 0.48020833333333335 0.040625 0.05416666666666667
0 0.0421875 0.5 0.084375 0.11666666666666667
0 0.5078125 0.48125 0.025 0.04479166666666667
0 0.49765625 0.47708333333333336 0.0296875 0.042708333333333334