0 0.571875 0.4635416666666667 0.05625 0.06875
2 0.3125 0.50625 0.04375 0.125
2 0.21640625 0.453125 0.0265625 0.058333333333333334
2 0.7421875 0.4708333333333333 0.028125 0.09791666666666667
2 0.76875 0.45208333333333334 0.025 0.040625
2 0.79140625 0.446875 0.0296875 0.051041666666666666
0 0.67265625 0.7291666666666666 0.3859375 0.44375
0 0.51171875 0.43645833333333334 0.0328125 0.025
2 0.65859375 0.45 0.0234375 0.040625
2 0.98828125 0.48125 0.0203125 0.10729166666666666
2 0.82109375 0.46041666666666664 0.0234375 0.029166666666666667
0 0.54140625 0.45625 0.0265625 0.04479166666666667
0 0.43984375 0.42916666666666664 0.0234375 0.027083333333333334