0 0.7734375 0.490625 0.115625 0.12083333333333333
0 0.69140625 0.4666666666666667 0.0578125 0.0625
0 0.653125 0.4635416666666667 0.028125 0.0375
0 0.353125 0.48333333333333334 0.034375 0.071875
0 0.40546875 0.47604166666666664 0.0359375 0.06875
2 0.03671875 0.5145833333333333 0.0703125 0.209375
2 0.16171875 0.5020833333333333 0.0671875 0.14791666666666667
2 0.328125 0.4822916666666667 0.03125 0.09791666666666667
2 0.38046875 0.4739583333333333 0.0328125 0.1
2 0.4328125 0.4708333333333333 0.025 0.07395833333333333
2 0.45546875 0.471875 0.0234375 0.06875