0 0.9859375 0.42604166666666665 0.025 0.035416666666666666
0 0.934375 0.4010416666666667 0.121875 0.03333333333333333
0 0.78046875 0.4552083333333333 0.0578125 0.046875
0 0.715625 0.4427083333333333 0.06875 0.06458333333333334
0 0.871875 0.484375 0.253125 0.125
2 0.60234375 0.440625 0.0203125 0.06041666666666667
2 0.58671875 0.43333333333333335 0.0203125 0.07083333333333333
2 0.56640625 0.4197916666666667 0.0203125 0.05416666666666667
2 0.5421875 0.4239583333333333 0.01875 0.042708333333333334
0 0.40859375 0.434375 0.0359375 0.03333333333333333
0 0.3484375 0.4708333333333333 0.18125 0.10520833333333333
0 0.16796875 0.48020833333333335 0.0953125 0.08958333333333333