0 0.93359375 0.540625 0.1296875 0.21875
2 0.84375 0.525 0.10625 0.34791666666666665
0 0.7578125 0.5041666666666667 0.1125 0.171875
0 0.68984375 0.5 0.0921875 0.13645833333333332
0 0.67734375 0.48854166666666665 0.1046875 0.11666666666666667
0 0.6484375 0.4739583333333333 0.14375 0.12291666666666666
0 0.5640625 0.4822916666666667 0.034375 0.08229166666666667
0 0.53984375 0.478125 0.0234375 0.07395833333333333
1 0.521875 0.49375 0.015625 0.027083333333333334
2 0.515625 0.47291666666666665 0.01875 0.07395833333333333
2 0.49921875 0.47604166666666664 0.0234375 0.07604166666666666
0 0.42421875 0.4791666666666667 0.1203125 0.1625
0 0.32421875 0.48333333333333334 0.0890625 0.08020833333333334
0 0.271875 0.478125 0.08125 0.109375
0 0.2515625 0.5083333333333333 0.04375 0.1
0 0.1171875 0.4875 0.234375 0.18541666666666667
0 0.07109375 0.5302083333333333 0.1421875 0.2125