2 0.153125 0.5854166666666667 0.059375 0.17916666666666667
2 0.121875 0.5229166666666667 0.05 0.15625
2 0.43828125 0.48333333333333334 0.0265625 0.084375
0 0.68203125 0.5020833333333333 0.0671875 0.07083333333333333
0 0.73125 0.51875 0.05625 0.084375
0 0.5078125 0.446875 0.028125 0.03125
0 0.62734375 0.47604166666666664 0.0515625 0.053125
0 0.25546875 0.4635416666666667 0.0734375 0.071875
0 0.20546875 0.49583333333333335 0.0953125 0.09791666666666667
0 0.03203125 0.5208333333333334 0.0578125 0.1
0 0.3984375 0.4822916666666667 0.05625 0.06666666666666667
0 0.584375 0.46145833333333336 0.021875 0.03333333333333333
0 0.93984375 0.6083333333333333 0.1203125 0.23229166666666667
0 0.80234375 0.5447916666666667 0.1609375 0.13333333333333333