0 0.3578125 0.5739583333333333 0.153125 0.12916666666666668
0 0.42890625 0.490625 0.0453125 0.051041666666666666
0 0.4609375 0.5322916666666667 0.078125 0.07604166666666666
2 0.70078125 0.5135416666666667 0.0328125 0.078125
0 0.61484375 0.46979166666666666 0.0265625 0.029166666666666667
2 0.53828125 0.46979166666666666 0.0140625 0.025
0 0.46171875 0.47708333333333336 0.0203125 0.035416666666666666
2 0.35625 0.47291666666666665 0.01875 0.03125
2 0.3359375 0.4708333333333333 0.01875 0.027083333333333334
2 0.31953125 0.46979166666666666 0.0203125 0.029166666666666667
2 0.0109375 0.490625 0.021875 0.042708333333333334