0 0.5359375 0.50625 0.103125 0.10520833333333333
2 0.30390625 0.48854166666666665 0.0140625 0.035416666666666666
2 0.29296875 0.4895833333333333 0.0109375 0.025
2 0.28125 0.490625 0.009375 0.022916666666666665
2 0.27421875 0.490625 0.0140625 0.035416666666666666
2 0.25703125 0.4864583333333333 0.0109375 0.035416666666666666
2 0.24453125 0.4875 0.0109375 0.0375
2 0.23359375 0.4864583333333333 0.0109375 0.03958333333333333
2 0.22109375 0.4875 0.0109375 0.0375
2 0.20546875 0.48854166666666665 0.0109375 0.03958333333333333
2 0.19296875 0.490625 0.0109375 0.035416666666666666
2 0.18515625 0.49166666666666664 0.0109375 0.040625
2 0.1625 0.4875 0.0125 0.04895833333333333
2 0.146875 0.4895833333333333 0.0125 0.04895833333333333
2 0.12734375 0.4895833333333333 0.0171875 0.05625
2 0.10859375 0.490625 0.0140625 0.058333333333333334
2 0.0828125 0.49270833333333336 0.01875 0.06458333333333334
2 0.05625 0.49375 0.01875 0.058333333333333334
2 0.04140625 0.5010416666666667 0.0203125 0.04479166666666667
2 0.0171875 0.49895833333333334 0.01875 0.06875
2 0.00546875 0.5010416666666667 0.0109375 0.05625
0 0.40390625 0.490625 0.0265625 0.027083333333333334