0 0.9265625 0.5135416666666667 0.14375 0.24166666666666667
0 0.86171875 0.4791666666666667 0.2359375 0.2125
1 0.81484375 0.5947916666666667 0.0546875 0.0875
2 0.7109375 0.5125 0.078125 0.2635416666666667
0 0.65546875 0.48020833333333335 0.0796875 0.19166666666666668
2 0.5921875 0.4875 0.040625 0.20520833333333333
0 0.546875 0.48333333333333334 0.0625 0.1
0 0.5046875 0.475 0.028125 0.06666666666666667
0 0.48046875 0.4708333333333333 0.0234375 0.058333333333333334
0 0.38359375 0.48854166666666665 0.1859375 0.23854166666666668
0 0.284375 0.46875 0.028125 0.058333333333333334
0 0.26640625 0.47708333333333336 0.0296875 0.06875
0 0.13125 0.47708333333333336 0.2625 0.19895833333333332
0 0.0828125 0.5166666666666667 0.165625 0.178125
0 0.0328125 0.565625 0.065625 0.17395833333333333