2 0.97265625 0.5604166666666667 0.0515625 0.44895833333333335
0 0.92890625 0.5645833333333333 0.0703125 0.15208333333333332
0 0.84140625 0.509375 0.2328125 0.20729166666666668
0 0.71171875 0.503125 0.1046875 0.15
0 0.6796875 0.49270833333333336 0.115625 0.134375
0 0.64765625 0.47291666666666665 0.1390625 0.125
0 0.56015625 0.48125 0.0390625 0.09166666666666666
0 0.53671875 0.4875 0.0234375 0.06041666666666667
2 0.5125 0.478125 0.021875 0.08541666666666667
2 0.4890625 0.475 0.01875 0.078125
0 0.415625 0.4791666666666667 0.121875 0.15416666666666667
0 0.34609375 0.4510416666666667 0.0328125 0.035416666666666666
0 0.0984375 0.4864583333333333 0.196875 0.21041666666666667
0 0.0359375 0.5458333333333333 0.071875 0.13854166666666667
1 0.521875 0.5083333333333333 0.015625 0.03125
0 0.30625 0.48333333333333334 0.096875 0.084375
0 0.21796875 0.4739583333333333 0.1015625 0.12291666666666666
0 0.2140625 0.509375 0.059375 0.125