0 0.80859375 0.46041666666666664 0.0609375 0.07604166666666666
0 0.8296875 0.4739583333333333 0.025 0.071875
0 0.92578125 0.4479166666666667 0.1453125 0.146875
0 0.94921875 0.49166666666666664 0.0984375 0.115625
2 0.640625 0.46458333333333335 0.025 0.09791666666666667
2 0.62265625 0.4625 0.0296875 0.09791666666666667
2 0.7515625 0.475 0.0375 0.16041666666666668
2 0.43125 0.46979166666666666 0.028125 0.07604166666666666
2 0.5515625 0.459375 0.01875 0.051041666666666666
2 0.46640625 0.45729166666666665 0.0203125 0.03958333333333333
2 0.1703125 0.478125 0.021875 0.042708333333333334
2 0.11328125 0.49375 0.0203125 0.0625
2 0.12890625 0.48541666666666666 0.0203125 0.029166666666666667