0 0.40390625 0.475 0.0671875 0.06666666666666667
0 0.184375 0.44895833333333335 0.078125 0.03958333333333333
2 0.51171875 0.5052083333333334 0.0265625 0.11875
2 0.540625 0.5020833333333333 0.034375 0.15208333333333332
2 0.57734375 0.5052083333333334 0.0609375 0.228125
2 0.609375 0.471875 0.034375 0.11875
2 0.64609375 0.47708333333333336 0.0515625 0.12083333333333333
2 0.68984375 0.45208333333333334 0.0328125 0.115625
2 0.76328125 0.44583333333333336 0.0234375 0.11875
2 0.7859375 0.45208333333333334 0.03125 0.103125
2 0.803125 0.44583333333333336 0.028125 0.08958333333333333
2 0.7375 0.44895833333333335 0.021875 0.10520833333333333
0 0.30859375 0.440625 0.0765625 0.04479166666666667
0 0.8203125 0.440625 0.03125 0.05625
0 0.3375 0.45416666666666666 0.06875 0.03333333333333333