2 0.365625 0.5875 0.075 0.25833333333333336
2 0.60625 0.615625 0.09375 0.25416666666666665
0 0.9109375 0.6145833333333334 0.175 0.209375
0 0.6859375 0.5052083333333334 0.0875 0.071875
0 0.625 0.47708333333333336 0.053125 0.058333333333333334
0 0.53515625 0.45625 0.0359375 0.0375
0 0.32578125 0.5260416666666666 0.0546875 0.09583333333333334
0 0.1578125 0.646875 0.28125 0.234375
0 0.10390625 0.47708333333333336 0.1421875 0.06041666666666667
0 0.084375 0.765625 0.1625 0.33958333333333335
0 0.42734375 0.46979166666666666 0.0515625 0.05625
0 0.95859375 0.47708333333333336 0.0828125 0.06666666666666667
0 0.7390625 0.490625 0.109375 0.06666666666666667
0 0.58828125 0.465625 0.0328125 0.040625
0 0.578125 0.46041666666666664 0.03125 0.040625
0 0.38671875 0.4947916666666667 0.0921875 0.09166666666666666
0 0.27265625 0.4791666666666667 0.1265625 0.06458333333333334
0 0.1421875 0.46770833333333334 0.121875 0.07604166666666666