2 0.69453125 0.5260416666666666 0.1015625 0.43125
0 0.0921875 0.5 0.178125 0.13645833333333332
0 0.31171875 0.4666666666666667 0.1171875 0.09791666666666667
0 0.49765625 0.45416666666666666 0.0421875 0.04479166666666667
0 0.6453125 0.465625 0.025 0.06458333333333334
0 0.63203125 0.46041666666666664 0.0328125 0.06458333333333334
2 0.98671875 0.434375 0.0265625 0.11875
2 0.11328125 0.4427083333333333 0.0265625 0.06041666666666667
0 0.37265625 0.47708333333333336 0.0453125 0.058333333333333334
0 0.40234375 0.4635416666666667 0.0546875 0.06041666666666667
0 0.43671875 0.4552083333333333 0.0578125 0.06666666666666667
0 0.60703125 0.459375 0.0234375 0.042708333333333334