0 0.05 0.6208333333333333 0.096875 0.22291666666666668
0 0.20546875 0.5291666666666667 0.2140625 0.23020833333333332
0 0.04921875 0.4947916666666667 0.0953125 0.029166666666666667
0 0.3640625 0.4979166666666667 0.103125 0.10208333333333333
0 0.4171875 0.4947916666666667 0.028125 0.084375
0 0.43828125 0.49166666666666664 0.0234375 0.078125
0 0.471875 0.48541666666666666 0.03125 0.03333333333333333
0 0.5421875 0.5145833333333333 0.13125 0.13125
0 0.59921875 0.48333333333333334 0.0203125 0.017708333333333333
0 0.6171875 0.48854166666666665 0.01875 0.035416666666666666
0 0.63046875 0.48854166666666665 0.0203125 0.035416666666666666
0 0.6546875 0.48541666666666666 0.040625 0.04479166666666667
2 0.7140625 0.478125 0.015625 0.042708333333333334
0 0.7828125 0.4947916666666667 0.06875 0.06875
0 0.871875 0.478125 0.109375 0.13333333333333333
0 0.96171875 0.4979166666666667 0.0734375 0.13645833333333332