2 0.415625 0.46770833333333334 0.021875 0.053125
2 0.4015625 0.4625 0.021875 0.07083333333333333
2 0.46953125 0.46041666666666664 0.0203125 0.05416666666666667
2 0.58125 0.4739583333333333 0.025 0.084375
2 0.7265625 0.475 0.028125 0.06666666666666667
0 0.89453125 0.7416666666666667 0.2015625 0.46041666666666664
0 0.82734375 0.5635416666666667 0.2703125 0.2635416666666667
0 0.67109375 0.515625 0.1015625 0.08958333333333333
0 0.6375 0.490625 0.075 0.08958333333333333
0 0.25703125 0.5041666666666667 0.1296875 0.11354166666666667
0 0.04375 0.49166666666666664 0.084375 0.12291666666666666
2 0.753125 0.4625 0.025 0.051041666666666666
0 0.528125 0.45416666666666666 0.025 0.025
0 0.15859375 0.475 0.0328125 0.0625
2 0.3890625 0.46979166666666666 0.01875 0.06458333333333334
0 0.20625 0.46875 0.025 0.0625