2 0.53046875 0.4739583333333333 0.0453125 0.13125
2 0.4078125 0.475 0.04375 0.140625
2 0.37265625 0.47291666666666665 0.0296875 0.10208333333333333
2 0.34765625 0.4875 0.0265625 0.06875
2 0.13125 0.49895833333333334 0.05 0.12291666666666666
2 0.084375 0.503125 0.05 0.134375
2 0.73515625 0.46041666666666664 0.0234375 0.078125
0 0.58671875 0.44166666666666665 0.0734375 0.051041666666666666
0 0.65 0.4552083333333333 0.025 0.022916666666666665
2 0.0390625 0.490625 0.0375 0.078125
2 0.203125 0.5052083333333334 0.0375 0.09166666666666666
0 0.88046875 0.4635416666666667 0.0734375 0.07604166666666666
0 0.32578125 0.46979166666666666 0.0640625 0.071875