0 0.97578125 0.503125 0.0421875 0.06458333333333334
0 0.92578125 0.49375 0.0546875 0.05416666666666667
0 0.884375 0.48125 0.028125 0.084375
0 0.96953125 0.45208333333333334 0.0578125 0.025
0 0.91796875 0.45 0.0484375 0.029166666666666667
0 0.846875 0.49270833333333336 0.03125 0.053125
0 0.8390625 0.45416666666666666 0.053125 0.029166666666666667
0 0.74453125 0.4895833333333333 0.0265625 0.040625
2 0.62578125 0.4666666666666667 0.0203125 0.058333333333333334
0 0.56875 0.4875 0.0625 0.06041666666666667
0 0.50546875 0.475 0.0359375 0.035416666666666666
0 0.40703125 0.49375 0.1234375 0.14479166666666668
0 0.26640625 0.475 0.0359375 0.03125
0 0.1890625 0.4875 0.06875 0.053125
0 0.121875 0.490625 0.0625 0.051041666666666666