0 0.240625 0.46875 0.053125 0.05416666666666667
0 0.3828125 0.45625 0.034375 0.03333333333333333
2 0.05390625 0.475 0.0203125 0.08229166666666667
2 0.078125 0.4666666666666667 0.025 0.078125
2 0.5671875 0.446875 0.025 0.08541666666666667
2 0.7140625 0.49166666666666664 0.040625 0.14791666666666667
2 0.82265625 0.475 0.0609375 0.16770833333333332
2 0.66484375 0.48854166666666665 0.0328125 0.16458333333333333
2 0.6296875 0.4479166666666667 0.025 0.06875
2 0.49296875 0.4635416666666667 0.0296875 0.07604166666666666
2 0.55 0.45625 0.021875 0.06875
0 0.4515625 0.4552083333333333 0.01875 0.027083333333333334
2 0.20546875 0.4708333333333333 0.0265625 0.07083333333333333