2 0.6109375 0.4895833333333333 0.040625 0.115625
2 0.828125 0.48854166666666665 0.01875 0.05416666666666667
0 0.1890625 0.46458333333333335 0.05625 0.078125
0 0.09296875 0.44479166666666664 0.1109375 0.11875
0 0.065625 0.475 0.128125 0.10208333333333333
0 0.04765625 0.49166666666666664 0.0921875 0.109375
0 0.3546875 0.45 0.025 0.03333333333333333
0 0.27109375 0.4583333333333333 0.0421875 0.05625
2 0.31484375 0.4239583333333333 0.0203125 0.022916666666666665
2 0.57890625 0.4583333333333333 0.0109375 0.025
2 0.56953125 0.46041666666666664 0.0109375 0.027083333333333334
2 0.87109375 0.48854166666666665 0.0203125 0.035416666666666666