0 0.96640625 0.6427083333333333 0.0671875 0.1875
0 0.91640625 0.6020833333333333 0.1671875 0.16041666666666668
0 0.76796875 0.5291666666666667 0.1203125 0.11354166666666667
0 0.70390625 0.5 0.0921875 0.09375
0 0.6421875 0.490625 0.065625 0.058333333333333334
0 0.50703125 0.440625 0.0296875 0.025
2 0.5734375 0.4666666666666667 0.025 0.06666666666666667
0 0.1515625 0.665625 0.296875 0.33541666666666664
0 0.28515625 0.5916666666666667 0.1265625 0.18333333333333332
0 0.36484375 0.5125 0.1015625 0.0875
2 0.3171875 0.4635416666666667 0.021875 0.071875
0 0.40234375 0.4739583333333333 0.0671875 0.06458333333333334
0 0.43515625 0.46041666666666664 0.0359375 0.046875