0 0.58984375 0.5114583333333333 0.0359375 0.046875
0 0.40546875 0.49895833333333334 0.0453125 0.06041666666666667
2 0.23203125 0.496875 0.0234375 0.0875
2 0.259375 0.49166666666666664 0.021875 0.07083333333333333
2 0.08984375 0.4979166666666667 0.0359375 0.12916666666666668
2 0.065625 0.48854166666666665 0.025 0.10520833333333333
2 0.04921875 0.49583333333333335 0.0359375 0.109375
0 0.434375 0.5052083333333334 0.021875 0.0375
0 0.453125 0.49895833333333334 0.015625 0.0375
2 0.47734375 0.49375 0.0140625 0.035416666666666666
2 0.5015625 0.49583333333333335 0.015625 0.03958333333333333
2 0.29453125 0.5 0.0203125 0.051041666666666666