0 0.05859375 0.584375 0.1046875 0.17604166666666668
0 0.17265625 0.559375 0.1515625 0.15
0 0.321875 0.49583333333333335 0.065625 0.07083333333333333
0 0.37890625 0.4864583333333333 0.0578125 0.07395833333333333
0 0.46015625 0.45416666666666666 0.0328125 0.03333333333333333
0 0.7125 0.5760416666666667 0.15 0.16458333333333333
0 0.8359375 0.6333333333333333 0.271875 0.2635416666666667
0 0.9015625 0.7802083333333333 0.19375 0.4354166666666667
2 0.0359375 0.6666666666666666 0.071875 0.3416666666666667
2 0.428125 0.5979166666666667 0.08125 0.28125
2 0.60625 0.5770833333333333 0.08125 0.24791666666666667
0 0.2765625 0.478125 0.06875 0.058333333333333334
0 0.09375 0.48333333333333334 0.059375 0.09166666666666666
0 0.5546875 0.46458333333333335 0.040625 0.051041666666666666
0 0.68046875 0.4625 0.1171875 0.042708333333333334
0 0.834375 0.4708333333333333 0.109375 0.0625
0 0.809375 0.459375 0.1125 0.0625