2 0.3265625 0.4947916666666667 0.034375 0.09583333333333334
2 0.38828125 0.4708333333333333 0.0234375 0.05416666666666667
0 0.90625 0.54375 0.184375 0.134375
0 0.73671875 0.5760416666666667 0.1796875 0.14791666666666667
0 0.24453125 0.5166666666666667 0.1203125 0.11145833333333334
0 0.1078125 0.565625 0.1875 0.18125
0 0.0359375 0.6333333333333333 0.06875 0.18333333333333332
0 0.7484375 0.47708333333333336 0.0875 0.08541666666666667
0 0.6171875 0.4635416666666667 0.04375 0.04479166666666667
0 0.3453125 0.47708333333333336 0.046875 0.06041666666666667
0 0.36875 0.475 0.028125 0.058333333333333334