0 0.06015625 0.5458333333333333 0.1203125 0.21666666666666667
0 0.2171875 0.5 0.15625 0.11666666666666667
0 0.3 0.4947916666666667 0.053125 0.07604166666666666
0 0.36015625 0.4708333333333333 0.0703125 0.0625
0 0.41953125 0.46041666666666664 0.0328125 0.035416666666666666
0 0.64140625 0.5072916666666667 0.0984375 0.103125
2 0.5546875 0.46770833333333334 0.021875 0.071875
2 0.5359375 0.4635416666666667 0.01875 0.06875
2 0.45625 0.45729166666666665 0.01875 0.03958333333333333
0 0.578125 0.4625 0.025 0.042708333333333334
0 0.59921875 0.47291666666666665 0.0515625 0.0625
0 0.51328125 0.459375 0.0328125 0.035416666666666666
0 0.70234375 0.45625 0.0609375 0.0375
2 0.46796875 0.45729166666666665 0.0140625 0.042708333333333334
2 0.4796875 0.45625 0.0125 0.040625
0 0.77109375 0.4947916666666667 0.0484375 0.07604166666666666
0 0.39921875 0.46979166666666666 0.0234375 0.04479166666666667