2 0.4328125 0.44583333333333336 0.028125 0.06666666666666667
2 0.490625 0.4479166666666667 0.021875 0.06458333333333334
0 0.603125 0.48541666666666666 0.10625 0.10729166666666666
0 0.51875 0.46041666666666664 0.034375 0.051041666666666666
0 0.32734375 0.453125 0.0359375 0.05416666666666667
0 0.34921875 0.4479166666666667 0.0296875 0.040625
0 0.296875 0.4635416666666667 0.06875 0.06458333333333334
0 0.565625 0.465625 0.05 0.084375
0 0.37578125 0.4354166666666667 0.0234375 0.035416666666666666
0 0.3875 0.43020833333333336 0.021875 0.029166666666666667
0 0.47578125 0.43854166666666666 0.0203125 0.029166666666666667