0 0.9328125 0.5989583333333334 0.13125 0.321875
0 0.8234375 0.5458333333333333 0.25625 0.209375
0 0.6140625 0.484375 0.090625 0.09375
0 0.5578125 0.4666666666666667 0.03125 0.03958333333333333
0 0.5296875 0.46041666666666664 0.025 0.03125
0 0.48125 0.46979166666666666 0.046875 0.053125
0 0.4515625 0.44583333333333336 0.015625 0.021875
0 0.440625 0.428125 0.0125 0.019791666666666666
0 0.4109375 0.4708333333333333 0.021875 0.035416666666666666
0 0.38203125 0.475 0.0359375 0.046875
2 0.34453125 0.46041666666666664 0.0109375 0.035416666666666666
2 0.334375 0.465625 0.015625 0.040625
0 0.134375 0.51875 0.26875 0.2947916666666667