2 0.0453125 0.4979166666666667 0.059375 0.16458333333333333
2 0.11328125 0.490625 0.0515625 0.16041666666666668
2 0.1609375 0.48020833333333335 0.053125 0.13333333333333333
2 0.2328125 0.4635416666666667 0.0375 0.09166666666666666
0 0.1890625 0.4708333333333333 0.053125 0.08541666666666667
0 0.54765625 0.46875 0.0765625 0.08229166666666667
0 0.02265625 0.4666666666666667 0.0453125 0.07083333333333333
0 0.3140625 0.46145833333333336 0.03125 0.03333333333333333
2 0.290625 0.4708333333333333 0.025 0.05416666666666667
0 0.50859375 0.4666666666666667 0.0203125 0.046875
0 0.5015625 0.4625 0.021875 0.03958333333333333