2 0.73671875 0.44895833333333335 0.0265625 0.07395833333333333
2 0.7546875 0.471875 0.034375 0.11875
2 0.52109375 0.4822916666666667 0.0453125 0.15625
1 0.45078125 0.540625 0.0296875 0.035416666666666666
2 0.346875 0.5260416666666666 0.08125 0.290625
0 0.0359375 0.540625 0.06875 0.30104166666666665
0 0.1234375 0.5322916666666667 0.2 0.20104166666666667
0 0.22265625 0.5229166666666667 0.1609375 0.15625
0 0.24609375 0.46041666666666664 0.1765625 0.09166666666666666
0 0.4046875 0.5135416666666667 0.08125 0.10208333333333333
0 0.43828125 0.48541666666666666 0.1390625 0.11875
0 0.565625 0.47708333333333336 0.065625 0.084375
0 0.85625 0.4739583333333333 0.09375 0.084375
0 0.92421875 0.496875 0.1515625 0.165625
0 0.6078125 0.471875 0.05 0.06041666666666667
0 0.96875 0.378125 0.0625 0.06458333333333334
2 0.66875 0.4635416666666667 0.021875 0.05625
2 0.69140625 0.4666666666666667 0.0234375 0.05416666666666667