1 0.7796875 0.6 0.103125 0.13333333333333333
2 0.9203125 0.5447916666666667 0.115625 0.25833333333333336
2 0.8453125 0.4041666666666667 0.05625 0.08229166666666667
2 0.703125 0.49583333333333335 0.040625 0.13333333333333333
2 0.753125 0.4875 0.046875 0.1
2 0.79375 0.5010416666666667 0.05 0.115625
2 0.6328125 0.49166666666666664 0.065625 0.19375
2 0.58125 0.4864583333333333 0.046875 0.08541666666666667
2 0.465625 0.4666666666666667 0.046875 0.16458333333333333
2 0.05 0.5239583333333333 0.1 0.3458333333333333
0 0.29453125 0.4791666666666667 0.1484375 0.178125
2 0.4078125 0.4552083333333333 0.028125 0.07395833333333333
0 0.38046875 0.453125 0.0296875 0.03958333333333333
2 0.50703125 0.471875 0.0359375 0.05625
2 0.521875 0.42916666666666664 0.028125 0.05625
2 0.77578125 0.41354166666666664 0.0453125 0.05625