2 0.96015625 0.46770833333333334 0.0359375 0.12291666666666666
2 0.92578125 0.465625 0.0328125 0.11875
2 0.896875 0.46770833333333334 0.028125 0.115625
2 0.875 0.465625 0.025 0.115625
2 0.765625 0.45416666666666666 0.025 0.1
2 0.10859375 0.46458333333333335 0.0203125 0.07083333333333333
2 0.0984375 0.465625 0.01875 0.06458333333333334
0 0.38671875 0.4635416666666667 0.0296875 0.029166666666666667
0 0.41953125 0.4583333333333333 0.0234375 0.025
0 0.4453125 0.46458333333333335 0.04375 0.051041666666666666
0 0.484375 0.4625 0.028125 0.03125