0 0.046875 0.5229166666666667 0.09375 0.125
0 0.15859375 0.5114583333333333 0.1546875 0.10520833333333333
0 0.3015625 0.503125 0.134375 0.09166666666666666
0 0.4296875 0.48854166666666665 0.121875 0.06666666666666667
0 0.5640625 0.46979166666666666 0.053125 0.053125
2 0.7015625 0.46458333333333335 0.025 0.05416666666666667
2 0.734375 0.45625 0.021875 0.053125
2 0.753125 0.46041666666666664 0.025 0.04479166666666667
2 0.2921875 0.45 0.025 0.03333333333333333
2 0.26171875 0.4666666666666667 0.0234375 0.042708333333333334
2 0.2390625 0.46979166666666666 0.025 0.06041666666666667
0 0.38125 0.47291666666666665 0.065625 0.03958333333333333
2 0.44453125 0.4479166666666667 0.0203125 0.025
2 0.47265625 0.45416666666666666 0.0203125 0.03333333333333333
2 0.4828125 0.46041666666666664 0.01875 0.05416666666666667
2 0.4953125 0.471875 0.021875 0.06875
2 0.50859375 0.478125 0.0234375 0.06666666666666667
2 0.52734375 0.475 0.0234375 0.07395833333333333
0 0.86484375 0.4635416666666667 0.0359375 0.0375
0 0.91015625 0.4625 0.0328125 0.035416666666666666
0 0.934375 0.46041666666666664 0.03125 0.0375