2 0.62890625 0.46145833333333336 0.0296875 0.071875
2 0.58671875 0.46458333333333335 0.0203125 0.06666666666666667
2 0.603125 0.465625 0.021875 0.084375
2 0.6828125 0.5041666666666667 0.071875 0.22291666666666668
2 0.71953125 0.475 0.0296875 0.13645833333333332
2 0.7578125 0.49895833333333334 0.065625 0.225
0 0.8515625 0.44583333333333336 0.10625 0.12083333333333333
0 0.9421875 0.40520833333333334 0.034375 0.053125
0 0.87109375 0.4875 0.0765625 0.09583333333333334
0 0.9640625 0.465625 0.06875 0.134375
0 0.496875 0.49895833333333334 0.109375 0.10729166666666666
0 0.38828125 0.46145833333333336 0.0421875 0.025
2 0.3484375 0.46041666666666664 0.01875 0.027083333333333334
2 0.2859375 0.4666666666666667 0.015625 0.027083333333333334
2 0.1375 0.4864583333333333 0.021875 0.03125
0 0.4453125 0.46041666666666664 0.0375 0.03125