0 0.60078125 0.48020833333333335 0.0859375 0.07395833333333333
0 0.55234375 0.46041666666666664 0.0546875 0.07083333333333333
0 0.5265625 0.4322916666666667 0.028125 0.03333333333333333
0 0.4921875 0.409375 0.040625 0.0375
0 0.48125 0.3802083333333333 0.03125 0.025
0 0.4578125 0.3802083333333333 0.01875 0.025
2 0.4984375 0.49166666666666664 0.05625 0.14791666666666667
0 0.37890625 0.38333333333333336 0.0265625 0.03125
0 0.359375 0.39791666666666664 0.01875 0.03125
0 0.35 0.41041666666666665 0.01875 0.035416666666666666
0 0.33515625 0.41875 0.0234375 0.040625
0 0.32265625 0.43020833333333336 0.0265625 0.040625
0 0.29765625 0.44166666666666665 0.0546875 0.046875
0 0.21640625 0.47291666666666665 0.0890625 0.08229166666666667
0 0.08671875 0.440625 0.0765625 0.06458333333333334
0 0.03046875 0.44375 0.0296875 0.0625