2 0.01796875 0.6125 0.0359375 0.209375
0 0.75703125 0.584375 0.2203125 0.21875
0 0.6953125 0.5416666666666666 0.1375 0.16979166666666667
0 0.29921875 0.5239583333333333 0.0734375 0.071875
0 0.1921875 0.5520833333333334 0.134375 0.13125
0 0.10859375 0.6020833333333333 0.1484375 0.13854166666666667
0 0.446875 0.48020833333333335 0.0625 0.05416666666666667
0 0.484375 0.47291666666666665 0.03125 0.03125
0 0.38828125 0.46770833333333334 0.0421875 0.0375
0 0.61328125 0.50625 0.0578125 0.09791666666666667
0 0.86796875 0.5 0.0796875 0.08958333333333333
2 0.21484375 0.4666666666666667 0.0203125 0.027083333333333334
2 0.20234375 0.46770833333333334 0.0203125 0.025
2 0.1296875 0.5041666666666667 0.028125 0.058333333333333334
0 0.5328125 0.4666666666666667 0.028125 0.027083333333333334
0 0.2703125 0.5395833333333333 0.059375 0.0875