0 0.7203125 0.465625 0.025 0.03333333333333333
0 0.671875 0.46145833333333336 0.06875 0.04479166666666667
2 0.60546875 0.490625 0.0296875 0.09791666666666667
0 0.503125 0.45625 0.028125 0.025
0 0.46640625 0.4583333333333333 0.0265625 0.025
0 0.36328125 0.4583333333333333 0.0359375 0.029166666666666667
0 0.3234375 0.459375 0.053125 0.03125
0 0.2640625 0.46041666666666664 0.08125 0.040625
0 0.20234375 0.4635416666666667 0.0703125 0.03333333333333333
0 0.11015625 0.4635416666666667 0.0421875 0.0375
0 0.06796875 0.46041666666666664 0.0609375 0.051041666666666666
0 0.88046875 0.45729166666666665 0.0265625 0.022916666666666665