0 0.63203125 0.5083333333333333 0.0828125 0.103125
0 0.32578125 0.49166666666666664 0.0578125 0.078125
0 0.2703125 0.5010416666666667 0.096875 0.07604166666666666
0 0.12890625 0.5083333333333333 0.1953125 0.16458333333333333
2 0.5375 0.48854166666666665 0.034375 0.12083333333333333
2 0.4078125 0.48125 0.021875 0.05625
2 0.3875 0.48333333333333334 0.021875 0.05625
2 0.57734375 0.5145833333333333 0.0578125 0.1625
0 0.8015625 0.6166666666666667 0.296875 0.3572916666666667
0 0.88828125 0.7010416666666667 0.2171875 0.59375
0 0.5015625 0.4739583333333333 0.0375 0.03333333333333333
0 0.35625 0.490625 0.028125 0.05416666666666667
0 0.36796875 0.4875 0.0265625 0.053125