0 0.72109375 0.4864583333333333 0.5359375 0.26145833333333335
2 0.4203125 0.5697916666666667 0.071875 0.35
0 0.38125 0.45729166666666665 0.021875 0.027083333333333334
0 0.3640625 0.46041666666666664 0.01875 0.027083333333333334
0 0.34453125 0.4666666666666667 0.0234375 0.027083333333333334
0 0.32734375 0.4708333333333333 0.0203125 0.027083333333333334
0 0.30859375 0.47291666666666665 0.0234375 0.03125
0 0.27421875 0.465625 0.0453125 0.053125
0 0.2171875 0.4875 0.103125 0.0875
2 0.13046875 0.4947916666666667 0.0328125 0.12708333333333333
2 0.01640625 0.5052083333333334 0.0328125 0.12291666666666666