2 0.803125 0.45416666666666666 0.025 0.10729166666666666
2 0.75703125 0.46041666666666664 0.0265625 0.09791666666666667
2 0.73203125 0.4375 0.0328125 0.07395833333333333
2 0.67109375 0.4552083333333333 0.0234375 0.0625
2 0.61875 0.46041666666666664 0.040625 0.084375
0 0.13671875 0.484375 0.1171875 0.109375
0 0.23046875 0.4791666666666667 0.0703125 0.06875
0 0.30625 0.4708333333333333 0.046875 0.051041666666666666
0 0.403125 0.46979166666666666 0.028125 0.029166666666666667
2 0.04765625 0.46979166666666666 0.0265625 0.06041666666666667
2 0.03046875 0.46770833333333334 0.0234375 0.06041666666666667
0 0.35546875 0.46770833333333334 0.0265625 0.025