0 0.215625 0.5854166666666667 0.2 0.1625
0 0.33828125 0.5135416666666667 0.1046875 0.09791666666666667
0 0.6015625 0.48020833333333335 0.028125 0.05416666666666667
0 0.640625 0.48125 0.0625 0.071875
0 0.709375 0.5083333333333333 0.103125 0.134375
0 0.76640625 0.5395833333333333 0.1265625 0.146875
0 0.89296875 0.584375 0.2078125 0.21458333333333332
0 0.2171875 0.46145833333333336 0.046875 0.04479166666666667
0 0.27578125 0.47291666666666665 0.0359375 0.0625
2 0.3484375 0.45625 0.01875 0.029166666666666667
0 0.46953125 0.43333333333333335 0.0234375 0.022916666666666665
0 0.934375 0.49270833333333336 0.10625 0.06458333333333334
0 0.5546875 0.453125 0.03125 0.035416666666666666