0 0.1859375 0.43333333333333335 0.075 0.06666666666666667
2 0.240625 0.4239583333333333 0.021875 0.06666666666666667
2 0.28515625 0.465625 0.0515625 0.15
2 0.3234375 0.48854166666666665 0.046875 0.15625
2 0.3765625 0.48854166666666665 0.05625 0.16770833333333332
2 0.4125 0.48541666666666666 0.04375 0.15
2 0.4703125 0.5052083333333334 0.05 0.178125
2 0.50625 0.48125 0.0375 0.13854166666666667
2 0.546875 0.5010416666666667 0.046875 0.196875
2 0.59296875 0.509375 0.0578125 0.171875
2 0.784375 0.51875 0.10625 0.2125
0 0.61953125 0.465625 0.0546875 0.08020833333333334
2 0.8203125 0.5104166666666666 0.059375 0.196875
2 0.26015625 0.4166666666666667 0.0234375 0.071875
0 0.85703125 0.43020833333333336 0.0765625 0.029166666666666667
0 0.90859375 0.44166666666666665 0.0859375 0.022916666666666665
0 0.6890625 0.446875 0.075 0.042708333333333334