0 0.04453125 0.6614583333333334 0.0859375 0.3104166666666667
0 0.1421875 0.40729166666666666 0.03125 0.04479166666666667
0 0.22734375 0.49166666666666664 0.1828125 0.19895833333333332
0 0.33203125 0.48541666666666666 0.0796875 0.09166666666666666
0 0.3796875 0.446875 0.059375 0.06666666666666667
0 0.43359375 0.371875 0.0234375 0.025
0 0.44453125 0.35833333333333334 0.0203125 0.025
0 0.47578125 0.35208333333333336 0.0140625 0.015625
2 0.4453125 0.39791666666666664 0.015625 0.029166666666666667
0 0.49375 0.3572916666666667 0.015625 0.015625
0 0.50625 0.36666666666666664 0.01875 0.015625
0 0.5140625 0.3802083333333333 0.025 0.025
0 0.56171875 0.428125 0.0484375 0.051041666666666666
0 0.59453125 0.45625 0.0546875 0.06041666666666667
0 0.653125 0.48854166666666665 0.096875 0.08229166666666667
0 0.46484375 0.46041666666666664 0.0640625 0.07395833333333333
0 0.85 0.50625 0.25625 0.21041666666666667