0 0.40859375 0.4427083333333333 0.1078125 0.05625
0 0.50234375 0.4270833333333333 0.0609375 0.05625
0 0.54375 0.43333333333333335 0.025 0.03125
0 0.55234375 0.421875 0.0328125 0.046875
0 0.5703125 0.4197916666666667 0.021875 0.035416666666666666
0 0.603125 0.4197916666666667 0.025 0.03125
2 0.61796875 0.4427083333333333 0.0140625 0.06875
2 0.63046875 0.440625 0.0171875 0.084375
2 0.67890625 0.40625 0.0109375 0.022916666666666665
2 0.690625 0.4041666666666667 0.0125 0.027083333333333334
0 0.86484375 0.425 0.0328125 0.040625