2 0.01796875 0.50625 0.0296875 0.09375
0 0.1984375 0.5291666666666667 0.196875 0.14791666666666667
0 0.44140625 0.46770833333333334 0.0484375 0.053125
0 0.9359375 0.4239583333333333 0.125 0.08958333333333333
0 0.953125 0.4791666666666667 0.0875 0.13125
2 0.8671875 0.49375 0.046875 0.1875
2 0.8234375 0.49166666666666664 0.05625 0.19895833333333332
2 0.7609375 0.475 0.046875 0.140625
2 0.7140625 0.48333333333333334 0.046875 0.13854166666666667
2 0.6125 0.46770833333333334 0.025 0.06875
2 0.5921875 0.4666666666666667 0.025 0.07083333333333333
2 0.553125 0.459375 0.01875 0.046875
2 0.57109375 0.44895833333333335 0.0109375 0.03125
2 0.36015625 0.459375 0.0109375 0.022916666666666665
2 0.1109375 0.4864583333333333 0.01875 0.03958333333333333
2 0.65234375 0.45 0.0140625 0.040625