2 0.77421875 0.45729166666666665 0.0359375 0.08541666666666667
2 0.74453125 0.4510416666666667 0.0234375 0.07395833333333333
2 0.7171875 0.459375 0.03125 0.0625
2 0.0953125 0.46041666666666664 0.028125 0.084375
2 0.07109375 0.4625 0.0265625 0.08229166666666667
0 0.76171875 0.5583333333333333 0.3328125 0.14479166666666668
0 0.54140625 0.478125 0.0578125 0.07083333333333333
0 0.409375 0.46145833333333336 0.059375 0.05625
0 0.2671875 0.43854166666666666 0.040625 0.04479166666666667
0 0.16484375 0.4552083333333333 0.0734375 0.08229166666666667
0 0.225 0.48333333333333334 0.0875 0.09166666666666666
2 0.6125 0.43125 0.025 0.03125
2 0.58515625 0.428125 0.0203125 0.035416666666666666
2 0.56015625 0.42916666666666664 0.0203125 0.0375
0 0.60625 0.45625 0.071875 0.029166666666666667
0 0.3859375 0.446875 0.040625 0.046875
0 0.36484375 0.44583333333333336 0.0234375 0.029166666666666667
2 0.76328125 0.5208333333333334 0.0609375 0.040625