2 0.0359375 0.46041666666666664 0.021875 0.053125
2 0.1203125 0.46041666666666664 0.021875 0.05416666666666667
2 0.1015625 0.4635416666666667 0.01875 0.05625
2 0.15859375 0.475 0.0359375 0.11666666666666667
2 0.18203125 0.46979166666666666 0.0296875 0.10729166666666666
2 0.25078125 0.47291666666666665 0.0421875 0.12083333333333333
2 0.30625 0.4791666666666667 0.034375 0.071875
2 0.33515625 0.48020833333333335 0.0296875 0.07083333333333333
2 0.3609375 0.4822916666666667 0.0375 0.078125
2 0.409375 0.48125 0.04375 0.071875
2 0.5703125 0.490625 0.0375 0.125
2 0.59609375 0.4864583333333333 0.0296875 0.125
0 0.015625 0.5885416666666666 0.03125 0.18125
2 0.52578125 0.45625 0.0234375 0.053125
2 0.50625 0.46041666666666664 0.025 0.053125
2 0.48828125 0.459375 0.0203125 0.058333333333333334