2 0.66015625 0.4666666666666667 0.0265625 0.10208333333333333
2 0.6328125 0.46145833333333336 0.025 0.06875
2 0.6125 0.4625 0.025 0.0625
2 0.5921875 0.46458333333333335 0.021875 0.058333333333333334
0 0.80859375 0.465625 0.0515625 0.06458333333333334
0 0.92421875 0.45 0.1453125 0.13854166666666667
0 0.94921875 0.4895833333333333 0.0984375 0.115625
0 0.5046875 0.5177083333333333 0.13125 0.125
2 0.1265625 0.49166666666666664 0.028125 0.035416666666666666
2 0.1109375 0.4979166666666667 0.028125 0.05416666666666667
0 0.7265625 0.46041666666666664 0.0375 0.06458333333333334
2 0.55625 0.4583333333333333 0.01875 0.04479166666666667