0 0.7375 0.4708333333333333 0.15625 0.18333333333333332
2 0.9609375 0.528125 0.078125 0.2833333333333333
1 0.296875 0.5822916666666667 0.090625 0.11666666666666667
2 0.103125 0.5729166666666666 0.1625 0.6583333333333333
2 0.359375 0.471875 0.046875 0.09166666666666666
2 0.4296875 0.475 0.05625 0.18333333333333332
2 0.4796875 0.47708333333333336 0.046875 0.078125
2 0.5796875 0.46041666666666664 0.05 0.14791666666666667
0 0.65234375 0.446875 0.0296875 0.035416666666666666
2 0.628125 0.44583333333333336 0.028125 0.071875
2 0.51875 0.4239583333333333 0.021875 0.046875
2 0.53671875 0.465625 0.0328125 0.06041666666666667
2 0.3015625 0.41770833333333335 0.0375 0.078125
2 0.31953125 0.4739583333333333 0.0453125 0.09166666666666666
2 0.27578125 0.48541666666666666 0.0703125 0.12291666666666666
2 0.1921875 0.53125 0.078125 0.22708333333333333