0 0.5359375 0.50625 0.15 0.16458333333333333
0 0.46640625 0.4979166666666667 0.0296875 0.10208333333333333
0 0.4390625 0.50625 0.028125 0.07083333333333333
0 0.3203125 0.48020833333333335 0.140625 0.09791666666666667
0 0.23125 0.50625 0.2375 0.16458333333333333
0 0.1171875 0.5229166666666667 0.225 0.178125
0 0.0671875 0.5489583333333333 0.13125 0.203125
2 0.67109375 0.48125 0.0203125 0.07604166666666666
2 0.6546875 0.48854166666666665 0.021875 0.07083333333333333
2 0.6375 0.49166666666666664 0.01875 0.06875
2 0.6203125 0.4895833333333333 0.01875 0.084375
2 0.72578125 0.5291666666666667 0.0921875 0.28541666666666665