2 0.83203125 0.66875 0.0890625 0.3375
2 0.6609375 0.5072916666666667 0.028125 0.10729166666666666
0 0.9453125 0.5729166666666666 0.10625 0.13854166666666667
0 0.92578125 0.53125 0.1453125 0.125
0 0.78828125 0.5145833333333333 0.1765625 0.10729166666666666
0 0.61796875 0.48125 0.0421875 0.06875
0 0.4578125 0.4666666666666667 0.040625 0.046875
0 0.27421875 0.4864583333333333 0.0609375 0.051041666666666666
2 0.1859375 0.49166666666666664 0.028125 0.071875
0 0.32109375 0.46145833333333336 0.0265625 0.029166666666666667
0 0.3421875 0.45625 0.01875 0.025
2 0.4921875 0.45729166666666665 0.015625 0.03958333333333333