0 0.92421875 0.5 0.1484375 0.30416666666666664
0 0.77734375 0.5229166666666667 0.1890625 0.19583333333333333
0 0.70546875 0.4947916666666667 0.1234375 0.13125
0 0.62578125 0.47708333333333336 0.1453125 0.134375
0 0.4515625 0.47708333333333336 0.125 0.15416666666666667
2 0.33203125 0.496875 0.0453125 0.18541666666666667
0 0.1328125 0.49166666666666664 0.20625 0.165625
0 0.096875 0.521875 0.096875 0.15208333333333332
0 0.0390625 0.525 0.06875 0.25833333333333336
0 0.240625 0.503125 0.04375 0.0875
0 0.2640625 0.48125 0.075 0.09583333333333334