2 0.5515625 0.5197916666666667 0.025 0.11354166666666667
2 0.39765625 0.4625 0.0203125 0.0625
0 0.103125 0.47604166666666664 0.10625 0.07604166666666666
0 0.06640625 0.6291666666666667 0.1328125 0.22291666666666668
0 0.1421875 0.565625 0.140625 0.13854166666666667
0 0.196875 0.5260416666666666 0.08125 0.09166666666666666
0 0.24296875 0.5083333333333333 0.0765625 0.084375
0 0.303125 0.49166666666666664 0.096875 0.06666666666666667
0 0.5234375 0.48125 0.046875 0.053125
0 0.50390625 0.4635416666666667 0.0328125 0.04479166666666667
0 0.61953125 0.515625 0.1109375 0.11666666666666667
0 0.721875 0.5833333333333334 0.184375 0.165625
0 0.84921875 0.68125 0.2984375 0.27708333333333335
0 0.94609375 0.8625 0.0984375 0.271875
0 0.83984375 0.4666666666666667 0.0796875 0.05416666666666667
0 0.97421875 0.46770833333333334 0.0484375 0.06041666666666667
0 0.5328125 0.49166666666666664 0.028125 0.0625
2 0.38203125 0.4666666666666667 0.0140625 0.058333333333333334
2 0.37265625 0.46875 0.0140625 0.07083333333333333
0 0.32421875 0.45416666666666666 0.0453125 0.04479166666666667
0 0.47890625 0.45 0.0234375 0.03333333333333333