2 0.653125 0.4979166666666667 0.078125 0.14479166666666668
0 0.59296875 0.4791666666666667 0.0734375 0.084375
0 0.53828125 0.45729166666666665 0.0328125 0.07083333333333333
0 0.52421875 0.4479166666666667 0.0328125 0.06458333333333334
0 0.50625 0.43854166666666666 0.01875 0.05625
0 0.48984375 0.403125 0.0328125 0.040625
0 0.4796875 0.3885416666666667 0.028125 0.027083333333333334
0 0.4640625 0.37916666666666665 0.025 0.022916666666666665
0 0.3765625 0.3802083333333333 0.028125 0.029166666666666667
0 0.35859375 0.3958333333333333 0.0203125 0.029166666666666667
0 0.34921875 0.403125 0.0234375 0.03333333333333333
0 0.33203125 0.41770833333333335 0.0234375 0.042708333333333334
0 0.3203125 0.4322916666666667 0.034375 0.04479166666666667
0 0.296875 0.4427083333333333 0.053125 0.053125
0 0.21640625 0.47708333333333336 0.0890625 0.08229166666666667
0 0.0859375 0.4395833333333333 0.078125 0.0625
0 0.0296875 0.4395833333333333 0.028125 0.0625