0 0.94296875 0.5229166666666667 0.1109375 0.16770833333333332
0 0.88046875 0.484375 0.2359375 0.18333333333333332
0 0.80546875 0.475 0.1359375 0.14479166666666668
0 0.72578125 0.471875 0.0234375 0.06041666666666667
0 0.5953125 0.5 0.265625 0.34375
0 0.41484375 0.46770833333333334 0.1390625 0.146875
2 0.40859375 0.4864583333333333 0.0421875 0.16458333333333333
0 0.271875 0.4708333333333333 0.184375 0.16041666666666668
0 0.20234375 0.4822916666666667 0.2734375 0.234375
0 0.0703125 0.38645833333333335 0.140625 0.07395833333333333
0 0.059375 0.5520833333333334 0.11875 0.25625
1 0.3453125 0.55625 0.071875 0.08229166666666667