0 0.98828125 0.41875 0.0203125 0.071875
2 0.9125 0.4708333333333333 0.065625 0.23020833333333332
0 0.809375 0.45 0.0875 0.0875
0 0.8109375 0.3885416666666667 0.090625 0.03958333333333333
2 0.6375 0.4822916666666667 0.040625 0.16458333333333333
0 0.59296875 0.44375 0.0421875 0.06666666666666667
0 0.5328125 0.446875 0.034375 0.058333333333333334
0 0.321875 0.446875 0.0375 0.042708333333333334
0 0.28125 0.44583333333333336 0.028125 0.03333333333333333
0 0.2453125 0.4479166666666667 0.028125 0.03333333333333333
0 0.22734375 0.4510416666666667 0.0265625 0.03125
0 0.18671875 0.459375 0.0609375 0.0625
0 0.0796875 0.4666666666666667 0.128125 0.12916666666666668
2 0.39453125 0.4354166666666667 0.0109375 0.042708333333333334