2 0.0109375 0.4739583333333333 0.01875 0.1
2 0.03515625 0.47708333333333336 0.0296875 0.08541666666666667
2 0.54609375 0.4739583333333333 0.0234375 0.06458333333333334
2 0.57890625 0.5125 0.0453125 0.12708333333333333
2 0.65625 0.5416666666666666 0.053125 0.1625
2 0.765625 0.521875 0.05625 0.15625
2 0.80390625 0.5166666666666667 0.0328125 0.146875
2 0.8234375 0.48541666666666666 0.03125 0.0875
0 0.490625 0.47708333333333336 0.053125 0.06041666666666667
0 0.39140625 0.453125 0.0328125 0.035416666666666666
0 0.7109375 0.48020833333333335 0.065625 0.07395833333333333
2 0.8609375 0.5197916666666667 0.0375 0.16041666666666668
2 0.925 0.525 0.04375 0.17916666666666667
2 0.95078125 0.5260416666666666 0.0546875 0.18541666666666667
2 0.21328125 0.45208333333333334 0.0203125 0.03333333333333333
2 0.2828125 0.44479166666666664 0.0125 0.029166666666666667