0 0.10703125 0.471875 0.0609375 0.115625
0 0.140625 0.46041666666666664 0.0625 0.09583333333333334
0 0.1796875 0.45208333333333334 0.115625 0.115625
0 0.25390625 0.434375 0.0578125 0.09583333333333334
0 0.34609375 0.5510416666666667 0.2421875 0.24583333333333332
0 0.771875 0.4239583333333333 0.1625 0.035416666666666666
0 0.7921875 0.5010416666666667 0.1875 0.165625
0 0.8609375 0.5010416666666667 0.275 0.303125
2 0.68203125 0.5395833333333333 0.0828125 0.27708333333333335
2 0.63359375 0.5010416666666667 0.0578125 0.24791666666666667
2 0.58359375 0.453125 0.0359375 0.1875
2 0.5953125 0.46770833333333334 0.028125 0.16979166666666667
2 0.021875 0.5302083333333333 0.04375 0.2520833333333333
2 0.0734375 0.5302083333333333 0.071875 0.2635416666666667
2 0.49609375 0.4510416666666667 0.0265625 0.08958333333333333
2 0.47890625 0.4635416666666667 0.0234375 0.06458333333333334
2 0.465625 0.45208333333333334 0.028125 0.084375
2 0.4421875 0.44375 0.025 0.07395833333333333
0 0.35859375 0.42083333333333334 0.0734375 0.025