0 0.884375 0.51875 0.20625 0.115625
2 0.67265625 0.465625 0.0203125 0.071875
0 0.6109375 0.5 0.134375 0.14479166666666668
0 0.2234375 0.4479166666666667 0.071875 0.04479166666666667
0 0.234375 0.5041666666666667 0.109375 0.09791666666666667
0 0.2953125 0.484375 0.0625 0.0625
0 0.31015625 0.475 0.0421875 0.058333333333333334
0 0.359375 0.4510416666666667 0.040625 0.042708333333333334
0 0.50390625 0.44583333333333336 0.0421875 0.0375
0 0.80703125 0.46875 0.1296875 0.10520833333333333
0 0.38671875 0.44583333333333336 0.0265625 0.022916666666666665
0 0.38984375 0.4322916666666667 0.0328125 0.029166666666666667
0 0.340625 0.459375 0.034375 0.03958333333333333