2 0.38359375 0.45416666666666666 0.0421875 0.09166666666666666
2 0.44296875 0.46875 0.0265625 0.109375
2 0.478125 0.46979166666666666 0.01875 0.084375
2 0.5 0.471875 0.01875 0.0875
0 0.5484375 0.46458333333333335 0.034375 0.035416666666666666
0 0.57734375 0.465625 0.0265625 0.0375
0 0.62265625 0.471875 0.0640625 0.06875
0 0.66015625 0.459375 0.0265625 0.027083333333333334
0 0.6859375 0.465625 0.0375 0.0375
0 0.74609375 0.4666666666666667 0.0828125 0.08229166666666667
0 0.85859375 0.46041666666666664 0.0234375 0.025
0 0.8859375 0.459375 0.021875 0.03125
0 0.89765625 0.465625 0.0203125 0.0375
0 0.97109375 0.48020833333333335 0.0578125 0.08229166666666667