0 0.9140625 0.4947916666666667 0.090625 0.103125
0 0.81796875 0.47291666666666665 0.0671875 0.0625
0 0.5484375 0.4583333333333333 0.025 0.025
0 0.50234375 0.46979166666666666 0.0546875 0.053125
0 0.26875 0.5020833333333333 0.0625 0.1875
0 0.0828125 0.521875 0.159375 0.18333333333333332
2 0.1734375 0.5729166666666666 0.20625 0.4822916666666667
2 0.3546875 0.5989583333333334 0.196875 0.6854166666666667
2 0.453125 0.5729166666666666 0.11875 0.5135416666666667
2 0.7375 0.571875 0.171875 0.609375
2 0.92265625 0.5885416666666666 0.1546875 0.4822916666666667