2 0.74921875 0.48125 0.0609375 0.20104166666666667
2 0.8609375 0.46041666666666664 0.028125 0.084375
2 0.68984375 0.46979166666666666 0.0296875 0.0875
2 0.659375 0.4625 0.028125 0.07395833333333333
2 0.64140625 0.4625 0.0265625 0.07395833333333333
0 0.4625 0.48125 0.065625 0.06458333333333334
0 0.43125 0.4635416666666667 0.021875 0.029166666666666667
0 0.2765625 0.4791666666666667 0.0625 0.06875
0 0.19296875 0.48125 0.1078125 0.09166666666666666
0 0.0328125 0.49375 0.065625 0.19166666666666668
2 0.9421875 0.42916666666666664 0.040625 0.0625
2 0.88671875 0.503125 0.0421875 0.15
0 0.09140625 0.48333333333333334 0.0765625 0.07604166666666666