0 0.97265625 0.6479166666666667 0.0546875 0.16979166666666667
0 0.89921875 0.5854166666666667 0.1953125 0.15416666666666667
0 0.78359375 0.5208333333333334 0.1265625 0.134375
0 0.71796875 0.5010416666666667 0.0734375 0.09166666666666666
2 0.675 0.5010416666666667 0.025 0.084375
2 0.39609375 0.5572916666666666 0.0609375 0.22083333333333333
2 0.54765625 0.5510416666666667 0.0578125 0.20729166666666668
0 0.10078125 0.7479166666666667 0.1984375 0.46041666666666664
0 0.18984375 0.6145833333333334 0.2796875 0.259375
0 0.321875 0.5572916666666666 0.0875 0.13854166666666667
0 0.42578125 0.475 0.0359375 0.051041666666666666
0 0.2578125 0.4552083333333333 0.065625 0.042708333333333334
0 0.28046875 0.4510416666666667 0.0765625 0.051041666666666666
0 0.3625 0.44895833333333335 0.059375 0.03125
0 0.65234375 0.4979166666666667 0.0265625 0.0625
0 0.62265625 0.471875 0.0453125 0.04479166666666667
0 0.8734375 0.4791666666666667 0.065625 0.053125
0 0.446875 0.46875 0.03125 0.046875
2 0.59296875 0.46979166666666666 0.0234375 0.06875