0 0.22421875 0.5072916666666667 0.1734375 0.1625
0 0.32109375 0.49895833333333334 0.0609375 0.103125
0 0.35390625 0.4875 0.0546875 0.07604166666666666
0 0.3890625 0.4875 0.034375 0.06041666666666667
0 0.41875 0.46041666666666664 0.040625 0.035416666666666666
0 0.56171875 0.46979166666666666 0.0421875 0.04895833333333333
0 0.6453125 0.49166666666666664 0.05625 0.07083333333333333
0 0.6859375 0.5104166666666666 0.084375 0.103125
0 0.7875 0.5447916666666667 0.196875 0.17604166666666668
2 0.53046875 0.46875 0.0203125 0.046875
2 0.50234375 0.4666666666666667 0.0203125 0.051041666666666666