2 0.6984375 0.48541666666666666 0.04375 0.1625
0 0.47109375 0.4666666666666667 0.0484375 0.051041666666666666
0 0.3515625 0.45729166666666665 0.034375 0.035416666666666666
0 0.209375 0.4666666666666667 0.040625 0.03958333333333333
2 0.2390625 0.465625 0.028125 0.07604166666666666
2 0.0609375 0.47291666666666665 0.025 0.08541666666666667
2 0.03515625 0.47708333333333336 0.0265625 0.07083333333333333
2 0.56484375 0.45625 0.0296875 0.084375
2 0.540625 0.4395833333333333 0.021875 0.0625
2 0.50546875 0.453125 0.0296875 0.078125
2 0.60390625 0.446875 0.0203125 0.07395833333333333
2 0.61484375 0.44583333333333336 0.0234375 0.06875
0 0.42734375 0.45729166666666665 0.0234375 0.027083333333333334
0 0.40703125 0.45729166666666665 0.0234375 0.022916666666666665