0 0.48671875 0.4395833333333333 0.0140625 0.022916666666666665
2 0.45859375 0.43645833333333334 0.0109375 0.040625
2 0.45 0.4354166666666667 0.00625 0.042708333333333334
2 0.44296875 0.43645833333333334 0.0109375 0.040625
2 0.4125 0.4354166666666667 0.0125 0.03958333333333333
2 0.33671875 0.434375 0.0109375 0.0375
2 0.23046875 0.4354166666666667 0.0109375 0.042708333333333334
2 0.21640625 0.42916666666666664 0.0171875 0.042708333333333334
2 0.203125 0.42916666666666664 0.0125 0.040625
2 0.1921875 0.4239583333333333 0.015625 0.03125
2 0.1484375 0.428125 0.01875 0.035416666666666666
2 0.13125 0.43854166666666666 0.01875 0.07604166666666666
2 0.10234375 0.4375 0.0171875 0.07395833333333333
2 0.0828125 0.44375 0.021875 0.07083333333333333