0 0.5390625 0.459375 0.140625 0.109375
0 0.45859375 0.4625 0.0359375 0.078125
0 0.42890625 0.46041666666666664 0.0484375 0.07083333333333333
0 0.3828125 0.46145833333333336 0.05 0.04479166666666667
0 0.12734375 0.496875 0.1046875 0.09583333333333334
2 0.1953125 0.4635416666666667 0.040625 0.115625
0 0.971875 0.446875 0.05625 0.14791666666666667
0 0.35390625 0.46041666666666664 0.0234375 0.042708333333333334
0 0.3328125 0.46041666666666664 0.03125 0.03333333333333333
0 0.290625 0.45416666666666666 0.021875 0.025
2 0.221875 0.46770833333333334 0.01875 0.084375
2 0.2328125 0.46979166666666666 0.01875 0.0875