2 0.1484375 0.4583333333333333 0.04375 0.1
2 0.1921875 0.45416666666666666 0.0375 0.09166666666666666
2 0.32421875 0.4552083333333333 0.0265625 0.042708333333333334
2 0.75078125 0.46979166666666666 0.0234375 0.06458333333333334
0 0.26640625 0.5052083333333334 0.1765625 0.13125
0 0.471875 0.47291666666666665 0.05625 0.05416666666666667
0 0.55 0.47708333333333336 0.053125 0.04479166666666667
0 0.621875 0.46041666666666664 0.03125 0.035416666666666666
0 0.7890625 0.49166666666666664 0.078125 0.078125
0 0.85625 0.49270833333333336 0.103125 0.1
0 0.96953125 0.5197916666666667 0.0609375 0.12916666666666668
0 0.6828125 0.4708333333333333 0.046875 0.042708333333333334