0 0.27890625 0.4864583333333333 0.5359375 0.26145833333333335
2 0.5796875 0.5697916666666667 0.071875 0.35
0 0.61875 0.45729166666666665 0.021875 0.027083333333333334
0 0.6359375 0.46041666666666664 0.01875 0.027083333333333334
0 0.65546875 0.4666666666666667 0.0234375 0.027083333333333334
0 0.67265625 0.4708333333333333 0.0203125 0.027083333333333334
0 0.69140625 0.47291666666666665 0.0234375 0.03125
0 0.72578125 0.465625 0.0453125 0.053125
0 0.7828125 0.4875 0.103125 0.0875
2 0.86953125 0.4947916666666667 0.0328125 0.12708333333333333
2 0.98359375 0.5052083333333334 0.0328125 0.12291666666666666