2 0.19140625 0.584375 0.1203125 0.5197916666666667
2 0.54609375 0.4875 0.0328125 0.10729166666666666
2 0.58984375 0.490625 0.0328125 0.11666666666666667
0 0.06875 0.540625 0.134375 0.25
0 0.29609375 0.50625 0.1203125 0.19895833333333332
0 0.11484375 0.45208333333333334 0.0515625 0.0875
0 0.41640625 0.5166666666666667 0.0734375 0.103125
0 0.43359375 0.496875 0.1359375 0.11875
0 0.784375 0.47291666666666665 0.04375 0.035416666666666666
0 0.8953125 0.496875 0.128125 0.115625
0 0.8421875 0.490625 0.0625 0.0625
0 0.94765625 0.5 0.1046875 0.125
0 0.61015625 0.478125 0.0328125 0.0625
2 0.671875 0.46770833333333334 0.01875 0.04479166666666667