0 0.0453125 0.49166666666666664 0.090625 0.21458333333333332
0 0.12265625 0.49270833333333336 0.1078125 0.1
0 0.17109375 0.4864583333333333 0.1171875 0.08541666666666667
0 0.203125 0.475 0.13125 0.078125
2 0.3484375 0.47604166666666664 0.021875 0.07604166666666666
2 0.30546875 0.465625 0.0203125 0.053125
0 0.70546875 0.4947916666666667 0.1421875 0.09166666666666666
0 0.7 0.525 0.084375 0.08229166666666667
0 0.8125 0.5114583333333333 0.178125 0.13333333333333333
0 0.846875 0.5541666666666667 0.1375 0.11666666666666667
0 0.9390625 0.5541666666666667 0.115625 0.16979166666666667
0 0.5625 0.475 0.03125 0.022916666666666665