0 0.44921875 0.478125 0.0828125 0.08229166666666667
0 0.6421875 0.4739583333333333 0.046875 0.040625
0 0.9578125 0.5010416666666667 0.084375 0.115625
2 0.24296875 0.5041666666666667 0.0734375 0.21875
2 0.5546875 0.509375 0.053125 0.16770833333333332
2 0.759375 0.49375 0.046875 0.140625
2 0.83203125 0.48333333333333334 0.0328125 0.11875
2 0.71875 0.46979166666666666 0.028125 0.103125
2 0.85546875 0.48541666666666666 0.0203125 0.05625
0 0.60859375 0.46979166666666666 0.0265625 0.03333333333333333
0 0.49140625 0.48125 0.0234375 0.04479166666666667
0 0.49765625 0.475 0.0296875 0.042708333333333334