0 0.9703125 0.49166666666666664 0.05625 0.11666666666666667
0 0.9609375 0.40729166666666666 0.071875 0.06875
2 0.9109375 0.5052083333333334 0.084375 0.2989583333333333
2 0.83828125 0.49166666666666664 0.0578125 0.203125
2 0.775 0.5072916666666667 0.065625 0.18541666666666667
2 0.61171875 0.459375 0.0265625 0.08541666666666667
2 0.04609375 0.496875 0.0296875 0.0875
2 0.0234375 0.4947916666666667 0.03125 0.084375
0 0.56015625 0.4635416666666667 0.0734375 0.06875
0 0.5 0.47291666666666665 0.03125 0.051041666666666666
2 0.66796875 0.4427083333333333 0.0203125 0.053125
2 0.6390625 0.44895833333333335 0.01875 0.042708333333333334
2 0.63125 0.46041666666666664 0.028125 0.06875
0 0.4546875 0.46145833333333336 0.034375 0.029166666666666667
2 0.15703125 0.4791666666666667 0.0203125 0.040625
2 0.12734375 0.49166666666666664 0.0203125 0.03333333333333333
2 0.38359375 0.46041666666666664 0.0140625 0.025
2 0.3640625 0.46041666666666664 0.0125 0.029166666666666667