0 0.84375 0.5604166666666667 0.165625 0.13645833333333332
0 0.74296875 0.5197916666666667 0.1171875 0.12916666666666668
0 0.665625 0.5 0.059375 0.07083333333333333
0 0.64375 0.48125 0.053125 0.05625
2 0.6078125 0.478125 0.025 0.08229166666666667
2 0.28984375 0.471875 0.0328125 0.07604166666666666
1 0.23515625 0.5145833333333333 0.0203125 0.025
0 0.08203125 0.803125 0.1578125 0.37916666666666665
0 0.153125 0.6666666666666666 0.275 0.2833333333333333
0 0.334375 0.5375 0.128125 0.11354166666666667
0 0.3984375 0.48854166666666665 0.065625 0.08229166666666667
0 0.43203125 0.46979166666666666 0.0421875 0.053125
0 0.5765625 0.46041666666666664 0.04375 0.03125
0 0.509375 0.44166666666666665 0.03125 0.027083333333333334
2 0.48671875 0.446875 0.0140625 0.03958333333333333
0 0.45 0.45416666666666666 0.040625 0.04479166666666667
0 0.9828125 0.6583333333333333 0.034375 0.14791666666666667