0 0.57265625 0.46875 0.1078125 0.109375
0 0.5125 0.4583333333333333 0.046875 0.06041666666666667
0 0.15703125 0.4864583333333333 0.0953125 0.08229166666666667
0 0.2171875 0.47708333333333336 0.053125 0.06041666666666667
0 0.24921875 0.46875 0.0484375 0.0625
0 0.28046875 0.46875 0.0140625 0.042708333333333334
0 0.3484375 0.46875 0.053125 0.05416666666666667
0 0.3109375 0.4666666666666667 0.028125 0.03958333333333333
0 0.484375 0.4635416666666667 0.025 0.040625
0 0.4640625 0.459375 0.021875 0.03125
0 0.4484375 0.45416666666666666 0.0125 0.021875
2 0.0875 0.4625 0.01875 0.03958333333333333
0 0.05859375 0.4666666666666667 0.0296875 0.03958333333333333
0 0.1046875 0.45729166666666665 0.015625 0.035416666666666666
0 0.02890625 0.46145833333333336 0.0265625 0.053125