2 0.20625 0.47604166666666664 0.025 0.06875
2 0.1828125 0.471875 0.021875 0.071875
2 0.61875 0.47604166666666664 0.021875 0.06458333333333334
2 0.68671875 0.5104166666666666 0.0390625 0.13854166666666667
0 0.58203125 0.478125 0.0484375 0.042708333333333334
0 0.49296875 0.46145833333333336 0.0296875 0.029166666666666667
2 0.33125 0.45729166666666665 0.01875 0.027083333333333334
2 0.6359375 0.47291666666666665 0.01875 0.05416666666666667
2 0.665625 0.4708333333333333 0.01875 0.05416666666666667
2 0.6515625 0.4739583333333333 0.01875 0.05625
2 0.73828125 0.484375 0.0234375 0.078125
2 0.825 0.4979166666666667 0.021875 0.109375
2 0.8578125 0.490625 0.025 0.08541666666666667
2 0.88125 0.503125 0.03125 0.115625
2 0.78515625 0.5041666666666667 0.0546875 0.11354166666666667
2 0.9078125 0.5145833333333333 0.040625 0.15416666666666667
2 0.9390625 0.5135416666666667 0.03125 0.140625
2 0.9609375 0.5114583333333333 0.03125 0.13645833333333332
2 0.17265625 0.46979166666666666 0.0203125 0.07604166666666666