0 0.10625 0.5083333333333333 0.178125 0.10520833333333333
0 0.6484375 0.484375 0.103125 0.07083333333333333
0 0.73359375 0.4791666666666667 0.0859375 0.06041666666666667
0 0.834375 0.47291666666666665 0.1 0.0625
0 0.90625 0.46770833333333334 0.0625 0.04479166666666667
2 0.44453125 0.4864583333333333 0.0265625 0.09375
2 0.54921875 0.47604166666666664 0.0296875 0.1
2 0.58515625 0.47291666666666665 0.0265625 0.08541666666666667
2 0.9421875 0.46041666666666664 0.01875 0.046875
2 0.7703125 0.4552083333333333 0.021875 0.035416666666666666
2 0.67734375 0.45 0.0203125 0.029166666666666667
2 0.75859375 0.45 0.0203125 0.029166666666666667
2 0.9703125 0.48020833333333335 0.021875 0.07395833333333333
2 0.9859375 0.48125 0.015625 0.0875