0 0.49609375 0.5135416666666667 0.0578125 0.06666666666666667
0 0.503125 0.5333333333333333 0.059375 0.08541666666666667
0 0.58984375 0.5072916666666667 0.0296875 0.0375
0 0.6890625 0.5333333333333333 0.10625 0.09791666666666667
2 0.42109375 0.5197916666666667 0.0234375 0.06666666666666667
0 0.54296875 0.5552083333333333 0.1359375 0.134375
2 0.3453125 0.5114583333333333 0.025 0.06666666666666667
2 0.2390625 0.49270833333333336 0.01875 0.03333333333333333
2 0.184375 0.5385416666666667 0.028125 0.06875
2 0.18203125 0.5489583333333333 0.0265625 0.035416666666666666
2 0.0890625 0.5125 0.021875 0.06875
2 0.11796875 0.5072916666666667 0.0265625 0.084375
2 0.62578125 0.5020833333333333 0.0140625 0.046875