2 0.97109375 0.484375 0.0515625 0.14479166666666668
2 0.1359375 0.478125 0.03125 0.12916666666666668
2 0.09140625 0.4791666666666667 0.0359375 0.134375
0 0.79140625 0.49166666666666664 0.0671875 0.06875
0 0.68046875 0.4791666666666667 0.0953125 0.09166666666666666
0 0.6140625 0.48125 0.0375 0.04895833333333333
0 0.5203125 0.496875 0.11875 0.12291666666666666
2 0.74453125 0.47291666666666665 0.0296875 0.042708333333333334
2 0.89375 0.46145833333333336 0.025 0.03333333333333333
2 0.86953125 0.46770833333333334 0.0203125 0.0375
2 0.83125 0.478125 0.015625 0.051041666666666666
0 0.61171875 0.465625 0.0390625 0.0375