0 0.96171875 0.6604166666666667 0.0734375 0.32083333333333336
0 0.8890625 0.5083333333333333 0.21875 0.31666666666666665
0 0.74765625 0.5322916666666667 0.0828125 0.16979166666666667
0 0.725 0.496875 0.165625 0.178125
2 0.61640625 0.5041666666666667 0.0484375 0.22291666666666668
1 0.56640625 0.5447916666666667 0.0234375 0.051041666666666666
0 0.575 0.4635416666666667 0.034375 0.05625
2 0.5421875 0.49270833333333336 0.025 0.134375
2 0.5203125 0.4979166666666667 0.028125 0.12916666666666668
0 0.49375 0.4791666666666667 0.03125 0.09166666666666666
0 0.37890625 0.496875 0.2046875 0.2677083333333333
0 0.22734375 0.4625 0.1328125 0.08229166666666667
0 0.08515625 0.5177083333333333 0.1328125 0.15208333333333332
0 0.23828125 0.4875 0.0703125 0.084375
0 0.21171875 0.4864583333333333 0.0703125 0.07395833333333333
0 0.1578125 0.5 0.121875 0.11666666666666667
0 0.13125 0.50625 0.08125 0.11666666666666667