2 0.91328125 0.4947916666666667 0.0453125 0.09166666666666666
2 0.8828125 0.471875 0.021875 0.04479166666666667
2 0.865625 0.46979166666666666 0.021875 0.04479166666666667
2 0.81953125 0.4864583333333333 0.0328125 0.0625
2 0.759375 0.46458333333333335 0.025 0.051041666666666666
2 0.70859375 0.50625 0.0578125 0.21458333333333332
0 0.65078125 0.46979166666666666 0.0671875 0.06875
2 0.5546875 0.4791666666666667 0.025 0.084375
2 0.528125 0.4875 0.028125 0.09583333333333334
0 0.49765625 0.47291666666666665 0.0296875 0.03125
2 0.4734375 0.4739583333333333 0.01875 0.06875
0 0.403125 0.46458333333333335 0.03125 0.03125
0 0.3515625 0.490625 0.09375 0.08229166666666667
0 0.29296875 0.45625 0.0296875 0.029166666666666667
0 0.25546875 0.4625 0.0296875 0.027083333333333334
0 0.1125 0.48333333333333334 0.084375 0.084375
0 0.025 0.48541666666666666 0.046875 0.071875