0 0.39609375 0.4822916666666667 0.1046875 0.07083333333333333
0 0.2453125 0.6135416666666667 0.4875 0.30416666666666664
2 0.60859375 0.4635416666666667 0.0265625 0.1
2 0.67421875 0.46041666666666664 0.0328125 0.09791666666666667
2 0.7546875 0.5072916666666667 0.05625 0.16979166666666667
2 0.8015625 0.4822916666666667 0.053125 0.20729166666666668
2 0.8765625 0.6291666666666667 0.165625 0.5354166666666667
2 0.98671875 0.55625 0.0234375 0.20729166666666668
0 0.9515625 0.4125 0.09375 0.07395833333333333
2 0.5578125 0.4625 0.021875 0.05416666666666667
2 0.64609375 0.46145833333333336 0.0234375 0.09166666666666666
2 0.6328125 0.459375 0.025 0.08958333333333333