2 0.18359375 0.5177083333333333 0.0359375 0.16770833333333332
2 0.2671875 0.5229166666666667 0.040625 0.17916666666666667
2 0.70859375 0.47604166666666664 0.0359375 0.103125
2 0.7484375 0.4791666666666667 0.040625 0.09583333333333334
0 0.971875 0.5385416666666667 0.046875 0.12708333333333333
0 0.93046875 0.5125 0.1265625 0.13125
0 0.80625 0.49166666666666664 0.090625 0.08541666666666667
0 0.6828125 0.471875 0.028125 0.05625
0 0.66953125 0.4625 0.0296875 0.051041666666666666
0 0.65 0.4635416666666667 0.021875 0.0375
0 0.640625 0.46041666666666664 0.01875 0.035416666666666666
0 0.625 0.46041666666666664 0.025 0.03125
2 0.61328125 0.4583333333333333 0.0171875 0.04479166666666667
2 0.5984375 0.45729166666666665 0.0125 0.035416666666666666
0 0.5625 0.4552083333333333 0.025 0.027083333333333334
0 0.41796875 0.45729166666666665 0.0265625 0.042708333333333334
0 0.3984375 0.45729166666666665 0.0375 0.05416666666666667
0 0.434375 0.45625 0.025 0.0375
0 0.3890625 0.490625 0.028125 0.05416666666666667
0 0.3234375 0.48020833333333335 0.053125 0.08541666666666667
0 0.22578125 0.496875 0.0734375 0.09583333333333334
0 0.14765625 0.4979166666666667 0.0578125 0.10520833333333333
0 0.0765625 0.5395833333333333 0.134375 0.24791666666666667
2 0.515625 0.4552083333333333 0.015625 0.03125
2 0.5296875 0.45416666666666666 0.0125 0.0375