2 0.13515625 0.44895833333333335 0.0234375 0.08229166666666667
1 0.18515625 0.4791666666666667 0.0234375 0.025
2 0.20703125 0.46041666666666664 0.0234375 0.05625
2 0.23671875 0.446875 0.0203125 0.06666666666666667
2 0.2578125 0.44583333333333336 0.01875 0.0625
2 0.26875 0.44479166666666664 0.021875 0.06041666666666667
2 0.2859375 0.4427083333333333 0.021875 0.06041666666666667
0 0.42890625 0.43854166666666666 0.0265625 0.025
0 0.4828125 0.434375 0.034375 0.040625
0 0.57421875 0.44375 0.0453125 0.042708333333333334
0 0.65625 0.47604166666666664 0.153125 0.146875