2 0.9078125 0.4979166666666667 0.03125 0.125
2 0.859375 0.5010416666666667 0.028125 0.15
2 0.83359375 0.47708333333333336 0.0265625 0.07083333333333333
2 0.82421875 0.46458333333333335 0.0234375 0.07083333333333333
2 0.64296875 0.4864583333333333 0.0328125 0.08541666666666667
2 0.49296875 0.5177083333333333 0.0671875 0.125
2 0.20859375 0.4979166666666667 0.0328125 0.08229166666666667
2 0.0859375 0.484375 0.03125 0.09791666666666667
2 0.10625 0.4895833333333333 0.0375 0.0875
2 0.35625 0.45 0.021875 0.040625
2 0.25 0.4479166666666667 0.025 0.0375
0 0.55546875 0.46979166666666666 0.0484375 0.053125
0 0.43203125 0.4375 0.0203125 0.019791666666666666
2 0.0359375 0.46458333333333335 0.028125 0.035416666666666666