2 0.16328125 0.48125 0.0296875 0.07604166666666666
2 0.15 0.503125 0.025 0.10729166666666666
2 0.121875 0.4979166666666667 0.03125 0.10208333333333333
2 0.06484375 0.5458333333333333 0.0921875 0.18541666666666667
2 0.953125 0.5291666666666667 0.046875 0.13645833333333332
0 0.415625 0.471875 0.053125 0.06875
0 0.3484375 0.46041666666666664 0.05625 0.051041666666666666
0 0.5046875 0.4552083333333333 0.03125 0.03125
0 0.64609375 0.49583333333333335 0.0515625 0.07395833333333333
0 0.67734375 0.5125 0.0859375 0.0875
0 0.8078125 0.5791666666666667 0.18125 0.165625
0 0.61875 0.4875 0.034375 0.053125
0 0.603125 0.48020833333333335 0.025 0.042708333333333334
0 0.58828125 0.47708333333333336 0.0296875 0.03333333333333333