0 0.85703125 0.5510416666666667 0.2828125 0.27708333333333335
0 0.70625 0.5197916666666667 0.121875 0.14791666666666667
0 0.6046875 0.48125 0.075 0.0875
0 0.553125 0.4666666666666667 0.028125 0.035416666666666666
2 0.52734375 0.459375 0.0109375 0.03125
0 0.49453125 0.4739583333333333 0.0546875 0.053125
0 0.4609375 0.44895833333333335 0.015625 0.019791666666666666
0 0.45625 0.4395833333333333 0.015625 0.019791666666666666
0 0.425 0.471875 0.01875 0.029166666666666667
0 0.396875 0.4739583333333333 0.0375 0.04895833333333333
2 0.359375 0.46145833333333336 0.015625 0.04479166666666667
0 0.28125 0.49583333333333335 0.159375 0.16770833333333332