2 0.190625 0.46875 0.0625 0.18333333333333332
0 0.29765625 0.4666666666666667 0.1421875 0.1875
0 0.390625 0.4666666666666667 0.071875 0.11354166666666667
0 0.4515625 0.4708333333333333 0.078125 0.07395833333333333
0 0.50703125 0.46875 0.0671875 0.06666666666666667
0 0.5453125 0.46041666666666664 0.065625 0.07083333333333333
0 0.6 0.46458333333333335 0.046875 0.051041666666666666
0 0.66015625 0.46041666666666664 0.0734375 0.058333333333333334
0 0.71171875 0.4625 0.0453125 0.046875
0 0.75234375 0.46875 0.0359375 0.03958333333333333
0 0.96484375 0.49895833333333334 0.0703125 0.13125
0 0.9234375 0.48541666666666666 0.06875 0.09166666666666666
0 0.6421875 0.43125 0.0625 0.03125
0 0.8828125 0.48541666666666666 0.03125 0.071875
0 0.8625 0.48125 0.021875 0.06458333333333334