0 0.2 0.490625 0.09375 0.08229166666666667
0 0.25078125 0.484375 0.0390625 0.06666666666666667
0 0.28125 0.475 0.065625 0.07083333333333333
0 0.31484375 0.46458333333333335 0.0484375 0.06666666666666667
0 0.3421875 0.4666666666666667 0.021875 0.05416666666666667
0 0.43984375 0.46979166666666666 0.0390625 0.040625
0 0.61953125 0.4822916666666667 0.0609375 0.07395833333333333
0 0.35625 0.46770833333333334 0.01875 0.040625
0 0.378125 0.4635416666666667 0.028125 0.0375
0 0.39765625 0.4625 0.0171875 0.03125
0 0.41171875 0.4635416666666667 0.0140625 0.021875
0 0.47578125 0.4583333333333333 0.0234375 0.025
0 0.4921875 0.46041666666666664 0.015625 0.021875
0 0.50625 0.4666666666666667 0.015625 0.027083333333333334
2 0.55703125 0.44895833333333335 0.0703125 0.13645833333333332
0 0.5234375 0.46875 0.01875 0.03958333333333333