0 0.90234375 0.596875 0.1953125 0.240625
0 0.69296875 0.5583333333333333 0.2546875 0.203125
0 0.81875 0.49166666666666664 0.096875 0.07395833333333333
0 0.53125 0.5427083333333333 0.134375 0.14791666666666667
0 0.890625 0.49166666666666664 0.05 0.046875
0 0.375 0.528125 0.08125 0.06875
0 0.32890625 0.5229166666666667 0.0359375 0.06041666666666667
0 0.0234375 0.5395833333333333 0.04375 0.07083333333333333
0 0.04765625 0.53125 0.0484375 0.058333333333333334
0 0.30546875 0.5177083333333333 0.0203125 0.046875
0 0.075 0.5229166666666667 0.025 0.05625
0 0.0984375 0.5166666666666667 0.034375 0.04479166666666667
0 0.121875 0.5104166666666666 0.025 0.03333333333333333
0 0.1421875 0.5104166666666666 0.021875 0.025
0 0.1640625 0.5083333333333333 0.021875 0.025
0 0.209375 0.509375 0.01875 0.022916666666666665
0 0.22578125 0.5083333333333333 0.0203125 0.025
0 0.24375 0.5104166666666666 0.021875 0.029166666666666667
2 0.26875 0.5083333333333333 0.028125 0.03958333333333333