0 0.975 0.496875 0.05 0.13125
0 0.8859375 0.4864583333333333 0.146875 0.07395833333333333
0 0.63515625 0.4822916666666667 0.0734375 0.07395833333333333
0 0.54609375 0.48125 0.0765625 0.06875
0 0.4484375 0.48020833333333335 0.075 0.08229166666666667
0 0.36953125 0.48541666666666666 0.0703125 0.06458333333333334
0 0.0921875 0.49166666666666664 0.084375 0.09375
0 0.03515625 0.4583333333333333 0.0671875 0.05625
0 0.0390625 0.503125 0.071875 0.115625
2 0.725 0.50625 0.05 0.15208333333333332
0 0.30390625 0.48854166666666665 0.0421875 0.05416666666666667