2 0.315625 0.4510416666666667 0.034375 0.11666666666666667
2 0.3546875 0.44895833333333335 0.03125 0.11666666666666667
2 0.51875 0.48125 0.06875 0.20104166666666667
2 0.5671875 0.4791666666666667 0.053125 0.20104166666666667
2 0.6125 0.48020833333333335 0.0375 0.19166666666666668
2 0.65234375 0.47604166666666664 0.0671875 0.20104166666666667
2 0.83125 0.5135416666666667 0.078125 0.40208333333333335
2 0.77265625 0.5083333333333333 0.0796875 0.4083333333333333
2 0.90546875 0.534375 0.1703125 0.5604166666666667
2 0.97578125 0.546875 0.0453125 0.48854166666666665
0 0.2078125 0.4625 0.06875 0.07083333333333333
0 0.12734375 0.45 0.0296875 0.03333333333333333
0 0.0265625 0.4552083333333333 0.046875 0.042708333333333334
0 0.15625 0.446875 0.025 0.027083333333333334