2 0.415625 0.5083333333333333 0.025 0.084375
2 0.353125 0.5052083333333334 0.01875 0.06041666666666667
2 0.334375 0.5010416666666667 0.021875 0.06041666666666667
2 0.2890625 0.5072916666666667 0.028125 0.06875
2 0.259375 0.5083333333333333 0.01875 0.071875
2 0.78359375 0.4979166666666667 0.0203125 0.06666666666666667
0 0.58125 0.49375 0.0375 0.03958333333333333
0 0.65234375 0.521875 0.1078125 0.10520833333333333
0 0.503125 0.540625 0.11875 0.125
2 0.7640625 0.49270833333333336 0.01875 0.05625
2 0.815625 0.490625 0.025 0.0625