0 0.071875 0.565625 0.140625 0.15
0 0.48671875 0.5291666666666667 0.0734375 0.07395833333333333
2 0.1265625 0.5 0.021875 0.05416666666666667
2 0.14453125 0.4979166666666667 0.0234375 0.07083333333333333
2 0.3078125 0.5010416666666667 0.021875 0.053125
2 0.89921875 0.5197916666666667 0.0203125 0.10208333333333333
2 0.875 0.525 0.021875 0.08958333333333333
2 0.59765625 0.5052083333333334 0.0203125 0.053125
2 0.58046875 0.5052083333333334 0.0234375 0.053125
2 0.72421875 0.5 0.0203125 0.027083333333333334
2 0.29296875 0.4979166666666667 0.0203125 0.042708333333333334