0 0.97578125 0.5291666666666667 0.0484375 0.13333333333333333
0 0.84921875 0.48020833333333335 0.1328125 0.12916666666666668
0 0.7703125 0.4822916666666667 0.065625 0.09375
0 0.67421875 0.4708333333333333 0.0609375 0.05416666666666667
0 0.628125 0.4791666666666667 0.03125 0.0375
0 0.59609375 0.47604166666666664 0.0296875 0.029166666666666667
0 0.5609375 0.47604166666666664 0.040625 0.040625
0 0.41640625 0.478125 0.0921875 0.09375
2 0.46640625 0.47708333333333336 0.0203125 0.06458333333333334
0 0.4953125 0.471875 0.040625 0.04479166666666667
0 0.515625 0.46770833333333334 0.028125 0.0375