0 0.03984375 0.45416666666666666 0.0421875 0.04479166666666667
0 0.12890625 0.44895833333333335 0.0265625 0.03125
0 0.15703125 0.4510416666666667 0.0265625 0.027083333333333334
0 0.21015625 0.4635416666666667 0.0703125 0.06875
0 0.8296875 0.5010416666666667 0.190625 0.15416666666666667
2 0.95078125 0.5395833333333333 0.0859375 0.525
2 0.6703125 0.46041666666666664 0.040625 0.146875
2 0.64296875 0.4552083333333333 0.0328125 0.16041666666666668
2 0.61640625 0.4666666666666667 0.0515625 0.17604166666666668
2 0.58125 0.45729166666666665 0.034375 0.16770833333333332
2 0.55546875 0.4822916666666667 0.0546875 0.18333333333333332
2 0.50625 0.49270833333333336 0.053125 0.165625
2 0.33515625 0.45416666666666666 0.0328125 0.12291666666666666
2 0.28125 0.4552083333333333 0.034375 0.11666666666666667