0 0.8171875 0.46041666666666664 0.0375 0.078125
0 0.92578125 0.453125 0.1453125 0.14479166666666668
0 0.94921875 0.4895833333333333 0.0984375 0.12291666666666666
2 0.63984375 0.459375 0.0203125 0.06666666666666667
2 0.69296875 0.47604166666666664 0.0453125 0.165625
2 0.73828125 0.47708333333333336 0.0359375 0.15833333333333333
2 0.7640625 0.48541666666666666 0.03125 0.165625
2 0.7890625 0.47291666666666665 0.040625 0.17916666666666667
2 0.30546875 0.4822916666666667 0.0265625 0.051041666666666666
2 0.278125 0.484375 0.025 0.051041666666666666
2 0.1265625 0.4875 0.021875 0.0375
2 0.1125 0.496875 0.03125 0.05625
2 0.6171875 0.46145833333333336 0.025 0.06875
2 0.60546875 0.465625 0.0234375 0.06041666666666667
2 0.55078125 0.453125 0.0203125 0.042708333333333334
2 0.57265625 0.46041666666666664 0.0296875 0.05416666666666667