0 0.90234375 0.440625 0.0453125 0.053125
0 0.85625 0.4354166666666667 0.028125 0.046875
2 0.8296875 0.4125 0.021875 0.035416666666666666
2 0.74921875 0.4739583333333333 0.0296875 0.11875
0 0.72578125 0.43125 0.0203125 0.042708333333333334
0 0.70078125 0.4354166666666667 0.0265625 0.07083333333333333
0 0.65390625 0.453125 0.0328125 0.046875
0 0.65625 0.41458333333333336 0.0375 0.027083333333333334
2 0.6203125 0.46979166666666666 0.028125 0.09583333333333334
0 0.53125 0.4510416666666667 0.025 0.042708333333333334
0 0.49375 0.45208333333333334 0.021875 0.0375
0 0.33828125 0.45208333333333334 0.0265625 0.029166666666666667
0 0.3140625 0.44895833333333335 0.021875 0.027083333333333334
0 0.29921875 0.446875 0.0234375 0.027083333333333334
0 0.26484375 0.4270833333333333 0.0296875 0.021875
0 0.26640625 0.44895833333333335 0.0234375 0.022916666666666665
0 0.228125 0.4708333333333333 0.053125 0.078125
0 0.1171875 0.484375 0.165625 0.16458333333333333
0 0.01171875 0.6104166666666667 0.0234375 0.209375