0 0.53125 0.503125 0.096875 0.10729166666666666
0 0.42265625 0.49895833333333334 0.0203125 0.025
0 0.3265625 0.48854166666666665 0.05625 0.05416666666666667
2 0.25859375 0.49166666666666664 0.0171875 0.0375
2 0.246875 0.49375 0.0125 0.035416666666666666
2 0.2078125 0.49375 0.015625 0.051041666666666666
2 0.184375 0.49375 0.0125 0.051041666666666666
2 0.17578125 0.4979166666666667 0.0109375 0.042708333333333334
2 0.159375 0.49270833333333336 0.0125 0.053125
2 0.1453125 0.496875 0.0125 0.053125
2 0.13359375 0.496875 0.0109375 0.05625
2 0.11875 0.4979166666666667 0.0125 0.05416666666666667
2 0.1015625 0.5 0.0125 0.0625
2 0.084375 0.5 0.015625 0.06666666666666667
2 0.0671875 0.503125 0.0125 0.06041666666666667
2 0.05390625 0.5020833333333333 0.0140625 0.06666666666666667
2 0.0296875 0.5041666666666667 0.015625 0.07083333333333333