2 0.14453125 0.4666666666666667 0.0234375 0.06666666666666667
0 0.11015625 0.58125 0.2171875 0.165625
0 0.02578125 0.684375 0.0484375 0.196875
0 0.38203125 0.46979166666666666 0.0359375 0.040625
0 0.459375 0.45729166666666665 0.034375 0.035416666666666666
2 0.6 0.45208333333333334 0.021875 0.053125
2 0.8171875 0.44583333333333336 0.025 0.07604166666666666
2 0.83984375 0.44583333333333336 0.0203125 0.078125
2 0.57421875 0.45 0.0234375 0.04479166666666667
2 0.0140625 0.45625 0.01875 0.03333333333333333
2 0.178125 0.4666666666666667 0.025 0.058333333333333334
2 0.29375 0.46145833333333336 0.01875 0.04479166666666667
0 0.3984375 0.46145833333333336 0.01875 0.03333333333333333
0 0.40703125 0.4552083333333333 0.0234375 0.035416666666666666
0 0.41875 0.45416666666666666 0.01875 0.025
2 0.7125 0.4479166666666667 0.021875 0.04479166666666667
2 0.9046875 0.4354166666666667 0.025 0.05416666666666667
2 0.68046875 0.44895833333333335 0.0203125 0.03958333333333333
2 0.66640625 0.4427083333333333 0.0203125 0.025