2 0.75546875 0.5135416666666667 0.1359375 0.30416666666666664
1 0.70234375 0.646875 0.0703125 0.0625
2 0.67421875 0.553125 0.0515625 0.19166666666666668
2 0.6890625 0.39791666666666664 0.071875 0.10729166666666666
0 0.94140625 0.465625 0.1171875 0.225
2 0.85 0.4510416666666667 0.0375 0.109375
2 0.4765625 0.40625 0.05 0.11666666666666667
2 0.5078125 0.4270833333333333 0.05625 0.13125
2 0.5328125 0.38125 0.05 0.09375
2 0.45078125 0.4 0.0328125 0.11666666666666667
2 0.61796875 0.475 0.0578125 0.12916666666666668
2 0.56875 0.446875 0.034375 0.06666666666666667
2 0.5296875 0.546875 0.140625 0.26145833333333335