0 0.91171875 0.6020833333333333 0.1703125 0.17395833333333333
0 0.67578125 0.49166666666666664 0.0578125 0.0625
0 0.6484375 0.4739583333333333 0.046875 0.05625
0 0.565625 0.45208333333333334 0.01875 0.029166666666666667
0 0.415625 0.4875 0.05 0.06458333333333334
0 0.3953125 0.5020833333333333 0.075 0.078125
0 0.3359375 0.5427083333333333 0.109375 0.11354166666666667
0 0.2546875 0.5791666666666667 0.1875 0.16979166666666667
2 0.58125 0.4552083333333333 0.01875 0.051041666666666666
2 0.5984375 0.44895833333333335 0.0125 0.035416666666666666
0 0.446875 0.4708333333333333 0.025 0.042708333333333334
0 0.46328125 0.45729166666666665 0.0265625 0.035416666666666666
0 0.509375 0.43645833333333334 0.01875 0.025