2 0.421875 0.44375 0.025 0.08541666666666667
2 0.44296875 0.43854166666666666 0.0234375 0.0875
2 0.59140625 0.42916666666666664 0.0234375 0.07604166666666666
0 0.3578125 0.446875 0.090625 0.10520833333333333
0 0.64140625 0.4354166666666667 0.0734375 0.07083333333333333
0 0.80078125 0.428125 0.0671875 0.0625
0 0.7390625 0.44583333333333336 0.11875 0.1
0 0.89296875 0.39895833333333336 0.1078125 0.071875
0 0.88203125 0.421875 0.0609375 0.07083333333333333
0 0.9390625 0.4270833333333333 0.0875 0.09166666666666666
0 0.56796875 0.428125 0.0265625 0.042708333333333334
0 0.54765625 0.42604166666666665 0.0203125 0.035416666666666666
0 0.53984375 0.415625 0.0296875 0.03958333333333333