2 0.10234375 0.515625 0.0359375 0.16458333333333333
2 0.1546875 0.515625 0.03125 0.16041666666666668
2 0.365625 0.4708333333333333 0.021875 0.06666666666666667
2 0.3890625 0.4708333333333333 0.025 0.0625
0 0.23046875 0.4791666666666667 0.0453125 0.06458333333333334
0 0.271875 0.48020833333333335 0.01875 0.05416666666666667
0 0.27734375 0.46979166666666666 0.0296875 0.06458333333333334
0 0.72109375 0.4666666666666667 0.0609375 0.058333333333333334
0 0.77578125 0.4666666666666667 0.0515625 0.05416666666666667
0 0.846875 0.4583333333333333 0.0625 0.05625
0 0.06953125 0.446875 0.0515625 0.022916666666666665