0 0.0921875 0.6 0.175 0.16770833333333332
0 0.21171875 0.5385416666666667 0.1328125 0.134375
0 0.2921875 0.5010416666666667 0.10625 0.13125
0 0.6171875 0.490625 0.05625 0.06666666666666667
0 0.65546875 0.5083333333333333 0.0734375 0.109375
0 0.72890625 0.55 0.1984375 0.19375
0 0.92109375 0.740625 0.1546875 0.33229166666666665
0 0.5171875 0.45416666666666666 0.04375 0.03333333333333333
2 0.58046875 0.475 0.0203125 0.08229166666666667
2 0.56640625 0.47708333333333336 0.0234375 0.078125
2 0.553125 0.47604166666666664 0.025 0.07604166666666666
0 0.4015625 0.46875 0.040625 0.058333333333333334
0 0.34765625 0.5041666666666667 0.0296875 0.078125
0 0.3796875 0.47708333333333336 0.028125 0.058333333333333334
0 0.3671875 0.4875 0.028125 0.06458333333333334
0 0.35703125 0.49166666666666664 0.0265625 0.071875
0 0.05625 0.459375 0.071875 0.03958333333333333
0 0.4421875 0.4479166666666667 0.025 0.03333333333333333