2 0.68671875 0.48854166666666665 0.0234375 0.08958333333333333
0 0.58828125 0.49166666666666664 0.0703125 0.06666666666666667
0 0.49453125 0.48854166666666665 0.0359375 0.03958333333333333
0 0.47109375 0.48333333333333334 0.0234375 0.0375
0 0.459375 0.47708333333333336 0.01875 0.025
0 0.43671875 0.47291666666666665 0.0203125 0.03125
0 0.41640625 0.47708333333333336 0.0171875 0.021875
0 0.38515625 0.48333333333333334 0.0203125 0.025
0 0.371875 0.4864583333333333 0.01875 0.022916666666666665
0 0.346875 0.49166666666666664 0.028125 0.025
0 0.31875 0.484375 0.028125 0.03958333333333333
0 0.3015625 0.48541666666666666 0.021875 0.04479166666666667
0 0.28828125 0.48854166666666665 0.0265625 0.042708333333333334
0 0.25859375 0.490625 0.0390625 0.05416666666666667
0 0.21015625 0.5 0.0609375 0.0625
0 0.13203125 0.5041666666666667 0.1015625 0.078125