0 0.1125 0.5520833333333334 0.221875 0.24791666666666667
0 0.05859375 0.35208333333333336 0.1140625 0.042708333333333334
0 0.05703125 0.30520833333333336 0.1109375 0.04479166666666667
0 0.16015625 0.334375 0.0953125 0.09791666666666667
0 0.22734375 0.378125 0.0421875 0.03333333333333333
0 0.2625 0.39166666666666666 0.040625 0.025
0 0.3625 0.4864583333333333 0.115625 0.10520833333333333
0 0.43203125 0.478125 0.0234375 0.10208333333333333
0 0.45546875 0.4822916666666667 0.0234375 0.05416666666666667
0 0.52109375 0.484375 0.0234375 0.03125
2 0.4859375 0.46770833333333334 0.021875 0.0375
0 0.59375 0.49166666666666664 0.025 0.027083333333333334
0 0.62578125 0.48541666666666666 0.0203125 0.025
0 0.671875 0.48854166666666665 0.06875 0.06666666666666667
0 0.74453125 0.49583333333333335 0.0671875 0.05416666666666667
0 0.846875 0.49166666666666664 0.1125 0.09791666666666667
0 0.95234375 0.5 0.0953125 0.13645833333333332