0 0.9765625 0.5395833333333333 0.04375 0.125
0 0.89375 0.48020833333333335 0.209375 0.20729166666666668
0 0.83125 0.47708333333333336 0.159375 0.15416666666666667
0 0.746875 0.49375 0.025 0.0625
0 0.6140625 0.49895833333333334 0.25 0.3302083333333333
0 0.4859375 0.4822916666666667 0.021875 0.08229166666666667
0 0.3984375 0.471875 0.15625 0.17395833333333333
0 0.35234375 0.4895833333333333 0.0453125 0.15416666666666667
0 0.3171875 0.4625 0.065625 0.16770833333333332
2 0.2703125 0.5083333333333333 0.103125 0.27708333333333335
0 0.1890625 0.3958333333333333 0.11875 0.04895833333333333
0 0.1171875 0.48020833333333335 0.234375 0.26979166666666665