0 0.4671875 0.496875 0.103125 0.11145833333333334
0 0.5828125 0.484375 0.025 0.03125
2 0.70546875 0.4864583333333333 0.0140625 0.03125
2 0.71484375 0.484375 0.0140625 0.03125
2 0.72734375 0.48541666666666666 0.0109375 0.029166666666666667
2 0.73984375 0.4875 0.0140625 0.0375
2 0.76328125 0.484375 0.0140625 0.046875
2 0.77578125 0.4822916666666667 0.0109375 0.035416666666666666
2 0.784375 0.4864583333333333 0.0125 0.042708333333333334
2 0.79921875 0.4864583333333333 0.0109375 0.03958333333333333
2 0.8109375 0.4864583333333333 0.0125 0.042708333333333334
2 0.82421875 0.4875 0.0109375 0.040625
2 0.8375 0.4864583333333333 0.0125 0.03958333333333333
2 0.85 0.48854166666666665 0.0125 0.03958333333333333
2 0.8671875 0.490625 0.0125 0.046875
2 0.8796875 0.4895833333333333 0.009375 0.053125
2 0.8890625 0.4895833333333333 0.009375 0.04479166666666667
2 0.8984375 0.49166666666666664 0.0125 0.05416666666666667
2 0.90859375 0.49166666666666664 0.0109375 0.05625
2 0.925 0.490625 0.015625 0.0625
2 0.93984375 0.4947916666666667 0.0109375 0.05625
2 0.9546875 0.49375 0.0125 0.0625
2 0.9828125 0.496875 0.01875 0.07604166666666666