0 0.915625 0.465625 0.103125 0.09583333333333334
0 0.8703125 0.475 0.071875 0.0625
2 0.72109375 0.48125 0.0359375 0.1
0 0.54453125 0.5833333333333334 0.3671875 0.3302083333333333
2 0.046875 0.515625 0.034375 0.10520833333333333
0 0.31640625 0.46458333333333335 0.0484375 0.058333333333333334
2 0.125 0.509375 0.034375 0.12916666666666668
2 0.0984375 0.509375 0.034375 0.125
2 0.2015625 0.4583333333333333 0.021875 0.06041666666666667
2 0.79453125 0.46145833333333336 0.0265625 0.053125
2 0.68203125 0.4666666666666667 0.0296875 0.07395833333333333