2 0.68671875 0.48541666666666666 0.0234375 0.0875
2 0.665625 0.484375 0.021875 0.08958333333333333
2 0.46328125 0.4822916666666667 0.0296875 0.10208333333333333
2 0.428125 0.49270833333333336 0.0375 0.10729166666666666
0 0.9484375 0.5416666666666666 0.1 0.16979166666666667
0 0.8953125 0.5083333333333333 0.15 0.15833333333333333
0 0.79765625 0.46770833333333334 0.0546875 0.06041666666666667
0 0.753125 0.5 0.10625 0.08958333333333333
0 0.7109375 0.446875 0.059375 0.027083333333333334
0 0.64296875 0.46875 0.0453125 0.06666666666666667
0 0.57265625 0.4791666666666667 0.0859375 0.06458333333333334
0 0.37421875 0.48854166666666665 0.0984375 0.10520833333333333
0 0.17578125 0.5895833333333333 0.3328125 0.33229166666666665
0 0.053125 0.47708333333333336 0.0875 0.10208333333333333
0 0.51171875 0.46458333333333335 0.0296875 0.022916666666666665