0 0.92734375 0.4864583333333333 0.1359375 0.15625
0 0.24453125 0.45729166666666665 0.0609375 0.06666666666666667
0 0.190625 0.4479166666666667 0.03125 0.0375
0 0.1359375 0.453125 0.034375 0.035416666666666666
0 0.0390625 0.45625 0.059375 0.04479166666666667
2 0.41796875 0.45729166666666665 0.0421875 0.15208333333333332
2 0.31015625 0.44583333333333336 0.0203125 0.05625
2 0.83515625 0.459375 0.0703125 0.27291666666666664
2 0.78515625 0.45208333333333334 0.0359375 0.209375
2 0.7359375 0.48125 0.06875 0.2635416666666667
2 0.68671875 0.4791666666666667 0.0765625 0.2635416666666667
2 0.6 0.48541666666666666 0.071875 0.290625
2 0.5296875 0.47708333333333336 0.075 0.31666666666666665