0 0.08046875 0.503125 0.1609375 0.11875
2 0.209375 0.46875 0.03125 0.051041666666666666
0 0.20234375 0.5625 0.1796875 0.14791666666666667
0 0.35 0.4822916666666667 0.075 0.08229166666666667
0 0.60625 0.4875 0.04375 0.05625
0 0.6875 0.51875 0.09375 0.0875
0 0.79921875 0.5395833333333333 0.2171875 0.16770833333333332
0 0.871875 0.6270833333333333 0.253125 0.26145833333333335
0 0.9546875 0.7802083333333333 0.084375 0.225
0 0.5859375 0.475 0.021875 0.042708333333333334
0 0.57734375 0.47291666666666665 0.0359375 0.03958333333333333
0 0.56171875 0.459375 0.0328125 0.03125
0 0.54609375 0.4510416666666667 0.0234375 0.027083333333333334
0 0.27421875 0.4635416666666667 0.0421875 0.05625
0 0.41328125 0.44166666666666665 0.0234375 0.03125