2 0.2203125 0.434375 0.01875 0.071875
2 0.2359375 0.434375 0.01875 0.06875
2 0.26328125 0.45 0.0453125 0.115625
2 0.4984375 0.43333333333333335 0.01875 0.035416666666666666
0 0.5328125 0.4395833333333333 0.028125 0.03125
0 0.60625 0.4395833333333333 0.03125 0.027083333333333334
2 0.790625 0.4395833333333333 0.0125 0.051041666666666666
2 0.8046875 0.428125 0.009375 0.03958333333333333
2 0.86015625 0.490625 0.0859375 0.44166666666666665
2 0.95546875 0.49166666666666664 0.0890625 0.509375
2 0.75390625 0.43645833333333334 0.0140625 0.04895833333333333