2 0.17421875 0.571875 0.0609375 0.21875
0 0.06640625 0.6114583333333333 0.1328125 0.26145833333333335
0 0.2375 0.534375 0.1 0.11145833333333334
0 0.28828125 0.5177083333333333 0.0578125 0.08229166666666667
0 0.33359375 0.5041666666666667 0.0546875 0.051041666666666666
0 0.38359375 0.46875 0.0484375 0.051041666666666666
0 0.6109375 0.49583333333333335 0.06875 0.05416666666666667
0 0.91171875 0.5104166666666666 0.1328125 0.0875
0 0.58125 0.47604166666666664 0.059375 0.053125
0 0.69140625 0.46041666666666664 0.0453125 0.035416666666666666
0 0.71875 0.49166666666666664 0.046875 0.06458333333333334
0 0.41171875 0.4625 0.0265625 0.035416666666666666