2 0.971875 0.48125 0.034375 0.18958333333333333
2 0.94609375 0.4552083333333333 0.0234375 0.10520833333333333
2 0.92578125 0.4552083333333333 0.0265625 0.10208333333333333
2 0.903125 0.47604166666666664 0.0375 0.146875
2 0.86640625 0.47604166666666664 0.0265625 0.10729166666666666
2 0.84296875 0.46875 0.0265625 0.12083333333333333
2 0.81640625 0.475 0.0234375 0.078125
0 0.765625 0.4375 0.021875 0.05416666666666667
2 0.7984375 0.453125 0.01875 0.051041666666666666
2 0.78203125 0.4822916666666667 0.0203125 0.08958333333333333
2 0.746875 0.46041666666666664 0.025 0.084375
2 0.73046875 0.446875 0.0234375 0.078125
2 0.7171875 0.46979166666666666 0.025 0.07604166666666666
2 0.7046875 0.459375 0.025 0.058333333333333334
2 0.678125 0.4666666666666667 0.021875 0.06666666666666667
0 0.28984375 0.4822916666666667 0.0859375 0.08229166666666667