2 0.4 0.46041666666666664 0.025 0.09375
2 0.41484375 0.46041666666666664 0.0234375 0.09166666666666666
2 0.2953125 0.421875 0.021875 0.042708333333333334
0 0.978125 0.475 0.04375 0.125
0 0.92890625 0.471875 0.0953125 0.1
0 0.853125 0.475 0.08125 0.08541666666666667
0 0.70234375 0.471875 0.0703125 0.06458333333333334
0 0.6203125 0.45729166666666665 0.025 0.03125
0 0.56328125 0.459375 0.0265625 0.03125
0 0.50625 0.46041666666666664 0.05 0.058333333333333334
2 0.1828125 0.42916666666666664 0.028125 0.071875
2 0.16328125 0.4239583333333333 0.0265625 0.046875
2 0.14140625 0.421875 0.0265625 0.051041666666666666
2 0.20078125 0.421875 0.0234375 0.046875