2 0.5296875 0.5083333333333333 0.040625 0.140625
2 0.4484375 0.50625 0.040625 0.13333333333333333
2 0.40859375 0.46458333333333335 0.0171875 0.051041666666666666
0 0.1578125 0.5364583333333334 0.18125 0.15416666666666667
0 0.2640625 0.5239583333333333 0.0625 0.09166666666666666
0 0.3 0.5072916666666667 0.065625 0.07604166666666666
0 0.32734375 0.49270833333333336 0.0421875 0.06041666666666667
0 0.35078125 0.47708333333333336 0.0546875 0.06666666666666667
0 0.63203125 0.5125 0.0984375 0.11875
0 0.71015625 0.5197916666666667 0.1515625 0.171875
0 0.78203125 0.628125 0.2359375 0.22083333333333333
0 0.2265625 0.4552083333333333 0.05 0.035416666666666666
0 0.38984375 0.46770833333333334 0.0328125 0.04479166666666667
0 0.2859375 0.446875 0.04375 0.042708333333333334
0 0.46953125 0.446875 0.0265625 0.027083333333333334
0 0.584375 0.49166666666666664 0.05 0.08958333333333333