0 0.1421875 0.49270833333333336 0.275 0.2520833333333333
0 0.29296875 0.4395833333333333 0.0453125 0.08958333333333333
0 0.33828125 0.44166666666666665 0.0484375 0.05416666666666667
0 0.55625 0.43125 0.04375 0.042708333333333334
0 0.5046875 0.42916666666666664 0.040625 0.040625
2 0.61953125 0.4322916666666667 0.0234375 0.053125
0 0.64609375 0.48854166666666665 0.0984375 0.15625
0 0.7640625 0.5416666666666666 0.290625 0.2635416666666667
0 0.36875 0.4354166666666667 0.03125 0.046875
0 0.3921875 0.4322916666666667 0.03125 0.0375
0 0.41875 0.428125 0.028125 0.03125
2 0.44765625 0.425 0.0140625 0.0375
0 0.434375 0.4239583333333333 0.021875 0.035416666666666666
0 0.58828125 0.440625 0.0359375 0.06041666666666667