0 0.88203125 0.56875 0.2328125 0.24583333333333332
0 0.6953125 0.50625 0.171875 0.15208333333333332
0 0.628125 0.48125 0.115625 0.13125
0 0.575 0.48854166666666665 0.03125 0.078125
0 0.55234375 0.4864583333333333 0.0359375 0.0625
0 0.0078125 0.5385416666666667 0.015625 0.11145833333333334
0 0.04921875 0.5229166666666667 0.0984375 0.115625
0 0.0640625 0.46979166666666666 0.128125 0.071875
0 0.4953125 0.46145833333333336 0.040625 0.04479166666666667
0 0.4734375 0.46145833333333336 0.015625 0.0375
0 0.4609375 0.46145833333333336 0.01875 0.029166666666666667
0 0.44921875 0.46458333333333335 0.0203125 0.022916666666666665
0 0.43515625 0.46041666666666664 0.0203125 0.022916666666666665
0 0.3953125 0.46041666666666664 0.021875 0.022916666666666665
0 0.3765625 0.465625 0.021875 0.025
0 0.35625 0.4635416666666667 0.021875 0.029166666666666667
0 0.32578125 0.4666666666666667 0.0453125 0.03958333333333333
2 0.2234375 0.46041666666666664 0.03125 0.05625