2 0.2765625 0.46875 0.025 0.058333333333333334
2 0.80859375 0.49270833333333336 0.0359375 0.103125
2 0.77890625 0.49270833333333336 0.0296875 0.103125
2 0.571875 0.47708333333333336 0.025 0.06458333333333334
2 0.53828125 0.4708333333333333 0.0234375 0.07395833333333333
0 0.38203125 0.475 0.0578125 0.058333333333333334
0 0.9609375 0.49895833333333334 0.06875 0.053125
0 0.975 0.521875 0.04375 0.05416666666666667
0 0.9578125 0.4708333333333333 0.071875 0.058333333333333334
0 0.93359375 0.4635416666666667 0.0859375 0.040625
0 0.6859375 0.45208333333333334 0.04375 0.0375
0 0.47109375 0.446875 0.0328125 0.03125
2 0.31953125 0.45625 0.0203125 0.05625
2 0.603125 0.47604166666666664 0.025 0.06875