0 0.89609375 0.46041666666666664 0.0359375 0.04479166666666667
0 0.95703125 0.46041666666666664 0.0578125 0.046875
0 0.7890625 0.46458333333333335 0.1 0.042708333333333334
0 0.721875 0.465625 0.053125 0.040625
0 0.6890625 0.46145833333333336 0.053125 0.040625
0 0.66484375 0.459375 0.0421875 0.035416666666666666
2 0.57890625 0.46041666666666664 0.0171875 0.040625
0 0.4796875 0.45729166666666665 0.040625 0.03125
0 0.45 0.4552083333333333 0.01875 0.022916666666666665
0 0.43359375 0.44895833333333335 0.0234375 0.027083333333333334
0 0.45703125 0.4354166666666667 0.0203125 0.022916666666666665
0 0.33671875 0.4635416666666667 0.0453125 0.04895833333333333
0 0.24921875 0.475 0.0546875 0.058333333333333334
0 0.1828125 0.48125 0.090625 0.06875
0 0.2875 0.4791666666666667 0.021875 0.04479166666666667
0 0.36640625 0.465625 0.0203125 0.0375
0 0.384375 0.4625 0.021875 0.035416666666666666