0 0.7640625 0.5083333333333333 0.10625 0.09583333333333334
0 0.646875 0.4979166666666667 0.046875 0.035416666666666666
0 0.55625 0.48541666666666666 0.028125 0.03333333333333333
0 0.4296875 0.5010416666666667 0.046875 0.134375
0 0.4234375 0.5135416666666667 0.034375 0.14479166666666668
0 0.340625 0.5114583333333333 0.140625 0.16458333333333333
2 0.47890625 0.5052083333333334 0.0421875 0.15833333333333333
2 0.1484375 0.4875 0.0375 0.18958333333333333
2 0.1078125 0.48333333333333334 0.059375 0.196875
2 0.0234375 0.48020833333333335 0.040625 0.1875
2 0.103125 0.4625 0.034375 0.13645833333333332