0 0.33046875 0.484375 0.0484375 0.051041666666666666
0 0.24453125 0.4625 0.0984375 0.078125
0 0.50390625 0.459375 0.0359375 0.051041666666666666
2 0.4609375 0.49583333333333335 0.08125 0.203125
2 0.690625 0.4708333333333333 0.025 0.07083333333333333
2 0.7125 0.471875 0.03125 0.0875
0 0.75625 0.4708333333333333 0.05 0.051041666666666666
2 0.79765625 0.475 0.0234375 0.07083333333333333
2 0.8875 0.46979166666666666 0.021875 0.06458333333333334
2 0.90625 0.4666666666666667 0.021875 0.07083333333333333
2 0.925 0.4739583333333333 0.025 0.06875
2 0.96015625 0.47708333333333336 0.0234375 0.071875
2 0.98515625 0.478125 0.0203125 0.07083333333333333
2 0.7828125 0.4708333333333333 0.025 0.07395833333333333
2 0.81953125 0.47708333333333336 0.0265625 0.06875