2 0.94921875 0.48854166666666665 0.0421875 0.18333333333333332
2 0.915625 0.49270833333333336 0.046875 0.178125
2 0.79453125 0.48541666666666666 0.0484375 0.18958333333333333
2 0.7046875 0.43333333333333335 0.04375 0.10208333333333333
2 0.678125 0.4864583333333333 0.040625 0.10208333333333333
2 0.62265625 0.4875 0.0484375 0.10729166666666666
2 0.5765625 0.4864583333333333 0.040625 0.09791666666666667
2 0.534375 0.5041666666666667 0.05625 0.13333333333333333
2 0.4625 0.4635416666666667 0.0375 0.12291666666666666
2 0.425 0.48854166666666665 0.03125 0.07083333333333333
2 0.40859375 0.46770833333333334 0.0234375 0.071875
2 0.384375 0.4666666666666667 0.03125 0.07395833333333333
2 0.3640625 0.46041666666666664 0.028125 0.078125
2 0.2125 0.47291666666666665 0.034375 0.09791666666666667
2 0.2984375 0.46041666666666664 0.03125 0.06875
2 0.27734375 0.46145833333333336 0.0203125 0.06875
2 0.096875 0.44479166666666664 0.03125 0.06458333333333334
2 0.03984375 0.4666666666666667 0.0359375 0.07083333333333333