2 0.95859375 0.49375 0.0421875 0.125
0 0.79453125 0.4864583333333333 0.0703125 0.058333333333333334
0 0.79375 0.45208333333333334 0.06875 0.0375
2 0.7296875 0.48020833333333335 0.01875 0.07395833333333333
2 0.69453125 0.47604166666666664 0.0203125 0.06041666666666667
2 0.675 0.47708333333333336 0.021875 0.06458333333333334
2 0.65625 0.47708333333333336 0.021875 0.0625
0 0.58515625 0.4875 0.0578125 0.05625
0 0.54296875 0.47708333333333336 0.0328125 0.03333333333333333
0 0.45625 0.46979166666666666 0.05 0.03333333333333333
0 0.3875 0.47291666666666665 0.046875 0.05416666666666667
0 0.27890625 0.47604166666666664 0.0703125 0.06875
2 0.2 0.475 0.0125 0.035416666666666666
2 0.18359375 0.46979166666666666 0.0171875 0.040625
2 0.1609375 0.471875 0.01875 0.0375
2 0.12578125 0.4822916666666667 0.0203125 0.058333333333333334
0 0.0640625 0.48854166666666665 0.109375 0.08541666666666667
0 0.35859375 0.46458333333333335 0.0203125 0.03125