2 0.0234375 0.6739583333333333 0.040625 0.20729166666666668
2 0.084375 0.6104166666666667 0.06875 0.3104166666666667
0 0.16953125 0.5708333333333333 0.3359375 0.2791666666666667
0 0.3265625 0.5083333333333333 0.171875 0.19375
0 0.409375 0.48541666666666666 0.08125 0.12291666666666666
0 0.49296875 0.46875 0.0484375 0.06666666666666667
0 0.5328125 0.47291666666666665 0.059375 0.058333333333333334
0 0.6046875 0.47708333333333336 0.021875 0.027083333333333334
0 0.6328125 0.4739583333333333 0.040625 0.029166666666666667
0 0.703125 0.484375 0.040625 0.05416666666666667
0 0.934375 0.503125 0.096875 0.15
0 0.840625 0.5166666666666667 0.25625 0.21666666666666667