0 0.07421875 0.50625 0.1453125 0.22708333333333333
2 0.209375 0.50625 0.046875 0.203125
0 0.284375 0.475 0.034375 0.027083333333333334
0 0.3171875 0.47291666666666665 0.028125 0.03125
0 0.35078125 0.46875 0.0359375 0.027083333333333334
0 0.40078125 0.4708333333333333 0.0515625 0.027083333333333334
0 0.571875 0.46979166666666666 0.028125 0.029166666666666667
0 0.628125 0.490625 0.075 0.08229166666666667
0 0.6984375 0.4635416666666667 0.025 0.03333333333333333
2 0.721875 0.475 0.021875 0.07395833333333333
0 0.76953125 0.453125 0.0296875 0.022916666666666665
0 0.80625 0.45208333333333334 0.021875 0.025
0 0.828125 0.4708333333333333 0.034375 0.027083333333333334
0 0.8421875 0.446875 0.03125 0.027083333333333334
0 0.90703125 0.44583333333333336 0.0265625 0.022916666666666665
2 0.8828125 0.496875 0.021875 0.11875
2 0.9359375 0.4791666666666667 0.028125 0.134375