0 0.784375 0.5854166666666667 0.2 0.1625
0 0.66171875 0.5135416666666667 0.1046875 0.09791666666666667
0 0.3984375 0.48020833333333335 0.028125 0.05416666666666667
0 0.359375 0.48125 0.0625 0.071875
0 0.290625 0.5083333333333333 0.103125 0.134375
0 0.23359375 0.5395833333333333 0.1265625 0.146875
0 0.10703125 0.584375 0.2078125 0.21458333333333332
0 0.7828125 0.46145833333333336 0.046875 0.04479166666666667
0 0.72421875 0.47291666666666665 0.0359375 0.0625
2 0.6515625 0.45625 0.01875 0.029166666666666667
0 0.53046875 0.43333333333333335 0.0234375 0.022916666666666665
0 0.065625 0.49270833333333336 0.10625 0.06458333333333334
0 0.4453125 0.453125 0.03125 0.035416666666666666