0 0.85234375 0.44375 0.0421875 0.035416666666666666
0 0.809375 0.4510416666666667 0.03125 0.03958333333333333
0 0.77109375 0.453125 0.0421875 0.035416666666666666
0 0.66015625 0.44375 0.1828125 0.05416666666666667
0 0.5578125 0.46458333333333335 0.021875 0.046875
0 0.496875 0.45625 0.065625 0.06458333333333334
0 0.40546875 0.47604166666666664 0.1046875 0.1
0 0.33828125 0.46770833333333334 0.0359375 0.06041666666666667
2 0.31015625 0.47604166666666664 0.0203125 0.05625
0 0.26796875 0.4739583333333333 0.0359375 0.06041666666666667
0 0.94765625 0.46458333333333335 0.1015625 0.09791666666666667