0 0.07265625 0.5697916666666667 0.1421875 0.3260416666666667
0 0.22421875 0.51875 0.2453125 0.2125
0 0.3515625 0.50625 0.103125 0.12083333333333333
0 0.4015625 0.49583333333333335 0.071875 0.08541666666666667
0 0.85390625 0.49583333333333335 0.1140625 0.08958333333333333
0 0.50390625 0.4739583333333333 0.0171875 0.029166666666666667
0 0.66171875 0.47604166666666664 0.0234375 0.0375
2 0.484375 0.4708333333333333 0.01875 0.035416666666666666
0 0.5171875 0.471875 0.01875 0.0375
0 0.53046875 0.46875 0.0203125 0.03125
0 0.54765625 0.46875 0.0203125 0.022916666666666665
0 0.6125 0.4708333333333333 0.01875 0.027083333333333334
0 0.625 0.471875 0.01875 0.025
0 0.6453125 0.4708333333333333 0.028125 0.035416666666666666
0 0.6890625 0.4791666666666667 0.046875 0.040625