2 0.1546875 0.48020833333333335 0.05 0.19583333333333333
2 0.2328125 0.478125 0.03125 0.109375
2 0.88984375 0.43125 0.0515625 0.07083333333333333
0 0.7984375 0.5072916666666667 0.296875 0.1625
0 0.56796875 0.4822916666666667 0.2015625 0.15208333333333332
0 0.44453125 0.48854166666666665 0.0734375 0.10520833333333333
0 0.34609375 0.4583333333333333 0.1953125 0.134375
0 0.01875 0.5166666666666667 0.0375 0.1
2 0.03125 0.46458333333333335 0.021875 0.058333333333333334
2 0.0828125 0.46770833333333334 0.021875 0.06041666666666667
0 0.109375 0.46979166666666666 0.04375 0.06041666666666667
0 0.0671875 0.4708333333333333 0.028125 0.042708333333333334
0 0.20078125 0.47708333333333336 0.0328125 0.06458333333333334