0 0.12578125 0.5510416666666667 0.2484375 0.33541666666666664
2 0.21796875 0.46041666666666664 0.0296875 0.0375
0 0.35 0.49166666666666664 0.13125 0.11875
0 0.43125 0.4864583333333333 0.034375 0.08541666666666667
0 0.4796875 0.47604166666666664 0.028125 0.03333333333333333
0 0.546875 0.5052083333333334 0.134375 0.134375
0 0.625 0.47708333333333336 0.021875 0.035416666666666666
0 0.64296875 0.478125 0.0234375 0.03958333333333333
0 0.67578125 0.4822916666666667 0.0421875 0.042708333333333334
2 0.73515625 0.47604166666666664 0.0140625 0.04479166666666667
0 0.82421875 0.4947916666666667 0.0828125 0.071875
0 0.93125 0.475 0.1375 0.15625