2 0.8453125 0.41875 0.04375 0.134375
2 0.79609375 0.46041666666666664 0.0609375 0.16458333333333333
0 0.8953125 0.5791666666666667 0.20625 0.4666666666666667
2 0.74921875 0.5458333333333333 0.0234375 0.06041666666666667
0 0.6515625 0.5083333333333333 0.121875 0.125
0 0.58671875 0.496875 0.0546875 0.0875
0 0.540625 0.4864583333333333 0.03125 0.035416666666666666
0 0.42578125 0.48541666666666666 0.0265625 0.029166666666666667
0 0.14296875 0.5385416666666667 0.2859375 0.275
0 0.2953125 0.50625 0.04375 0.058333333333333334
0 0.3484375 0.4875 0.034375 0.0375