2 0.846875 0.5854166666666667 0.059375 0.17916666666666667
2 0.878125 0.5229166666666667 0.05 0.15625
2 0.56171875 0.48333333333333334 0.0265625 0.084375
0 0.31796875 0.5020833333333333 0.0671875 0.07083333333333333
0 0.26875 0.51875 0.05625 0.084375
0 0.4921875 0.446875 0.028125 0.03125
0 0.37265625 0.47604166666666664 0.0515625 0.053125
0 0.74453125 0.4635416666666667 0.0734375 0.071875
0 0.79453125 0.49583333333333335 0.0953125 0.09791666666666667
0 0.96796875 0.5208333333333334 0.0578125 0.1
0 0.6015625 0.4822916666666667 0.05625 0.06666666666666667
0 0.415625 0.46145833333333336 0.021875 0.03333333333333333
0 0.06015625 0.6083333333333333 0.1203125 0.23229166666666667
0 0.19765625 0.5447916666666667 0.1609375 0.13333333333333333