0 0.93125 0.41875 0.134375 0.04479166666666667
0 0.80625 0.43020833333333336 0.125 0.103125
0 0.53515625 0.43854166666666666 0.0703125 0.06041666666666667
0 0.4984375 0.42916666666666664 0.040625 0.05416666666666667
0 0.4703125 0.428125 0.034375 0.051041666666666666
0 0.271875 0.4354166666666667 0.0625 0.07395833333333333
0 0.12421875 0.45 0.0859375 0.07604166666666666
0 0.07265625 0.4583333333333333 0.0703125 0.10729166666666666
2 0.94375 0.5447916666666667 0.05625 0.19583333333333333
0 0.43203125 0.41875 0.0453125 0.04479166666666667
0 0.409375 0.415625 0.028125 0.03958333333333333
0 0.38359375 0.409375 0.0265625 0.03333333333333333
0 0.12734375 0.42916666666666664 0.1109375 0.078125