0 0.04453125 0.5614583333333333 0.0859375 0.303125
0 0.12421875 0.54375 0.1671875 0.19375
0 0.15859375 0.49895833333333334 0.2046875 0.20520833333333333
2 0.3 0.5197916666666667 0.0375 0.1875
0 0.34921875 0.4864583333333333 0.0796875 0.09791666666666667
0 0.4203125 0.4979166666666667 0.08125 0.078125
0 0.534375 0.49166666666666664 0.121875 0.15625
2 0.63984375 0.5072916666666667 0.0671875 0.20104166666666667
0 0.78046875 0.5145833333333333 0.0453125 0.07604166666666666
0 0.9 0.5364583333333334 0.2 0.18125
0 0.7 0.4822916666666667 0.05 0.07395833333333333
0 0.87734375 0.43333333333333335 0.1421875 0.046875
0 0.34375 0.5197916666666667 0.0625 0.125
0 0.76328125 0.49375 0.1296875 0.125