0 0.03828125 0.5041666666666667 0.0734375 0.12083333333333333
0 0.1859375 0.47708333333333336 0.065625 0.0875
0 0.54921875 0.47708333333333336 0.0796875 0.078125
2 0.27578125 0.4739583333333333 0.0359375 0.09166666666666666
2 0.31875 0.47708333333333336 0.03125 0.071875
2 0.10625 0.49166666666666664 0.065625 0.18125
2 0.38046875 0.5 0.0953125 0.21041666666666667
2 0.2375 0.4947916666666667 0.04375 0.134375
2 0.1609375 0.49375 0.046875 0.140625
0 0.50859375 0.48333333333333334 0.0203125 0.04479166666666667
0 0.503125 0.47291666666666665 0.03125 0.046875