0 0.83203125 0.47708333333333336 0.0296875 0.058333333333333334
0 0.8109375 0.465625 0.059375 0.06458333333333334
0 0.925 0.44583333333333336 0.140625 0.13854166666666667
0 0.95 0.4864583333333333 0.096875 0.12083333333333333
2 0.68359375 0.4666666666666667 0.0296875 0.11666666666666667
2 0.62734375 0.4666666666666667 0.0203125 0.08541666666666667
2 0.60234375 0.46041666666666664 0.0265625 0.09375
2 0.22109375 0.48854166666666665 0.0296875 0.078125
2 0.19609375 0.4979166666666667 0.0265625 0.06666666666666667
2 0.16953125 0.4822916666666667 0.0203125 0.046875
2 0.37734375 0.46145833333333336 0.0140625 0.025
2 0.40703125 0.46145833333333336 0.0140625 0.025
2 0.12734375 0.4875 0.0203125 0.029166666666666667
0 0.73125 0.4666666666666667 0.034375 0.0625