0 0.9203125 0.5541666666666667 0.15625 0.328125
0 0.81796875 0.5197916666666667 0.2546875 0.21875
0 0.65703125 0.5 0.1234375 0.10520833333333333
0 0.584375 0.4822916666666667 0.090625 0.08958333333333333
0 0.56015625 0.4708333333333333 0.0796875 0.08229166666666667
0 0.071875 0.5104166666666666 0.14375 0.11875
0 0.1640625 0.5010416666666667 0.05 0.08020833333333334
0 0.2 0.49270833333333336 0.04375 0.071875
0 0.4828125 0.4625 0.034375 0.03958333333333333
0 0.5203125 0.47708333333333336 0.028125 0.051041666666666666
0 0.4578125 0.46145833333333336 0.01875 0.03333333333333333
0 0.44296875 0.46041666666666664 0.0203125 0.022916666666666665
0 0.38984375 0.46041666666666664 0.0203125 0.022916666666666665
0 0.37421875 0.4625 0.0203125 0.027083333333333334
0 0.3515625 0.465625 0.01875 0.03333333333333333
0 0.3359375 0.46145833333333336 0.0375 0.0375
0 0.43203125 0.46145833333333336 0.0140625 0.017708333333333333
2 0.30078125 0.453125 0.0203125 0.042708333333333334
2 0.0578125 0.44583333333333336 0.025 0.029166666666666667