2 0.84296875 0.440625 0.0359375 0.13854166666666667
2 0.790625 0.4583333333333333 0.034375 0.134375
2 0.090625 0.4395833333333333 0.01875 0.051041666666666666
2 0.06875 0.4239583333333333 0.021875 0.07395833333333333
2 0.046875 0.43333333333333335 0.01875 0.03958333333333333
2 0.01953125 0.42083333333333334 0.0203125 0.06041666666666667
0 0.5515625 0.41354166666666664 0.040625 0.040625
0 0.36953125 0.43333333333333335 0.0703125 0.08541666666666667
0 0.321875 0.4270833333333333 0.05 0.06041666666666667
0 0.1828125 0.49166666666666664 0.228125 0.20104166666666667
0 0.4640625 0.5125 0.215625 0.225