2 0.809375 0.5052083333333334 0.01875 0.06458333333333334
2 0.83359375 0.5010416666666667 0.0265625 0.07604166666666666
2 0.04375 0.528125 0.021875 0.103125
2 0.06640625 0.5239583333333333 0.0234375 0.10729166666666666
2 0.25390625 0.503125 0.0203125 0.029166666666666667
0 0.3015625 0.521875 0.0625 0.058333333333333334
0 0.34453125 0.5166666666666667 0.0359375 0.040625
0 0.428125 0.5114583333333333 0.05 0.046875
0 0.5125 0.5635416666666667 0.159375 0.15833333333333333
2 0.57265625 0.5020833333333333 0.0203125 0.05416666666666667
2 0.70234375 0.5072916666666667 0.0203125 0.071875
2 0.6703125 0.49375 0.021875 0.035416666666666666