0 0.0671875 0.5385416666666667 0.128125 0.23229166666666667
0 0.4296875 0.4635416666666667 0.025 0.04479166666666667
0 0.459375 0.47604166666666664 0.0625 0.06458333333333334
0 0.48671875 0.45729166666666665 0.0265625 0.03125
0 0.5453125 0.4708333333333333 0.053125 0.046875
0 0.63203125 0.4583333333333333 0.0359375 0.0375
0 0.91875 0.5010416666666667 0.1625 0.12291666666666666
2 0.81953125 0.4625 0.0296875 0.07083333333333333
2 0.76015625 0.45729166666666665 0.0203125 0.03958333333333333
2 0.37421875 0.4635416666666667 0.0203125 0.053125
2 0.3609375 0.45729166666666665 0.01875 0.046875
2 0.2328125 0.46770833333333334 0.025 0.10729166666666666
2 0.19609375 0.4395833333333333 0.0296875 0.046875