0 0.14609375 0.6739583333333333 0.2890625 0.35520833333333335
0 0.2796875 0.46770833333333334 0.040625 0.06875
0 0.515625 0.459375 0.053125 0.042708333333333334
0 0.9296875 0.4552083333333333 0.09375 0.046875
2 0.44140625 0.490625 0.0296875 0.109375
2 0.36015625 0.5260416666666666 0.0609375 0.1625
2 0.82265625 0.5010416666666667 0.0546875 0.146875
2 0.87578125 0.5 0.0453125 0.13645833333333332
0 0.67109375 0.44583333333333336 0.0828125 0.06041666666666667
0 0.48671875 0.46041666666666664 0.0234375 0.03333333333333333
0 0.46953125 0.46145833333333336 0.0265625 0.029166666666666667
0 0.40703125 0.46041666666666664 0.0265625 0.027083333333333334