0 0.06015625 0.6052083333333333 0.1171875 0.20729166666666668
0 0.14375 0.5625 0.134375 0.14479166666666668
0 0.28203125 0.5677083333333334 0.1953125 0.178125
0 0.29296875 0.46875 0.0859375 0.03958333333333333
0 0.46953125 0.44583333333333336 0.0296875 0.042708333333333334
0 0.378125 0.4666666666666667 0.04375 0.0625
0 0.59609375 0.4864583333333333 0.1015625 0.11666666666666667
0 0.61484375 0.521875 0.0953125 0.10208333333333333
0 0.6703125 0.55625 0.13125 0.14479166666666668
0 0.765625 0.6114583333333333 0.203125 0.20729166666666668
0 0.8703125 0.775 0.25 0.44166666666666665
0 0.4953125 0.44166666666666665 0.021875 0.035416666666666666
2 0.509375 0.4552083333333333 0.015625 0.051041666666666666
2 0.8484375 0.425 0.0125 0.029166666666666667
2 0.8375 0.42291666666666666 0.0125 0.029166666666666667
2 0.8296875 0.425 0.009375 0.029166666666666667
0 0.39765625 0.46041666666666664 0.0265625 0.03333333333333333
0 0.44453125 0.44375 0.0234375 0.027083333333333334
0 0.54609375 0.45208333333333334 0.0453125 0.053125
0 0.234375 0.46875 0.05 0.03958333333333333