0 0.1140625 0.5145833333333333 0.225 0.134375
0 0.31640625 0.45729166666666665 0.0578125 0.05416666666666667
0 0.81953125 0.5270833333333333 0.1546875 0.13645833333333332
0 0.734375 0.5083333333333333 0.053125 0.084375
0 0.71015625 0.490625 0.0546875 0.09791666666666667
2 0.49140625 0.44895833333333335 0.0203125 0.046875
2 0.4609375 0.44583333333333336 0.01875 0.042708333333333334
2 0.62890625 0.46041666666666664 0.0234375 0.053125
0 0.21328125 0.4625 0.1265625 0.07083333333333333
0 0.3015625 0.4322916666666667 0.10625 0.071875
0 0.0671875 0.43020833333333336 0.075 0.05625
0 0.03125 0.45729166666666665 0.059375 0.058333333333333334
0 0.36953125 0.44583333333333336 0.0265625 0.035416666666666666
0 0.6125 0.4510416666666667 0.021875 0.03958333333333333
0 0.6734375 0.47708333333333336 0.025 0.06666666666666667
0 0.6546875 0.47708333333333336 0.028125 0.042708333333333334
0 0.596875 0.45416666666666666 0.021875 0.0375
2 0.43984375 0.44583333333333336 0.0171875 0.042708333333333334