0 0.61171875 0.484375 0.0703125 0.0625
2 0.91796875 0.49166666666666664 0.0203125 0.06875
2 0.365625 0.4510416666666667 0.01875 0.051041666666666666
2 0.39609375 0.4625 0.0203125 0.058333333333333334
2 0.328125 0.4666666666666667 0.025 0.11354166666666667
2 0.284375 0.46875 0.04375 0.11666666666666667
0 0.19453125 0.465625 0.0515625 0.06458333333333334
0 0.07265625 0.44166666666666665 0.1421875 0.12083333333333333
0 0.0484375 0.49375 0.0875 0.10208333333333333
2 0.8734375 0.4864583333333333 0.021875 0.03958333333333333
0 0.5859375 0.46041666666666664 0.021875 0.027083333333333334
0 0.3515625 0.44895833333333335 0.021875 0.027083333333333334