0 0.1078125 0.55625 0.215625 0.27708333333333335
2 0.8421875 0.4822916666666667 0.046875 0.20729166666666668
2 0.8015625 0.48020833333333335 0.05625 0.1875
0 0.56484375 0.459375 0.0671875 0.058333333333333334
0 0.5046875 0.44479166666666664 0.05 0.06875
2 0.52734375 0.4708333333333333 0.0296875 0.09791666666666667
2 0.48671875 0.46770833333333334 0.0234375 0.115625
2 0.4671875 0.46979166666666666 0.034375 0.103125
2 0.4140625 0.4708333333333333 0.040625 0.11666666666666667
2 0.3296875 0.4479166666666667 0.025 0.071875
2 0.30703125 0.44583333333333336 0.0234375 0.07083333333333333
2 0.2421875 0.44583333333333336 0.028125 0.07395833333333333
2 0.6734375 0.43854166666666666 0.028125 0.06875
2 0.36328125 0.4375 0.0265625 0.05416666666666667
2 0.378125 0.46041666666666664 0.025 0.084375
0 0.63359375 0.46979166666666666 0.0328125 0.053125