0 0.32265625 0.4979166666666667 0.0859375 0.109375
0 0.428125 0.49375 0.0375 0.03958333333333333
0 0.23671875 0.534375 0.1671875 0.134375
0 0.40234375 0.4895833333333333 0.0265625 0.029166666666666667
2 0.93359375 0.5427083333333333 0.1109375 0.38333333333333336
2 0.859375 0.5395833333333333 0.0625 0.34791666666666665
2 0.80625 0.5489583333333333 0.1 0.36666666666666664
2 0.6546875 0.5083333333333333 0.03125 0.09583333333333334
2 0.62734375 0.49583333333333335 0.0296875 0.09375
2 0.56796875 0.496875 0.0296875 0.0875
2 0.5390625 0.4979166666666667 0.025 0.08541666666666667
2 0.5015625 0.47604166666666664 0.021875 0.040625
2 0.51484375 0.503125 0.0328125 0.09166666666666666
2 0.58828125 0.496875 0.0203125 0.06458333333333334