2 0.4390625 0.478125 0.0375 0.140625
2 0.2234375 0.46458333333333335 0.034375 0.08541666666666667
2 0.61171875 0.515625 0.0703125 0.25
0 0.0765625 0.49166666666666664 0.153125 0.13645833333333332
0 0.3984375 0.47291666666666665 0.05 0.06666666666666667
0 0.5203125 0.4822916666666667 0.1375 0.10520833333333333
0 0.54296875 0.5135416666666667 0.0703125 0.08229166666666667
0 0.6921875 0.4583333333333333 0.13125 0.071875
0 0.69765625 0.5135416666666667 0.1296875 0.13333333333333333
0 0.74765625 0.5229166666666667 0.1421875 0.16979166666666667
0 0.8890625 0.5177083333333333 0.215625 0.24583333333333332
0 0.95625 0.5552083333333333 0.08125 0.2635416666666667
2 0.2453125 0.45625 0.025 0.06458333333333334
0 0.3625 0.471875 0.05 0.05625
0 0.14765625 0.47708333333333336 0.0453125 0.06041666666666667