0 0.32890625 0.49166666666666664 0.1296875 0.1625
0 0.421875 0.46875 0.046875 0.03125
2 0.53359375 0.509375 0.0609375 0.23020833333333332
2 0.67734375 0.5072916666666667 0.0703125 0.12708333333333333
2 0.7203125 0.471875 0.065625 0.0875
2 0.79609375 0.5291666666666667 0.1109375 0.22291666666666668
2 0.825 0.4947916666666667 0.0375 0.11875
2 0.878125 0.5197916666666667 0.053125 0.16770833333333332
2 0.95234375 0.51875 0.0921875 0.16979166666666667
2 0.57578125 0.49270833333333336 0.0421875 0.06875
2 0.61015625 0.46875 0.0265625 0.042708333333333334
2 0.640625 0.48020833333333335 0.034375 0.078125
2 0.4546875 0.4708333333333333 0.025 0.07083333333333333
2 0.48828125 0.48125 0.0265625 0.05625