0 0.91484375 0.5395833333333333 0.1640625 0.17395833333333333
0 0.796875 0.515625 0.125 0.12083333333333333
0 0.56640625 0.478125 0.0484375 0.051041666666666666
0 0.3703125 0.48125 0.040625 0.0875
0 0.30703125 0.49166666666666664 0.1265625 0.11875
0 0.2609375 0.5447916666666667 0.1125 0.15208333333333332
0 0.13984375 0.5927083333333333 0.2734375 0.3145833333333333
0 0.02734375 0.7677083333333333 0.0484375 0.234375
2 0.478125 0.46875 0.025 0.046875
2 0.45234375 0.4708333333333333 0.0203125 0.046875
0 0.6765625 0.46979166666666666 0.03125 0.06458333333333334
0 0.64140625 0.484375 0.0828125 0.07395833333333333
0 0.603125 0.47604166666666664 0.034375 0.06875
0 0.38984375 0.4822916666666667 0.0296875 0.05416666666666667
0 0.40546875 0.48020833333333335 0.0234375 0.046875
2 0.4390625 0.4739583333333333 0.0125 0.04895833333333333
2 0.4265625 0.471875 0.0125 0.04479166666666667
2 0.5015625 0.4708333333333333 0.0125 0.035416666666666666
2 0.5109375 0.46770833333333334 0.009375 0.040625
0 0.53515625 0.475 0.0265625 0.035416666666666666