2 0.48125 0.5041666666666667 0.04375 0.13333333333333333
2 0.58671875 0.5177083333333333 0.0453125 0.13645833333333332
0 0.1671875 0.5708333333333333 0.190625 0.18541666666666667
0 0.2765625 0.5291666666666667 0.109375 0.12083333333333333
0 0.3125 0.50625 0.071875 0.08958333333333333
0 0.6703125 0.5177083333333333 0.0875 0.09791666666666667
0 0.74921875 0.5614583333333333 0.1578125 0.12708333333333333
0 0.88046875 0.6229166666666667 0.2359375 0.19166666666666668
0 0.84609375 0.47604166666666664 0.0515625 0.05625
0 0.89765625 0.478125 0.0796875 0.0625
0 0.5703125 0.4635416666666667 0.04375 0.040625
0 0.49921875 0.453125 0.0296875 0.035416666666666666
0 0.40546875 0.4552083333333333 0.0203125 0.03125
0 0.55234375 0.45625 0.0296875 0.040625
2 0.371875 0.45208333333333334 0.01875 0.053125
2 0.3578125 0.44895833333333335 0.01875 0.051041666666666666
2 0.34375 0.4427083333333333 0.01875 0.03333333333333333
0 0.353125 0.4875 0.04375 0.06875
0 0.046875 0.6645833333333333 0.09375 0.38333333333333336
0 0.978125 0.50625 0.040625 0.07083333333333333
2 0.41875 0.459375 0.021875 0.042708333333333334