0 0.89453125 0.596875 0.2046875 0.209375
0 0.765625 0.5489583333333333 0.121875 0.14479166666666668
0 0.725 0.5114583333333333 0.084375 0.10208333333333333
0 0.69140625 0.5 0.0546875 0.078125
0 0.32890625 0.5166666666666667 0.1046875 0.09166666666666666
0 0.23203125 0.5802083333333333 0.2078125 0.14791666666666667
0 0.10546875 0.6645833333333333 0.2078125 0.23229166666666667
2 0.41875 0.5229166666666667 0.04375 0.12291666666666666
2 0.54140625 0.5020833333333333 0.0359375 0.140625
2 0.6015625 0.4583333333333333 0.01875 0.053125
2 0.64765625 0.45 0.0203125 0.05625
2 0.6640625 0.4510416666666667 0.01875 0.051041666666666666
2 0.675 0.44583333333333336 0.01875 0.042708333333333334
0 0.4453125 0.4635416666666667 0.040625 0.040625
0 0.51328125 0.45 0.0265625 0.03333333333333333
0 0.075 0.4791666666666667 0.1 0.053125
0 0.14921875 0.475 0.0546875 0.051041666666666666