0 0.52734375 0.45729166666666665 0.0765625 0.06666666666666667
0 0.48359375 0.45625 0.0296875 0.053125
0 0.45546875 0.45416666666666666 0.0328125 0.04479166666666667
0 0.42265625 0.45208333333333334 0.0453125 0.040625
0 0.14375 0.46875 0.121875 0.11666666666666667
0 0.12265625 0.48854166666666665 0.0734375 0.09791666666666667
0 0.03046875 0.4895833333333333 0.0578125 0.13125
0 0.2734375 0.4635416666666667 0.065625 0.071875
2 0.32734375 0.48333333333333334 0.0453125 0.12291666666666666
2 0.36328125 0.46041666666666664 0.0265625 0.09583333333333334
2 0.3796875 0.4510416666666667 0.021875 0.08229166666666667
0 0.73828125 0.4479166666666667 0.0328125 0.0875
0 0.81875 0.44166666666666665 0.125 0.09791666666666667