0 0.2453125 0.49166666666666664 0.128125 0.11666666666666667
0 0.3171875 0.46041666666666664 0.04375 0.0375
0 0.525 0.4625 0.05 0.051041666666666666
0 0.44140625 0.453125 0.0234375 0.027083333333333334
0 0.39375 0.45625 0.025 0.029166666666666667
0 0.49375 0.46041666666666664 0.025 0.03333333333333333
0 0.478125 0.4583333333333333 0.025 0.025
2 0.821875 0.46875 0.03125 0.10208333333333333
2 0.79453125 0.471875 0.0234375 0.09583333333333334
2 0.11015625 0.47708333333333336 0.0234375 0.08541666666666667
2 0.0375 0.48020833333333335 0.03125 0.109375
2 0.05625 0.45 0.01875 0.06458333333333334
2 0.0703125 0.46875 0.021875 0.07395833333333333
2 0.0859375 0.46979166666666666 0.01875 0.06875