2 0.3140625 0.465625 0.01875 0.06875
0 0.3453125 0.46458333333333335 0.04375 0.06666666666666667
0 0.365625 0.45729166666666665 0.0375 0.058333333333333334
0 0.490625 0.45625 0.034375 0.0375
0 0.61796875 0.475 0.2296875 0.11666666666666667
0 0.70703125 0.46041666666666664 0.0734375 0.08541666666666667
2 0.9546875 0.47604166666666664 0.034375 0.15416666666666667
2 0.9828125 0.478125 0.025 0.13333333333333333
2 0.021875 0.4322916666666667 0.015625 0.115625
2 0.25234375 0.45208333333333334 0.0203125 0.06875
0 0.3953125 0.46041666666666664 0.025 0.042708333333333334
0 0.40625 0.45729166666666665 0.025 0.035416666666666666
2 0.2265625 0.44583333333333336 0.01875 0.04479166666666667
2 0.009375 0.4322916666666667 0.01875 0.12291666666666666