2 0.71796875 0.44479166666666664 0.0296875 0.11875
2 0.74453125 0.44583333333333336 0.0265625 0.12083333333333333
2 0.78671875 0.44583333333333336 0.0296875 0.11875
2 0.81171875 0.44583333333333336 0.0265625 0.125
2 0.84765625 0.4239583333333333 0.0265625 0.078125
2 0.875 0.4552083333333333 0.040625 0.140625
2 0.90703125 0.4427083333333333 0.0328125 0.11875
2 0.934375 0.4510416666666667 0.03125 0.140625
2 0.96875 0.4479166666666667 0.040625 0.13854166666666667
2 0.984375 0.43333333333333335 0.028125 0.109375
2 0.5171875 0.440625 0.01875 0.04479166666666667