0 0.8234375 0.44583333333333336 0.040625 0.027083333333333334
0 0.76015625 0.44895833333333335 0.0328125 0.03125
0 0.71953125 0.44583333333333336 0.0546875 0.03958333333333333
0 0.65390625 0.453125 0.0296875 0.03958333333333333
0 0.6015625 0.45416666666666666 0.078125 0.06041666666666667
2 0.40078125 0.42604166666666665 0.0234375 0.051041666666666666
0 0.371875 0.4375 0.034375 0.03125
0 0.3296875 0.43854166666666666 0.034375 0.029166666666666667
0 0.29296875 0.43854166666666666 0.0359375 0.029166666666666667
0 0.26171875 0.4395833333333333 0.0421875 0.03125
2 0.16953125 0.47708333333333336 0.0390625 0.18333333333333332
0 0.1140625 0.44166666666666665 0.0875 0.0625
0 0.0546875 0.453125 0.10625 0.07083333333333333
0 0.678125 0.45208333333333334 0.025 0.04479166666666667