2 0.97890625 0.43333333333333335 0.0234375 0.07395833333333333
2 0.63203125 0.4583333333333333 0.0265625 0.084375
2 0.60625 0.459375 0.025 0.0625
2 0.59296875 0.44895833333333335 0.0203125 0.051041666666666666
0 0.05390625 0.496875 0.1078125 0.13854166666666667
0 0.1890625 0.48333333333333334 0.09375 0.084375
0 0.2703125 0.47291666666666665 0.053125 0.058333333333333334
0 0.30546875 0.4708333333333333 0.0421875 0.042708333333333334
0 0.33125 0.4708333333333333 0.028125 0.035416666666666666
0 0.390625 0.46458333333333335 0.03125 0.035416666666666666
0 0.35859375 0.46458333333333335 0.0234375 0.022916666666666665