0 0.97109375 0.6260416666666667 0.0578125 0.21666666666666667
0 0.82578125 0.534375 0.1359375 0.13854166666666667
0 0.68671875 0.4875 0.0703125 0.07604166666666666
0 0.62578125 0.4635416666666667 0.0453125 0.04479166666666667
0 0.3734375 0.4666666666666667 0.053125 0.046875
0 0.20234375 0.49166666666666664 0.1078125 0.09583333333333334
0 0.14921875 0.678125 0.2921875 0.25833333333333336
2 0.6421875 0.484375 0.028125 0.078125
2 0.74140625 0.5197916666666667 0.0421875 0.12083333333333333
0 0.06328125 0.496875 0.1203125 0.084375
0 0.30625 0.4822916666666667 0.04375 0.058333333333333334
0 0.58046875 0.4510416666666667 0.0265625 0.03125
0 0.42109375 0.44583333333333336 0.0265625 0.022916666666666665