0 0.5671875 0.48125 0.071875 0.084375
2 0.5046875 0.5177083333333333 0.053125 0.15208333333333332
2 0.15859375 0.525 0.0515625 0.12916666666666668
2 0.2078125 0.4791666666666667 0.034375 0.06041666666666667
2 0.44375 0.48125 0.028125 0.071875
2 0.27421875 0.5145833333333333 0.0390625 0.103125
0 0.9109375 0.49375 0.0875 0.06666666666666667
0 0.8609375 0.48541666666666666 0.040625 0.04895833333333333
2 0.1828125 0.5010416666666667 0.025 0.071875
0 0.378125 0.48020833333333335 0.040625 0.051041666666666666
0 0.41640625 0.48854166666666665 0.0265625 0.035416666666666666
2 0.05 0.4708333333333333 0.021875 0.05416666666666667
2 0.0703125 0.4625 0.025 0.03958333333333333