2 0.93984375 0.49166666666666664 0.1140625 0.384375
2 0.659375 0.4864583333333333 0.04375 0.16458333333333333
0 0.6578125 0.47708333333333336 0.11875 0.10520833333333333
0 0.4546875 0.490625 0.121875 0.13645833333333332
2 0.09296875 0.465625 0.0296875 0.071875
2 0.03984375 0.45208333333333334 0.0234375 0.0375
2 0.0609375 0.4583333333333333 0.021875 0.03333333333333333
2 0.1890625 0.4510416666666667 0.01875 0.03125
2 0.2140625 0.453125 0.0125 0.03125
2 0.22265625 0.45208333333333334 0.0140625 0.029166666666666667
0 0.3859375 0.45625 0.0375 0.04479166666666667