2 0.815625 0.5375 0.078125 0.30416666666666664
2 0.68359375 0.44895833333333335 0.0296875 0.12916666666666668
2 0.7078125 0.453125 0.028125 0.109375
2 0.759375 0.440625 0.028125 0.115625
2 0.6234375 0.48020833333333335 0.034375 0.140625
2 0.584375 0.48020833333333335 0.0375 0.14791666666666667
2 0.465625 0.5135416666666667 0.03125 0.14479166666666668
2 0.49296875 0.5020833333333333 0.0515625 0.16770833333333332
0 0.3984375 0.471875 0.071875 0.06875
0 0.5375 0.45 0.0625 0.06458333333333334
0 0.3 0.4354166666666667 0.08125 0.051041666666666666
0 0.184375 0.4479166666666667 0.11875 0.053125
2 0.64140625 0.4583333333333333 0.0296875 0.115625
0 0.32578125 0.45208333333333334 0.0671875 0.0375