0 0.7875 0.5385416666666667 0.1625 0.15833333333333333
0 0.696875 0.5083333333333333 0.071875 0.09791666666666667
0 0.66171875 0.4895833333333333 0.0734375 0.09166666666666666
0 0.6109375 0.47291666666666665 0.05 0.058333333333333334
0 0.359375 0.49375 0.075 0.07083333333333333
0 0.28125 0.540625 0.134375 0.12083333333333333
0 0.05546875 0.80625 0.1078125 0.27708333333333335
0 0.46484375 0.4270833333333333 0.0234375 0.025
2 0.35859375 0.44895833333333335 0.0234375 0.027083333333333334
0 0.540625 0.44583333333333336 0.034375 0.03333333333333333
0 0.56640625 0.45729166666666665 0.0328125 0.051041666666666666
0 0.8515625 0.47708333333333336 0.084375 0.06041666666666667
0 0.3265625 0.44895833333333335 0.034375 0.046875
0 0.25625 0.4583333333333333 0.040625 0.04479166666666667